&FCI NORB=8,NELEC=0,MS2=0
ORBSYM=1,1,1,1,
ISYM=1,
/
      6.83189641009885106904e-01 	 1 1 1 1
      1.05723139344215070340e-02 	 1 1 2 1
      7.07456894057202356763e-02 	 1 1 2 2
      4.37685129593161290074e-02 	 1 1 3 1
     -1.26967940286212867262e-02 	 1 1 3 2
      4.49641755882750904227e-01 	 1 1 3 3
     -5.43978660615820550084e-03 	 1 1 4 1
     -4.11255555299080283183e-05 	 1 1 4 2
     -3.54963322654764032449e-02 	 1 1 4 3
      2.64757034749929787143e-01 	 1 1 4 4
      4.90312191157807886199e-02 	 1 1 5 1
     -3.63150370684832413115e-02 	 1 1 5 2
     -3.49570281993530698750e-02 	 1 1 5 3
     -1.58235048403110936666e-02 	 1 1 5 4
      5.26035809693674027976e-01 	 1 1 5 5
      1.25134493014768428953e-02 	 1 1 6 1
     -6.02987370426822689995e-03 	 1 1 6 2
     -3.94044451848997306920e-02 	 1 1 6 3
     -3.92757959891878311032e-02 	 1 1 6 4
     -1.83513150808863115260e-02 	 1 1 6 5
      1.36172938731995568640e-01 	 1 1 6 6
      3.71943065101565124159e-03 	 1 1 7 1
      2.13531721240133587347e-02 	 1 1 7 2
      1.41143393847602219987e-02 	 1 1 7 3
      1.39601852081122825705e-02 	 1 1 7 4
      3.68600544832684909324e-02 	 1 1 7 5
      1.24725196918663242679e-03 	 1 1 7 6
      1.80196017362368621217e-01 	 1 1 7 7
      8.38804387673076495835e-02 	 1 1 8 1
      7.32815743954994339160e-03 	 1 1 8 2
     -1.60793963481296389717e-02 	 1 1 8 3
      4.94354960091910201198e-03 	 1 1 8 4
     -1.63078854782632842735e-02 	 1 1 8 5
      1.07800062365537296927e-02 	 1 1 8 6
     -1.34458103863922622499e-03 	 1 1 8 7
      3.36393345623115402887e-01 	 1 1 8 8
      1.05723139344214810131e-02 	 2 1 1 1
      1.57996914417776572470e-03 	 2 1 2 1
     -1.81838225998916377599e-03 	 2 1 2 2
      1.35193424900232456697e-03 	 2 1 3 1
     -1.14848863235798262679e-03 	 2 1 3 2
      8.18356960427406472658e-03 	 2 1 3 3
      3.48838732383930814548e-04 	 2 1 4 1
     -2.23598804953905847556e-05 	 2 1 4 2
     -1.66775586205039237295e-03 	 2 1 4 3
      3.48162338817710080227e-03 	 2 1 4 4
      1.24104923214265333575e-03 	 2 1 5 1
     -2.48088683600145628455e-03 	 2 1 5 2
     -1.31628047145473416057e-03 	 2 1 5 3
     -7.65819269033688712796e-04 	 2 1 5 4
      8.83885563550308381298e-03 	 2 1 5 5
      7.28360316413429690480e-04 	 2 1 6 1
     -6.50317450648166652319e-04 	 2 1 6 2
     -2.18847988759751730520e-03 	 2 1 6 3
     -2.51998182629118794643e-03 	 2 1 6 4
     -1.01776839104775803507e-03 	 2 1 6 5
     -7.54620070413159144476e-04 	 2 1 6 6
     -5.88428546851713107392e-04 	 2 1 7 1
      2.03835323112014441677e-03 	 2 1 7 2
      8.88597851264030487786e-04 	 2 1 7 3
      5.92809819795491062776e-04 	 2 1 7 4
      1.98160522594432748217e-03 	 2 1 7 5
      3.96995412559880819434e-04 	 2 1 7 6
      2.64936633324112155025e-03 	 2 1 7 7
      1.81292035829201322872e-03 	 2 1 8 1
     -5.04269090260767507972e-04 	 2 1 8 2
     -3.98910404971922574226e-04 	 2 1 8 3
      1.94297432129817619715e-04 	 2 1 8 4
     -5.71789259794655362577e-04 	 2 1 8 5
      1.84588069288633087718e-04 	 2 1 8 6
      1.55686422107224973349e-04 	 2 1 8 7
      6.16445477109686494621e-03 	 2 1 8 8
      7.07456894057201524095e-02 	 2 2 1 1
     -1.81838225998925159636e-03 	 2 2 2 1
      4.26725612624841099674e-01 	 2 2 2 2
     -2.00822689954380517730e-02 	 2 2 3 1
      2.69869882006055572879e-03 	 2 2 3 2
      4.36926416098113445940e-02 	 2 2 3 3
      5.68069732416580982365e-03 	 2 2 4 1
     -2.40014837510219101319e-03 	 2 2 4 2
      2.03345022587236960721e-02 	 2 2 4 3
      1.27690273907824253241e-01 	 2 2 4 4
     -2.49650768070433515256e-02 	 2 2 5 1
      1.15460332725332986969e-02 	 2 2 5 2
      1.87018035067238776181e-02 	 2 2 5 3
      7.73102713377039462567e-03 	 2 2 5 4
     -9.58550599360738497801e-03 	 2 2 5 5
     -4.36116043107882649099e-03 	 2 2 6 1
     -6.19136333697673391790e-04 	 2 2 6 2
      2.59298021157659541736e-02 	 2 2 6 3
      3.13370655009390722268e-02 	 2 2 6 4
      1.35875679533566523505e-02 	 2 2 6 5
      2.17692157822804405187e-01 	 2 2 6 6
     -5.24877224914022891961e-03 	 2 2 7 1
     -2.59142452671006374293e-03 	 2 2 7 2
     -6.88518545250244463213e-03 	 2 2 7 3
     -5.87863836139996577546e-03 	 2 2 7 4
     -2.08238104939234246193e-02 	 2 2 7 5
     -3.86020535906575305851e-03 	 2 2 7 6
      2.64026626295895405772e-01 	 2 2 7 7
     -4.13585548833391297707e-02 	 2 2 8 1
      7.86486493127641021067e-04 	 2 2 8 2
      8.54929966362211711528e-03 	 2 2 8 3
     -1.12643681322691039531e-02 	 2 2 8 4
      8.02788673113065051612e-03 	 2 2 8 5
     -1.00212085667642676612e-02 	 2 2 8 6
      8.16782803877795504643e-03 	 2 2 8 7
      1.60190549782536689749e-01 	 2 2 8 8
      4.37685129593160943129e-02 	 3 1 1 1
      1.35193424900232651853e-03 	 3 1 2 1
     -2.00822689954380587118e-02 	 3 1 2 2
      1.07437803318762604976e-02 	 3 1 3 1
     -2.90199973369206342538e-03 	 3 1 3 2
      5.84874641548938783986e-02 	 3 1 3 3
     -7.82603791239509880701e-04 	 3 1 4 1
     -4.67878135988067508574e-04 	 3 1 4 2
     -6.77126844966010298099e-03 	 3 1 4 3
      7.90642748521622369673e-03 	 3 1 4 4
      4.89167166111167169701e-03 	 3 1 5 1
     -5.69177646448581521510e-03 	 3 1 5 2
     -5.69273498300566262176e-03 	 3 1 5 3
     -2.14786764558960252894e-03 	 3 1 5 4
      4.01525569405910276455e-02 	 3 1 5 5
      1.33168668092439705652e-03 	 3 1 6 1
     -1.62643917462494506931e-03 	 3 1 6 2
     -7.62228281940451231347e-03 	 3 1 6 3
     -6.62949582550899363387e-03 	 3 1 6 4
     -2.86861646764682625896e-03 	 3 1 6 5
     -1.21149252309931364235e-02 	 3 1 6 6
      9.40065751638911395807e-04 	 3 1 7 1
      4.69811650753236727251e-03 	 3 1 7 2
      2.47528318362188505530e-03 	 3 1 7 3
      1.96119838469606920517e-03 	 3 1 7 4
      5.42035341926886717057e-03 	 3 1 7 5
      6.92955571293648979470e-04 	 3 1 7 6
     -1.65242006616010597003e-04 	 3 1 7 7
      1.03252636290131084157e-02 	 3 1 8 1
      1.46811852275540409563e-03 	 3 1 8 2
     -2.35131351267859473042e-03 	 3 1 8 3
      1.86462588877685719532e-03 	 3 1 8 4
     -2.49408170189787661494e-03 	 3 1 8 5
      1.50823628485544309133e-03 	 3 1 8 6
     -7.88454797837804025572e-04 	 3 1 8 7
      1.18356557718664063411e-02 	 3 1 8 8
     -1.26967940286212832568e-02 	 3 2 1 1
     -1.14848863235799108357e-03 	 3 2 2 1
      2.69869882006055225934e-03 	 3 2 2 2
     -2.90199973369206299170e-03 	 3 2 3 1
      2.35952517462967130413e-03 	 3 2 3 2
     -2.52008481472490684927e-02 	 3 2 3 3
     -1.76670414437991900791e-04 	 3 2 4 1
      9.22875431644049797411e-04 	 3 2 4 2
      3.39891176357913146755e-03 	 3 2 4 3
     -2.95280426544357018151e-03 	 3 2 4 4
     -2.34694558566696156315e-03 	 3 2 5 1
      3.97670930292071816980e-03 	 3 2 5 2
      2.56779481924558367761e-03 	 3 2 5 3
      1.26684765738102589859e-03 	 3 2 5 4
     -1.46712551446041197106e-02 	 3 2 5 5
     -9.23745135064990780319e-04 	 3 2 6 1
      2.07025913737848583224e-03 	 3 2 6 2
      4.04224971627901302762e-03 	 3 2 6 3
      3.65595530314944154246e-03 	 3 2 6 4
      1.69204606342591773113e-03 	 3 2 6 5
      6.27397749034511696686e-03 	 3 2 6 6
      3.42224588433468423186e-04 	 3 2 7 1
     -3.80963734614195997930e-03 	 3 2 7 2
     -1.35885847298162359964e-03 	 3 2 7 3
     -1.10101447640741003514e-03 	 3 2 7 4
     -2.96186354757142430993e-03 	 3 2 7 5
     -7.82932500995737806412e-04 	 3 2 7 6
     -2.82923695768445143672e-03 	 3 2 7 7
     -3.63784193953307563585e-03 	 3 2 8 1
     -7.76274105088554586263e-04 	 3 2 8 2
      9.84274650102040819452e-04 	 3 2 8 3
     -6.08804738505139102223e-04 	 3 2 8 4
      8.93695833119488016946e-04 	 3 2 8 5
     -6.21047612939351189459e-04 	 3 2 8 6
      4.30256474364502439819e-04 	 3 2 8 7
     -5.83840409679087322253e-03 	 3 2 8 8
      4.49641755882750959739e-01 	 3 3 1 1
      8.18356960427406819603e-03 	 3 3 2 1
      4.36926416098113445940e-02 	 3 3 2 2
      5.84874641548938922764e-02 	 3 3 3 1
     -2.52008481472490719622e-02 	 3 3 3 2
      8.04574428151227594164e-01 	 3 3 3 3
     -3.65561307318031884078e-03 	 3 3 4 1
      2.31903734318123335226e-04 	 3 3 4 2
     -5.34382089473481314279e-02 	 3 3 4 3
      2.20816801002218066063e-01 	 3 3 4 4
      3.42731345855079513885e-02 	 3 3 5 1
     -3.21298829188432430448e-02 	 3 3 5 2
     -4.10100350649333852959e-02 	 3 3 5 3
     -1.27233377563579653363e-02 	 3 3 5 4
      4.33293522336765990488e-01 	 3 3 5 5
      7.99627153816410973786e-03 	 3 3 6 1
     -5.98720203389433054675e-03 	 3 3 6 2
     -5.87026805503861881519e-02 	 3 3 6 3
     -3.49724428209259169398e-02 	 3 3 6 4
     -1.59373122304669566363e-02 	 3 3 6 5
      1.03820712983275331709e-01 	 3 3 6 6
      2.90122061243430371877e-03 	 3 3 7 1
      2.30415999196546816830e-02 	 3 3 7 2
      1.69294887937207969020e-02 	 3 3 7 3
      1.28875225010286146438e-02 	 3 3 7 4
      3.30344218793975005766e-02 	 3 3 7 5
      2.30000955704112329189e-03 	 3 3 7 6
      1.64395290330733745421e-01 	 3 3 7 7
      6.22968489463248467630e-02 	 3 3 8 1
      7.49442692465743069696e-03 	 3 3 8 2
     -1.77582520915383276772e-02 	 3 3 8 3
      7.80246711444086346599e-03 	 3 3 8 4
     -1.49606835969065925240e-02 	 3 3 8 5
      9.53948041792397789795e-03 	 3 3 8 6
     -7.96674159814327281608e-04 	 3 3 8 7
      2.61177707713578510784e-01 	 3 3 8 8
     -5.43978660615818641888e-03 	 4 1 1 1
      3.48838732383927345101e-04 	 4 1 2 1
      5.68069732416579334378e-03 	 4 1 2 2
     -7.82603791239510422802e-04 	 4 1 3 1
     -1.76670414437991548425e-04 	 4 1 3 2
     -3.65561307318031363661e-03 	 4 1 3 3
      1.72020428597889152647e-03 	 4 1 4 1
     -1.28644437879012505732e-04 	 4 1 4 2
     -5.48795869781920566018e-04 	 4 1 4 3
      5.61402815512283479005e-03 	 4 1 4 4
     -1.20351870293861312571e-03 	 4 1 5 1
     -4.18461246511035288992e-04 	 4 1 5 2
      2.71659951598072959417e-04 	 4 1 5 3
     -3.25466262597517844764e-04 	 4 1 5 4
     -4.81067003851472566045e-03 	 4 1 5 5
      5.22363442510379439969e-04 	 4 1 6 1
     -9.90719490757306577196e-05 	 4 1 6 2
     -6.55934445492974702377e-04 	 4 1 6 3
     -8.81085146674523097578e-04 	 4 1 6 4
     -2.30060622968022900764e-04 	 4 1 6 5
      6.20402303262659361727e-03 	 4 1 6 6
     -1.11022112400238842991e-03 	 4 1 7 1
      1.03549012468884954474e-03 	 4 1 7 2
      2.33825536669887191783e-04 	 4 1 7 3
      3.66969924258778279588e-05 	 4 1 7 4
      1.71396884672315883086e-04 	 4 1 7 5
     -2.03459950143126860390e-05 	 4 1 7 6
      4.25828243272639937050e-03 	 4 1 7 7
     -2.18550909906453172740e-03 	 4 1 8 1
     -2.44986420119254152440e-04 	 4 1 8 2
      2.35294546250254814519e-04 	 4 1 8 3
     -1.06912962495946594829e-03 	 4 1 8 4
      3.16917693548366742086e-04 	 4 1 8 5
     -4.91762616849780102683e-04 	 4 1 8 6
      8.53510687988730579710e-04 	 4 1 8 7
      6.50528037334782358037e-03 	 4 1 8 8
     -4.11255555299045588713e-05 	 4 2 1 1
     -2.23598804954150673959e-05 	 4 2 2 1
     -2.40014837510223741704e-03 	 4 2 2 2
     -4.67878135988061328622e-04 	 4 2 3 1
      9.22875431644059446810e-04 	 4 2 3 2
      2.31903734318120949981e-04 	 4 2 3 3
     -1.28644437879011882316e-04 	 4 2 4 1
      1.47210825473540092567e-03 	 4 2 4 2
      9.46196563492376950880e-04 	 4 2 4 3
     -4.87187836178589253611e-03 	 4 2 4 4
     -5.66708277746450156745e-04 	 4 2 5 1
      1.21980983337181261503e-03 	 4 2 5 2
      5.99824910228750115410e-04 	 4 2 5 3
      5.65918165193248076314e-04 	 4 2 5 4
     -1.79117561585871048514e-03 	 4 2 5 5
     -3.73391012426719311364e-04 	 4 2 6 1
      1.74763656375841267693e-03 	 4 2 6 2
      8.53962414140734503432e-04 	 4 2 6 3
      8.10884557912374282634e-04 	 4 2 6 4
      7.68536190320563130859e-04 	 4 2 6 5
      2.48643955771209743469e-03 	 4 2 6 6
      1.60718033393858467485e-06 	 4 2 7 1
     -1.36736509524074362036e-03 	 4 2 7 2
     -4.29758533601807895478e-04 	 4 2 7 3
     -6.64292671753410738679e-04 	 4 2 7 4
     -5.51726957828049726501e-04 	 4 2 7 5
     -6.12277242069410245102e-04 	 4 2 7 6
     -2.42176463842980551917e-04 	 4 2 7 7
     -9.11223904273267444609e-04 	 4 2 8 1
     -6.60780093933302351862e-04 	 4 2 8 2
      2.32731411676405657192e-04 	 4 2 8 3
     -3.56330959362216863773e-04 	 4 2 8 4
      1.53922798065215821889e-04 	 4 2 8 5
     -2.51776233427722622837e-04 	 4 2 8 6
      6.04572931196575521530e-04 	 4 2 8 7
      4.35768822808131747401e-04 	 4 2 8 8
     -3.54963322654764101838e-02 	 4 3 1 1
     -1.66775586205039887816e-03 	 4 3 2 1
      2.03345022587236960721e-02 	 4 3 2 2
     -6.77126844966010124627e-03 	 4 3 3 1
      3.39891176357913406963e-03 	 4 3 3 2
     -5.34382089473481175501e-02 	 4 3 3 3
     -5.48795869781920349177e-04 	 4 3 4 1
      9.46196563492380745587e-04 	 4 3 4 2
      8.65924677476615639593e-03 	 4 3 4 3
     -2.37400622244083661649e-02 	 4 3 4 4
     -6.11705404359811841242e-03 	 4 3 5 1
      7.36292165935253060949e-03 	 4 3 5 2
      5.82715620543592174863e-03 	 4 3 5 3
      2.87878142641895002490e-03 	 4 3 5 4
     -4.46703520365381509527e-02 	 4 3 5 5
     -2.26356852473873215725e-03 	 4 3 6 1
      2.27122200366740040894e-03 	 4 3 6 2
      9.65102351967909652397e-03 	 4 3 6 3
      9.78044970048567476051e-03 	 4 3 6 4
      3.84390356845929100083e-03 	 4 3 6 5
      8.82868815428743645979e-03 	 4 3 6 6
      4.69312754871568243737e-04 	 4 3 7 1
     -6.32436707948859627021e-03 	 4 3 7 2
     -2.66952729840365604944e-03 	 4 3 7 3
     -2.41108221078913283197e-03 	 4 3 7 4
     -6.76737407655639451598e-03 	 4 3 7 5
     -7.39112891089230934424e-04 	 4 3 7 6
     -3.88897617216437492191e-04 	 4 3 7 7
     -9.56608495208934733744e-03 	 4 3 8 1
     -1.35033512800030201448e-03 	 4 3 8 2
      2.55607241517223681207e-03 	 4 3 8 3
     -1.38775562025532719912e-03 	 4 3 8 4
      2.33887964711771778950e-03 	 4 3 8 5
     -2.04335466320698135034e-03 	 4 3 8 6
      7.79910657012180641261e-04 	 4 3 8 7
     -1.89302157987596142430e-02 	 4 3 8 8
      2.64757034749929620610e-01 	 4 4 1 1
      3.48162338817713506306e-03 	 4 4 2 1
      1.27690273907824336508e-01 	 4 4 2 2
      7.90642748521619073698e-03 	 4 4 3 1
     -2.95280426544358102353e-03 	 4 4 3 2
      2.20816801002217955041e-01 	 4 4 3 3
      5.61402815512282091226e-03 	 4 4 4 1
     -4.87187836178589860764e-03 	 4 4 4 2
     -2.37400622244083453483e-02 	 4 4 4 3
      4.56437413461694696526e-01 	 4 4 4 4
      1.53775430218128783544e-02 	 4 4 5 1
     -1.41844815505960033380e-02 	 4 4 5 2
     -1.05661033074374854923e-02 	 4 4 5 3
     -7.21370354408506272298e-03 	 4 4 5 4
      2.95563792672053404775e-01 	 4 4 5 5
      6.92654535749159805391e-03 	 4 4 6 1
     -6.82722843922893736501e-03 	 4 4 6 2
     -2.11384831383025773022e-02 	 4 4 6 3
     -3.54968868120847380609e-02 	 4 4 6 4
     -1.11340514498451201991e-02 	 4 4 6 5
      2.50842390638010503956e-01 	 4 4 6 6
     -5.14579826174426172014e-03 	 4 4 7 1
      6.29892545291103628929e-03 	 4 4 7 2
      5.34744520141234962185e-03 	 4 4 7 3
      1.29358754418109189038e-02 	 4 4 7 4
      1.56129713414127346827e-02 	 4 4 7 5
      1.74439574317580663176e-03 	 4 4 7 6
      1.75283212480971478664e-01 	 4 4 7 7
      2.27356078617989322554e-02 	 4 4 8 1
      1.07889644477402943390e-03 	 4 4 8 2
     -7.85876464921726400337e-03 	 4 4 8 3
     -2.16795072253485494873e-03 	 4 4 8 4
     -6.77291330002961419754e-03 	 4 4 8 5
      1.07894942277204104047e-02 	 4 4 8 6
     -5.22009552061295585730e-04 	 4 4 8 7
      2.98448795779596265376e-01 	 4 4 8 8
      4.90312191157808441311e-02 	 5 1 1 1
      1.24104923214266049149e-03 	 5 1 2 1
     -2.49650768070433445867e-02 	 5 1 2 2
      4.89167166111167082965e-03 	 5 1 3 1
     -2.34694558566696329788e-03 	 5 1 3 2
      3.42731345855079513885e-02 	 5 1 3 3
     -1.20351870293861204150e-03 	 5 1 4 1
     -5.66708277746448205181e-04 	 5 1 4 2
     -6.11705404359811060616e-03 	 5 1 4 3
      1.53775430218128211085e-02 	 5 1 4 4
      1.25161195997123466522e-02 	 5 1 5 1
     -8.12040552304129498173e-03 	 5 1 5 2
     -6.45197115583049339571e-03 	 5 1 5 3
     -3.12689895740622062631e-03 	 5 1 5 4
      7.83284078757394974790e-02 	 5 1 5 5
      1.91443715474584174457e-03 	 5 1 6 1
     -1.85568286525663282693e-03 	 5 1 6 2
     -7.22837062272393970908e-03 	 5 1 6 3
     -8.62878140788435853137e-03 	 5 1 6 4
     -4.28218436360453588024e-03 	 5 1 6 5
     -1.09020686810781183840e-02 	 5 1 6 6
      4.63854185938155640870e-04 	 5 1 7 1
      4.52634176468069172883e-03 	 5 1 7 2
      2.22253122706653509152e-03 	 5 1 7 3
      2.28548275758953941747e-03 	 5 1 7 4
      7.92620936401180684050e-03 	 5 1 7 5
      7.46377682614521114311e-04 	 5 1 7 6
     -5.01886405010488687028e-03 	 5 1 7 7
      1.17045947978688565094e-02 	 5 1 8 1
      1.12405404662117413411e-03 	 5 1 8 2
     -2.81352291135365068994e-03 	 5 1 8 3
      1.51604478252437713942e-03 	 5 1 8 4
     -2.74767604109980726271e-03 	 5 1 8 5
      2.24859594988343833299e-03 	 5 1 8 6
     -1.38258445793206798634e-03 	 5 1 8 7
      1.43802599385846625185e-02 	 5 1 8 8
     -3.63150370684831996781e-02 	 5 2 1 1
     -2.48088683600146278976e-03 	 5 2 2 1
      1.15460332725333039011e-02 	 5 2 2 2
     -5.69177646448582215399e-03 	 5 2 3 1
      3.97670930292071123091e-03 	 5 2 3 2
     -3.21298829188432361059e-02 	 5 2 3 3
     -4.18461246511034638471e-04 	 5 2 4 1
      1.21980983337180914558e-03 	 5 2 4 2
      7.36292165935253321157e-03 	 5 2 4 3
     -1.41844815505960172158e-02 	 5 2 4 4
     -8.12040552304130018590e-03 	 5 2 5 1
      1.17171201917508523149e-02 	 5 2 5 2
      6.37458733798928513237e-03 	 5 2 5 3
      3.34599484230115908068e-03 	 5 2 5 4
     -6.93846319366915736948e-02 	 5 2 5 5
     -2.42761887282465487620e-03 	 5 2 6 1
      3.71571189493533071690e-03 	 5 2 6 2
      8.99325968542643607029e-03 	 5 2 6 3
      1.07444047618994280302e-02 	 5 2 6 4
      4.88127355870824654327e-03 	 5 2 6 5
      1.21999525415942017964e-02 	 5 2 6 6
      9.75214223594241935017e-04 	 5 2 7 1
     -9.60648418919731947319e-03 	 5 2 7 2
     -2.86018723773216482914e-03 	 5 2 7 3
     -2.29759658797751504036e-03 	 5 2 7 4
     -9.37375007223355607988e-03 	 5 2 7 5
     -1.03482261603122767737e-03 	 5 2 7 6
     -4.02496068862902636742e-03 	 5 2 7 7
     -1.01049508184455402032e-02 	 5 2 8 1
     -1.97869149086824566014e-03 	 5 2 8 2
      2.41268073798346204678e-03 	 5 2 8 3
     -1.33868076722479245610e-03 	 5 2 8 4
      2.64856248408384996676e-03 	 5 2 8 5
     -1.94895834959398070105e-03 	 5 2 8 6
      1.09838506632912026421e-03 	 5 2 8 7
     -1.79286518607836287131e-02 	 5 2 8 8
     -3.49570281993530698750e-02 	 5 3 1 1
     -1.31628047145473893106e-03 	 5 3 2 1
      1.87018035067238741487e-02 	 5 3 2 2
     -5.69273498300566001967e-03 	 5 3 3 1
      2.56779481924558541234e-03 	 5 3 3 2
     -4.10100350649334061126e-02 	 5 3 3 3
      2.71659951598073555728e-04 	 5 3 4 1
      5.99824910228749139628e-04 	 5 3 4 2
      5.82715620543591827918e-03 	 5 3 4 3
     -1.05661033074374785534e-02 	 5 3 4 4
     -6.45197115583049859988e-03 	 5 3 5 1
      6.37458733798928253028e-03 	 5 3 5 2
      5.27500984669426395413e-03 	 5 3 5 3
      2.42747565182293905880e-03 	 5 3 5 4
     -5.20366099948053675850e-02 	 5 3 5 5
     -1.59687281219534054494e-03 	 5 3 6 1
      1.72555654183815447393e-03 	 5 3 6 2
      6.81928752333160834859e-03 	 5 3 6 3
      7.00202472675269874114e-03 	 5 3 6 4
      3.38267644125467108196e-03 	 5 3 6 5
      9.25325878975650009672e-03 	 5 3 6 6
     -2.13085642902544904718e-05 	 5 3 7 1
     -4.41561708000708010718e-03 	 5 3 7 2
     -2.18002746298422448931e-03 	 5 3 7 3
     -1.95903231944631042380e-03 	 5 3 7 4
     -6.02324195400520071703e-03 	 5 3 7 5
     -7.71883413622092748839e-04 	 5 3 7 6
      1.64262235901646027302e-03 	 5 3 7 7
     -8.93505035969156813369e-03 	 5 3 8 1
     -1.03445586260094259459e-03 	 5 3 8 2
      2.11916676706607170350e-03 	 5 3 8 3
     -1.26229195252881972941e-03 	 5 3 8 4
      2.15233689666964427001e-03 	 5 3 8 5
     -1.53298251453785720766e-03 	 5 3 8 6
      7.43640845995731966482e-04 	 5 3 8 7
     -1.28557358268774797605e-02 	 5 3 8 8
     -1.58235048403110832582e-02 	 5 4 1 1
     -7.65819269033697061153e-04 	 5 4 2 1
      7.73102713377038421733e-03 	 5 4 2 2
     -2.14786764558959992685e-03 	 5 4 3 1
      1.26684765738103023540e-03 	 5 4 3 2
     -1.27233377563579705405e-02 	 5 4 3 3
     -3.25466262597521151581e-04 	 5 4 4 1
      5.65918165193246992112e-04 	 5 4 4 2
      2.87878142641894915754e-03 	 5 4 4 3
     -7.21370354408506705979e-03 	 5 4 4 4
     -3.12689895740622192735e-03 	 5 4 5 1
      3.34599484230116124908e-03 	 5 4 5 2
      2.42747565182293862512e-03 	 5 4 5 3
      1.55533247947127256303e-03 	 5 4 5 4
     -2.44753467439471975031e-02 	 5 4 5 5
     -1.09977750490621245874e-03 	 5 4 6 1
      1.12463591484247469286e-03 	 5 4 6 2
      3.40324212757604598056e-03 	 5 4 6 3
      3.95502058184496203125e-03 	 5 4 6 4
      1.88822717377906917728e-03 	 5 4 6 5
      2.97069298126333061066e-03 	 5 4 6 6
      3.62852125013320917900e-04 	 5 4 7 1
     -2.43591182395184709455e-03 	 5 4 7 2
     -1.18603887982824079787e-03 	 5 4 7 3
     -1.12777880612179373654e-03 	 5 4 7 4
     -3.06575409475309638985e-03 	 5 4 7 5
     -5.35640349491919224960e-04 	 5 4 7 6
      5.73698197035572409613e-05 	 5 4 7 7
     -3.82345776832782036081e-03 	 5 4 8 1
     -4.42390002394940011314e-04 	 5 4 8 2
      9.67511403975377889432e-04 	 5 4 8 3
     -3.71754876591426906308e-04 	 5 4 8 4
      9.27543618706488785276e-04 	 5 4 8 5
     -6.53351882162286510744e-04 	 5 4 8 6
      2.23814408247022689907e-04 	 5 4 8 7
     -8.30063949642390053185e-03 	 5 4 8 8
      5.26035809693674138998e-01 	 5 5 1 1
      8.83885563550307340464e-03 	 5 5 2 1
     -9.58550599360723232234e-03 	 5 5 2 2
      4.01525569405910137677e-02 	 5 5 3 1
     -1.46712551446041197106e-02 	 5 5 3 2
      4.33293522336766101510e-01 	 5 5 3 3
     -4.81067003851470310904e-03 	 5 5 4 1
     -1.79117561585872457977e-03 	 5 5 4 2
     -4.46703520365381648305e-02 	 5 5 4 3
      2.95563792672053460286e-01 	 5 5 4 4
      7.83284078757394142123e-02 	 5 5 5 1
     -6.93846319366915875726e-02 	 5 5 5 2
     -5.20366099948053606461e-02 	 5 5 5 3
     -2.44753467439471558698e-02 	 5 5 5 4
      1.00723220856316864058e+00 	 5 5 5 5
      1.41974954362343395303e-02 	 5 5 6 1
     -9.31750999976643790035e-03 	 5 5 6 2
     -5.10084021630944975390e-02 	 5 5 6 3
     -6.01003228937002920151e-02 	 5 5 6 4
     -3.89328746205573200667e-02 	 5 5 6 5
      1.03853982583418574803e-01 	 5 5 6 6
      9.36315732644576580873e-04 	 5 5 7 1
      2.44701522233544514762e-02 	 5 5 7 2
      1.57252058248311711586e-02 	 5 5 7 3
      1.75869686448718032246e-02 	 5 5 7 4
      6.86823654781659603819e-02 	 5 5 7 5
      2.48492354408760222212e-03 	 5 5 7 6
      1.27645363071726664073e-01 	 5 5 7 7
      8.23142630826310672809e-02 	 5 5 8 1
      7.82684140647232212684e-03 	 5 5 8 2
     -1.98535036604993546383e-02 	 5 5 8 3
      7.36323657908384554549e-03 	 5 5 8 4
     -2.32564696647255125805e-02 	 5 5 8 5
      1.49564287068448212997e-02 	 5 5 8 6
     -4.80060765652327511854e-03 	 5 5 8 7
      2.98132030919002977143e-01 	 5 5 8 8
      1.25134493014768463648e-02 	 6 1 1 1
      7.28360316413444435629e-04 	 6 1 2 1
     -4.36116043107878485763e-03 	 6 1 2 2
      1.33168668092438925027e-03 	 6 1 3 1
     -9.23745135064982757223e-04 	 6 1 3 2
      7.99627153816410626841e-03 	 6 1 3 3
      5.22363442510368164266e-04 	 6 1 4 1
     -3.73391012426709445124e-04 	 6 1 4 2
     -2.26356852473872304995e-03 	 6 1 4 3
      6.92654535749151478718e-03 	 6 1 4 4
      1.91443715474583263728e-03 	 6 1 5 1
     -2.42761887282464490154e-03 	 6 1 5 2
     -1.59687281219533252184e-03 	 6 1 5 3
     -1.09977750490620638721e-03 	 6 1 5 4
      1.41974954362343360609e-02 	 6 1 5 5
      1.75515228319075757696e-03 	 6 1 6 1
     -7.34219139650230329455e-04 	 6 1 6 2
     -2.99397824732595008862e-03 	 6 1 6 3
     -3.17866451820492243105e-03 	 6 1 6 4
     -1.55953927770312197713e-03 	 6 1 6 5
      4.38034291412122854179e-04 	 6 1 6 6
     -4.38791729946027403691e-04 	 6 1 7 1
      2.05494037126541890734e-03 	 6 1 7 2
      8.22960051787013772452e-04 	 6 1 7 3
      7.11561722199587336907e-04 	 6 1 7 4
      2.07156222230310028964e-03 	 6 1 7 5
      9.94355940634466411478e-05 	 6 1 7 6
      1.77063832694977947579e-04 	 6 1 7 7
      2.31790041584034427202e-03 	 6 1 8 1
      1.03064373835516092542e-04 	 6 1 8 2
     -6.93264984723479700535e-04 	 6 1 8 3
      4.91133531198670487961e-05 	 6 1 8 4
     -5.40870696983020279522e-04 	 6 1 8 5
     -2.78860957359158335468e-04 	 6 1 8 6
     -7.66641406510047284002e-05 	 6 1 8 7
      7.11005626531811818491e-03 	 6 1 8 8
     -6.02987370426824858399e-03 	 6 2 1 1
     -6.50317450648169362824e-04 	 6 2 2 1
     -6.19136333697693341110e-04 	 6 2 2 2
     -1.62643917462494723772e-03 	 6 2 3 1
      2.07025913737848930168e-03 	 6 2 3 2
     -5.98720203389433922037e-03 	 6 2 3 3
     -9.90719490757337205907e-05 	 6 2 4 1
      1.74763656375842395263e-03 	 6 2 4 2
      2.27122200366740301103e-03 	 6 2 4 3
     -6.82722843922896512059e-03 	 6 2 4 4
     -1.85568286525664150055e-03 	 6 2 5 1
      3.71571189493533678844e-03 	 6 2 5 2
      1.72555654183815685918e-03 	 6 2 5 3
      1.12463591484247490970e-03 	 6 2 5 4
     -9.31750999976642228784e-03 	 6 2 5 5
     -7.34219139650257109249e-04 	 6 2 6 1
      5.03648227503112125292e-03 	 6 2 6 2
      3.84774742099939191797e-03 	 6 2 6 3
      4.57881938963462711140e-03 	 6 2 6 4
      2.31402270141612157947e-03 	 6 2 6 5
     -3.47289474319630031562e-03 	 6 2 6 6
      1.73305759238643209558e-04 	 6 2 7 1
     -3.79934259293175213140e-03 	 6 2 7 2
     -1.04954216939545283936e-03 	 6 2 7 3
     -1.20428208000512805206e-03 	 6 2 7 4
     -2.32924610314958618895e-03 	 6 2 7 5
     -1.79474638064405561319e-03 	 6 2 7 6
     -3.14308593955494285088e-03 	 6 2 7 7
     -3.35843412071349864401e-03 	 6 2 8 1
     -1.58968031849590586344e-03 	 6 2 8 2
      7.09964787285191677516e-04 	 6 2 8 3
     -9.56657969033573299042e-04 	 6 2 8 4
      7.20553006182185267967e-04 	 6 2 8 5
     -1.73905442436678332740e-03 	 6 2 8 6
      8.01646385253411029523e-04 	 6 2 8 7
     -4.47857357157485126697e-03 	 6 2 8 8
     -3.94044451848997237531e-02 	 6 3 1 1
     -2.18847988759752641250e-03 	 6 3 2 1
      2.59298021157659264180e-02 	 6 3 2 2
     -7.62228281940451231347e-03 	 6 3 3 1
      4.04224971627901129290e-03 	 6 3 3 2
     -5.87026805503862575408e-02 	 6 3 3 3
     -6.55934445492976003420e-04 	 6 3 4 1
      8.53962414140729949782e-04 	 6 3 4 2
      9.65102351967909305452e-03 	 6 3 4 3
     -2.11384831383025356688e-02 	 6 3 4 4
     -7.22837062272393537227e-03 	 6 3 5 1
      8.99325968542643433556e-03 	 6 3 5 2
      6.81928752333160401178e-03 	 6 3 5 3
      3.40324212757604337848e-03 	 6 3 5 4
     -5.10084021630945252945e-02 	 6 3 5 5
     -2.99397824732594748653e-03 	 6 3 6 1
      3.84774742099937543810e-03 	 6 3 6 2
      1.28993356904345286146e-02 	 6 3 6 3
      1.35963488666887531708e-02 	 6 3 6 4
      5.31570633981419404801e-03 	 6 3 6 5
     -2.14826829717643975892e-05 	 6 3 6 6
      7.69526167957462802274e-04 	 6 3 7 1
     -7.81370212826408908069e-03 	 6 3 7 2
     -3.22532373039703711484e-03 	 6 3 7 3
     -2.48742240226383290458e-03 	 6 3 7 4
     -8.16773746900627088674e-03 	 6 3 7 5
     -1.48539183156988757045e-03 	 6 3 7 6
      1.40228891332236024758e-03 	 6 3 7 7
     -1.09134227951001149676e-02 	 6 3 8 1
     -1.39985559776758822920e-03 	 6 3 8 2
      2.81487258565914482550e-03 	 6 3 8 3
     -1.86282169987672056172e-03 	 6 3 8 4
      2.66726291509419843884e-03 	 6 3 8 5
     -2.75738349893135800336e-03 	 6 3 8 6
      7.17334629983962159677e-04 	 6 3 8 7
     -1.94180799836389250679e-02 	 6 3 8 8
     -3.92757959891878935532e-02 	 6 4 1 1
     -2.51998182629119618636e-03 	 6 4 2 1
      3.13370655009390652879e-02 	 6 4 2 2
     -6.62949582550896761302e-03 	 6 4 3 1
      3.65595530314943677197e-03 	 6 4 3 2
     -3.49724428209259655120e-02 	 6 4 3 3
     -8.81085146674547383706e-04 	 6 4 4 1
      8.10884557912385341497e-04 	 6 4 4 2
      9.78044970048568343413e-03 	 6 4 4 3
     -3.54968868120845992831e-02 	 6 4 4 4
     -8.62878140788435853137e-03 	 6 4 5 1
      1.07444047618994141524e-02 	 6 4 5 2
      7.00202472675269527169e-03 	 6 4 5 3
      3.95502058184496636806e-03 	 6 4 5 4
     -6.01003228937003475263e-02 	 6 4 5 5
     -3.17866451820488817026e-03 	 6 4 6 1
      4.57881938963463838710e-03 	 6 4 6 2
      1.35963488666887358236e-02 	 6 4 6 3
      2.19562275660382527631e-02 	 6 4 6 4
      6.24827896938985171554e-03 	 6 4 6 5
     -2.52900695763917096257e-03 	 6 4 6 6
      1.42971369575245043498e-03 	 6 4 7 1
     -9.09237928511020393474e-03 	 6 4 7 2
     -3.37179868761646513858e-03 	 6 4 7 3
     -3.08021408202352724864e-03 	 6 4 7 4
     -9.71317668838911005280e-03 	 6 4 7 5
     -1.82028061970574295964e-03 	 6 4 7 6
      3.94632900012118186667e-03 	 6 4 7 7
     -1.23740852285777087893e-02 	 6 4 8 1
     -1.43287932025520361665e-03 	 6 4 8 2
      2.98977122103389692312e-03 	 6 4 8 3
     -1.33099037946453834479e-03 	 6 4 8 4
      3.00249648581714509085e-03 	 6 4 8 5
     -3.67922372386842366429e-03 	 6 4 8 6
      1.35739124553957662793e-03 	 6 4 8 7
     -2.57910178976088373670e-02 	 6 4 8 8
     -1.83513150808863115260e-02 	 6 5 1 1
     -1.01776839104776714237e-03 	 6 5 2 1
      1.35875679533566211254e-02 	 6 5 2 2
     -2.86861646764681975375e-03 	 6 5 3 1
      1.69204606342591361116e-03 	 6 5 3 2
     -1.59373122304669601057e-02 	 6 5 3 3
     -2.30060622968016016080e-04 	 6 5 4 1
      7.68536190320561612976e-04 	 6 5 4 2
      3.84390356845928579665e-03 	 6 5 4 3
     -1.11340514498450941783e-02 	 6 5 4 4
     -4.28218436360453154343e-03 	 6 5 5 1
      4.88127355870824307382e-03 	 6 5 5 2
      3.38267644125466587779e-03 	 6 5 5 3
      1.88822717377906484047e-03 	 6 5 5 4
     -3.89328746205573200667e-02 	 6 5 5 5
     -1.55953927770313065075e-03 	 6 5 6 1
      2.31402270141610770168e-03 	 6 5 6 2
      5.31570633981420185427e-03 	 6 5 6 3
      6.24827896938987513431e-03 	 6 5 6 4
      3.27837605096344131272e-03 	 6 5 6 5
     -6.64937145017297209088e-04 	 6 5 6 6
      3.48045068412094083660e-04 	 6 5 7 1
     -3.17112232814702882377e-03 	 6 5 7 2
     -1.51573005860933468850e-03 	 6 5 7 3
     -1.44852818705831125692e-03 	 6 5 7 4
     -4.50208034831176169555e-03 	 6 5 7 5
     -1.09747540488866306141e-03 	 6 5 7 6
      2.54670225190760943570e-03 	 6 5 7 7
     -5.11802668143065790651e-03 	 6 5 8 1
     -5.51634910078801447147e-04 	 6 5 8 2
      1.25954704483474786043e-03 	 6 5 8 3
     -8.54647790778142557415e-04 	 6 5 8 4
      1.38740054507586834352e-03 	 6 5 8 5
     -1.26854478010601009336e-03 	 6 5 8 6
      4.46735075238978538055e-04 	 6 5 8 7
     -8.57032748560932269855e-03 	 6 5 8 8
      1.36172938731995762929e-01 	 6 6 1 1
     -7.54620070413108945916e-04 	 6 6 2 1
      2.17692157822804516210e-01 	 6 6 2 2
     -1.21149252309931884652e-02 	 6 6 3 1
      6.27397749034509961963e-03 	 6 6 3 2
      1.03820712983275428853e-01 	 6 6 3 3
      6.20402303262662137284e-03 	 6 6 4 1
      2.48643955771206274022e-03 	 6 6 4 2
      8.82868815428741043894e-03 	 6 6 4 3
      2.50842390638010059867e-01 	 6 6 4 4
     -1.09020686810781496090e-02 	 6 6 5 1
      1.21999525415942451645e-02 	 6 6 5 2
      9.25325878975651397451e-03 	 6 6 5 3
      2.97069298126333928428e-03 	 6 6 5 4
      1.03853982583418769092e-01 	 6 6 5 5
      4.38034291412054549442e-04 	 6 6 6 1
     -3.47289474319630378507e-03 	 6 6 6 2
     -2.14826829716828655858e-05 	 6 6 6 3
     -2.52900695763911198197e-03 	 6 6 6 4
     -6.64937145017263815661e-04 	 6 6 6 5
      3.81217852391888822883e-01 	 6 6 6 6
     -5.43849634065838270780e-03 	 6 6 7 1
     -1.37120177311961972955e-02 	 6 6 7 2
     -2.61582085674430617900e-03 	 6 6 7 3
     -1.83955525734499827223e-03 	 6 6 7 4
     -9.28663352913977266367e-03 	 6 6 7 5
      2.90269766204355591718e-03 	 6 6 7 6
      1.73442114783265766143e-01 	 6 6 7 7
     -2.42160910093711621849e-02 	 6 6 8 1
     -6.34649646326892503956e-03 	 6 6 8 2
      3.49710152219782129807e-03 	 6 6 8 3
     -7.88658277561029609493e-03 	 6 6 8 4
      4.17625416879047889340e-03 	 6 6 8 5
      2.03681931304689790851e-03 	 6 6 8 6
      8.49183058214783050011e-03 	 6 6 8 7
      1.91843240628212396981e-01 	 6 6 8 8
      3.71943065101563562908e-03 	 7 1 1 1
     -5.88428546851710396887e-04 	 7 1 2 1
     -5.24877224914014478552e-03 	 7 1 2 2
      9.40065751638924189393e-04 	 7 1 3 1
      3.42224588433468640027e-04 	 7 1 3 2
      2.90122061243429157570e-03 	 7 1 3 3
     -1.11022112400236913111e-03 	 7 1 4 1
      1.60718033393959094999e-06 	 7 1 4 2
      4.69312754871556100673e-04 	 7 1 4 3
     -5.14579826174428340418e-03 	 7 1 4 4
      4.63854185938173855467e-04 	 7 1 5 1
      9.75214223594240742395e-04 	 7 1 5 2
     -2.13085642902588814906e-05 	 7 1 5 3
      3.62852125013311593762e-04 	 7 1 5 4
      9.36315732644566606213e-04 	 7 1 5 5
     -4.38791729946054942426e-04 	 7 1 6 1
      1.73305759238643751659e-04 	 7 1 6 2
      7.69526167957479498988e-04 	 7 1 6 3
      1.42971369575247819056e-03 	 7 1 6 4
      3.48045068412110671953e-04 	 7 1 6 5
     -5.43849634065843388214e-03 	 7 1 6 6
      1.74131382671019940486e-03 	 7 1 7 1
     -1.08625949047884244603e-03 	 7 1 7 2
     -4.36451821904502274517e-04 	 7 1 7 3
     -1.43367250161851233700e-04 	 7 1 7 4
     -8.60327487854374659687e-04 	 7 1 7 5
     -1.55574428495707813404e-04 	 7 1 7 6
     -5.57770788931877346123e-03 	 7 1 7 7
      1.73709267368034672718e-03 	 7 1 8 1
      4.44490051637314617476e-04 	 7 1 8 2
     -2.00532404606100370451e-04 	 7 1 8 3
      7.95597412246898177610e-04 	 7 1 8 4
     -1.16849683519312038012e-04 	 7 1 8 5
      1.64511089155437316336e-04 	 7 1 8 6
     -1.04920305393107625609e-03 	 7 1 8 7
     -7.34260286387088297044e-03 	 7 1 8 8
      2.13531721240133309792e-02 	 7 2 1 1
      2.03835323112013530947e-03 	 7 2 2 1
     -2.59142452671010364157e-03 	 7 2 2 2
      4.69811650753237507877e-03 	 7 2 3 1
     -3.80963734614195434144e-03 	 7 2 3 2
      2.30415999196546504579e-02 	 7 2 3 3
      1.03549012468887686664e-03 	 7 2 4 1
     -1.36736509524071933423e-03 	 7 2 4 2
     -6.32436707948860841327e-03 	 7 2 4 3
      6.29892545291098858440e-03 	 7 2 4 4
      4.52634176468072121913e-03 	 7 2 5 1
     -9.60648418919730212595e-03 	 7 2 5 2
     -4.41561708000708964816e-03 	 7 2 5 3
     -2.43591182395185273241e-03 	 7 2 5 4
      2.44701522233543994345e-02 	 7 2 5 5
      2.05494037126538811600e-03 	 7 2 6 1
     -3.79934259293172741159e-03 	 7 2 6 2
     -7.81370212826408387652e-03 	 7 2 6 3
     -9.09237928511016924027e-03 	 7 2 6 4
     -3.17112232814701668071e-03 	 7 2 6 5
     -1.37120177311962146427e-02 	 7 2 6 6
     -1.08625949047887345421e-03 	 7 2 7 1
      1.57411527576666113171e-02 	 7 2 7 2
      2.42185333612533661846e-03 	 7 2 7 3
      1.97559951125191122362e-03 	 7 2 7 4
      6.86604466438501225001e-03 	 7 2 7 5
      7.48941432000956204551e-04 	 7 2 7 6
      1.63554677178840875140e-02 	 7 2 7 7
      7.67699595641551865710e-03 	 7 2 8 1
      2.41166981282878514770e-03 	 7 2 8 2
     -1.74257089772437306387e-03 	 7 2 8 3
      1.55881719775142861539e-03 	 7 2 8 4
     -1.80877260710853677780e-03 	 7 2 8 5
      1.35442190754897387288e-03 	 7 2 8 6
     -2.94025783226219182900e-04 	 7 2 8 7
      1.71290048499667182935e-02 	 7 2 8 8
      1.41143393847602445501e-02 	 7 3 1 1
      8.88597851264038944563e-04 	 7 3 2 1
     -6.88518545250246544881e-03 	 7 3 2 2
      2.47528318362187377960e-03 	 7 3 3 1
     -1.35885847298162490068e-03 	 7 3 3 2
      1.69294887937208003714e-02 	 7 3 3 3
      2.33825536669880225784e-04 	 7 3 4 1
     -4.29758533601809467571e-04 	 7 3 4 2
     -2.66952729840364911054e-03 	 7 3 4 3
      5.34744520141237043853e-03 	 7 3 4 4
      2.22253122706652945367e-03 	 7 3 5 1
     -2.86018723773216656386e-03 	 7 3 5 2
     -2.18002746298422405563e-03 	 7 3 5 3
     -1.18603887982823667790e-03 	 7 3 5 4
      1.57252058248311676891e-02 	 7 3 5 5
      8.22960051787029168123e-04 	 7 3 6 1
     -1.04954216939545414040e-03 	 7 3 6 2
     -3.22532373039704578846e-03 	 7 3 6 3
     -3.37179868761647554692e-03 	 7 3 6 4
     -1.51573005860934401264e-03 	 7 3 6 5
     -2.61582085674428276023e-03 	 7 3 6 6
     -4.36451821904504768182e-04 	 7 3 7 1
      2.42185333612532317435e-03 	 7 3 7 2
      1.31927472615317540466e-03 	 7 3 7 3
      1.02263665734260260354e-03 	 7 3 7 4
      2.67153684911982693129e-03 	 7 3 7 5
      6.21892794230827347310e-04 	 7 3 7 6
      9.56979792869541777238e-04 	 7 3 7 7
      3.37413184515672395086e-03 	 7 3 8 1
      3.51487730526151172499e-04 	 7 3 8 2
     -7.95244777895047169104e-04 	 7 3 8 3
      4.31231228631480791123e-04 	 7 3 8 4
     -8.66679737560946861392e-04 	 7 3 8 5
      6.15651651091368582250e-04 	 7 3 8 6
     -8.36792071055958257275e-05 	 7 3 8 7
      7.47371291682240139476e-03 	 7 3 8 8
      1.39601852081122738969e-02 	 7 4 1 1
      5.92809819795478594451e-04 	 7 4 2 1
     -5.87863836140005077691e-03 	 7 4 2 2
      1.96119838469606920517e-03 	 7 4 3 1
     -1.10101447640741176986e-03 	 7 4 3 2
      1.28875225010286302563e-02 	 7 4 3 3
      3.66969924258518545405e-05 	 7 4 4 1
     -6.64292671753418761775e-04 	 7 4 4 2
     -2.41108221078912155627e-03 	 7 4 4 3
      1.29358754418110333956e-02 	 7 4 4 4
      2.28548275758951686606e-03 	 7 4 5 1
     -2.29759658797751850981e-03 	 7 4 5 2
     -1.95903231944630478595e-03 	 7 4 5 3
     -1.12777880612178376188e-03 	 7 4 5 4
      1.75869686448718587357e-02 	 7 4 5 5
      7.11561722199622031376e-04 	 7 4 6 1
     -1.20428208000511829424e-03 	 7 4 6 2
     -2.48742240226384808341e-03 	 7 4 6 3
     -3.08021408202360270912e-03 	 7 4 6 4
     -1.44852818705832925468e-03 	 7 4 6 5
     -1.83955525734487272162e-03 	 7 4 6 6
     -1.43367250161837193282e-04 	 7 4 7 1
      1.97559951125191729515e-03 	 7 4 7 2
      1.02263665734259956777e-03 	 7 4 7 3
      2.18723703237908842154e-03 	 7 4 7 4
      2.49461472317814890801e-03 	 7 4 7 5
      7.37883380880871922458e-04 	 7 4 7 6
      7.71861906878530939363e-03 	 7 4 7 7
      4.57254025082937977376e-03 	 7 4 8 1
      8.81836778638992032850e-04 	 7 4 8 2
     -1.14499885513095708313e-03 	 7 4 8 3
      2.33060497304444960275e-04 	 7 4 8 4
     -1.15949717675757233912e-03 	 7 4 8 5
      1.09624103729541975960e-03 	 7 4 8 6
     -1.53379349013230842098e-05 	 7 4 8 7
      1.54531508871680618028e-02 	 7 4 8 8
      3.68600544832684701158e-02 	 7 5 1 1
      1.98160522594433312002e-03 	 7 5 2 1
     -2.08238104939234350277e-02 	 7 5 2 2
      5.42035341926885762959e-03 	 7 5 3 1
     -2.96186354757142604466e-03 	 7 5 3 2
      3.30344218793975005766e-02 	 7 5 3 3
      1.71396884672311112597e-04 	 7 5 4 1
     -5.51726957828050593863e-04 	 7 5 4 2
     -6.76737407655639278126e-03 	 7 5 4 3
      1.56129713414127468257e-02 	 7 5 4 4
      7.92620936401179990161e-03 	 7 5 5 1
     -9.37375007223355607988e-03 	 7 5 5 2
     -6.02324195400520158439e-03 	 7 5 5 3
     -3.06575409475309118568e-03 	 7 5 5 4
      6.86823654781660020152e-02 	 7 5 5 5
      2.07156222230311676952e-03 	 7 5 6 1
     -2.32924610314958315319e-03 	 7 5 6 2
     -8.16773746900627956036e-03 	 7 5 6 3
     -9.71317668838912393059e-03 	 7 5 6 4
     -4.50208034831177036916e-03 	 7 5 6 5
     -9.28663352913975705116e-03 	 7 5 6 6
     -8.60327487854378562815e-04 	 7 5 7 1
      6.86604466438500184167e-03 	 7 5 7 2
      2.67153684911982736497e-03 	 7 5 7 3
      2.49461472317814760696e-03 	 7 5 7 4
      9.13853253666398884780e-03 	 7 5 7 5
      1.17134041562677896839e-03 	 7 5 7 6
      9.19235594812771276974e-03 	 7 5 7 7
      9.92222059512280762927e-03 	 7 5 8 1
      1.48907170845320258393e-03 	 7 5 8 2
     -2.39086735124216260423e-03 	 7 5 8 3
      1.44223080505172761290e-03 	 7 5 8 4
     -2.68810686987301129813e-03 	 7 5 8 5
      2.00761693476193565228e-03 	 7 5 8 6
     -7.90032722486450956524e-04 	 7 5 8 7
      1.95906291260868267723e-02 	 7 5 8 8
      1.24725196918659881652e-03 	 7 6 1 1
      3.96995412559900877174e-04 	 7 6 2 1
     -3.86020535906569754736e-03 	 7 6 2 2
      6.92955571293656352044e-04 	 7 6 3 1
     -7.82932500995734553806e-04 	 7 6 3 2
      2.30000955704112459294e-03 	 7 6 3 3
     -2.03459950142973513545e-05 	 7 6 4 1
     -6.12277242069401788326e-04 	 7 6 4 2
     -7.39112891089236572276e-04 	 7 6 4 3
      1.74439574317578017723e-03 	 7 6 4 4
      7.46377682614538895227e-04 	 7 6 5 1
     -1.03482261603122442477e-03 	 7 6 5 2
     -7.71883413622100988775e-04 	 7 6 5 3
     -5.35640349491928982779e-04 	 7 6 5 4
      2.48492354408757490022e-03 	 7 6 5 5
      9.94355940634394312033e-05 	 7 6 6 1
     -1.79474638064406060052e-03 	 7 6 6 2
     -1.48539183156988713677e-03 	 7 6 6 3
     -1.82028061970572257663e-03 	 7 6 6 4
     -1.09747540488866089300e-03 	 7 6 6 5
      2.90269766204350387548e-03 	 7 6 6 6
     -1.55574428495718411480e-04 	 7 6 7 1
      7.48941432000933869986e-04 	 7 6 7 2
      6.21892794230831467278e-04 	 7 6 7 3
      7.37883380880866935128e-04 	 7 6 7 4
      1.17134041562678222100e-03 	 7 6 7 5
      1.50291185735770458330e-03 	 7 6 7 6
      3.92422423185193307987e-03 	 7 6 7 7
      1.22824014292266894301e-03 	 7 6 8 1
      2.45963992608848986635e-04 	 7 6 8 2
     -2.32368294536504447611e-04 	 7 6 8 3
      6.84618814057948664974e-04 	 7 6 8 4
     -3.18403902038612675925e-04 	 7 6 8 5
      7.55707846373485721443e-04 	 7 6 8 6
     -3.34604524304719876029e-04 	 7 6 8 7
      1.27722582991722424101e-04 	 7 6 8 8
      1.80196017362368787751e-01 	 7 7 1 1
      2.64936633324110853982e-03 	 7 7 2 1
      2.64026626295895350260e-01 	 7 7 2 2
     -1.65242006616009729641e-04 	 7 7 3 1
     -2.82923695768444449783e-03 	 7 7 3 2
      1.64395290330733634399e-01 	 7 7 3 3
      4.25828243272640544204e-03 	 7 7 4 1
     -2.42176463842966023608e-04 	 7 7 4 2
     -3.88897617216438793233e-04 	 7 7 4 3
      1.75283212480971312131e-01 	 7 7 4 4
     -5.01886405010485651262e-03 	 7 7 5 1
     -4.02496068862902289798e-03 	 7 7 5 2
      1.64262235901645702041e-03 	 7 7 5 3
      5.73698197035596262061e-05 	 7 7 5 4
      1.27645363071726580806e-01 	 7 7 5 5
      1.77063832694921352226e-04 	 7 7 6 1
     -3.14308593955491292690e-03 	 7 7 6 2
      1.40228891332239797782e-03 	 7 7 6 3
      3.94632900012136487999e-03 	 7 7 6 4
      2.54670225190764413017e-03 	 7 7 6 5
      1.73442114783265516342e-01 	 7 7 6 6
     -5.57770788931885065642e-03 	 7 7 7 1
      1.63554677178840111862e-02 	 7 7 7 2
      9.56979792869545029844e-04 	 7 7 7 3
      7.71861906878525908665e-03 	 7 7 7 4
      9.19235594812774572948e-03 	 7 7 7 5
      3.92422423185196603962e-03 	 7 7 7 6
      4.14295632043954975554e-01 	 7 7 7 7
      5.75960019127520241045e-04 	 7 7 8 1
      6.74633171418131949437e-03 	 7 7 8 2
     -9.57720281037909644713e-04 	 7 7 8 3
     -5.72754253119706806599e-04 	 7 7 8 4
     -2.16081898604916127285e-03 	 7 7 8 5
     -1.25144329729168658077e-03 	 7 7 8 6
      4.99522038296194587775e-03 	 7 7 8 7
      2.57532640626135511663e-01 	 7 7 8 8
      8.38804387673078161169e-02 	 8 1 1 1
      1.81292035829200303722e-03 	 8 1 2 1
     -4.13585548833391297707e-02 	 8 1 2 2
      1.03252636290131101504e-02 	 8 1 3 1
     -3.63784193953307563585e-03 	 8 1 3 2
      6.22968489463248953353e-02 	 8 1 3 3
     -2.18550909906453996734e-03 	 8 1 4 1
     -9.11223904273265167784e-04 	 8 1 4 2
     -9.56608495208934733744e-03 	 8 1 4 3
      2.27356078617990606250e-02 	 8 1 4 4
      1.17045947978688599789e-02 	 8 1 5 1
     -1.01049508184455454074e-02 	 8 1 5 2
     -8.93505035969156292952e-03 	 8 1 5 3
     -3.82345776832782513130e-03 	 8 1 5 4
      8.23142630826309562586e-02 	 8 1 5 5
      2.31790041584037159392e-03 	 8 1 6 1
     -3.35843412071349951137e-03 	 8 1 6 2
     -1.09134227951001323148e-02 	 8 1 6 3
     -1.23740852285777209324e-02 	 8 1 6 4
     -5.11802668143067525375e-03 	 8 1 6 5
     -2.42160910093711032043e-02 	 8 1 6 6
      1.73709267368031506848e-03 	 8 1 7 1
      7.67699595641549263625e-03 	 8 1 7 2
      3.37413184515674303282e-03 	 8 1 7 3
      4.57254025082940926406e-03 	 8 1 7 4
      9.92222059512281977234e-03 	 8 1 7 5
      1.22824014292264921053e-03 	 8 1 7 6
      5.75960019127495087554e-04 	 8 1 7 7
      2.85409542322677296788e-02 	 8 1 8 1
      3.97389136945409601753e-03 	 8 1 8 2
     -5.78865791814697425166e-03 	 8 1 8 3
      5.19254217037901002335e-03 	 8 1 8 4
     -5.84913823585775198566e-03 	 8 1 8 5
      4.88316187044019259234e-03 	 8 1 8 6
     -4.25854373309972941003e-03 	 8 1 8 7
      4.19505181489580186716e-02 	 8 1 8 8
      7.32815743954989655407e-03 	 8 2 1 1
     -5.04269090260810984479e-04 	 8 2 2 1
      7.86486493127560356425e-04 	 8 2 2 2
      1.46811852275541450397e-03 	 8 2 3 1
     -7.76274105088545045283e-04 	 8 2 3 2
      7.49442692465744977892e-03 	 8 2 3 3
     -2.44986420119272421247e-04 	 8 2 4 1
     -6.60780093933340515779e-04 	 8 2 4 2
     -1.35033512800030136396e-03 	 8 2 4 3
      1.07889644477415476767e-03 	 8 2 4 4
      1.12405404662117413411e-03 	 8 2 5 1
     -1.97869149086823698652e-03 	 8 2 5 2
     -1.03445586260094172723e-03 	 8 2 5 3
     -4.42390002394942504979e-04 	 8 2 5 4
      7.82684140647233947408e-03 	 8 2 5 5
      1.03064373835544254693e-04 	 8 2 6 1
     -1.58968031849590456239e-03 	 8 2 6 2
     -1.39985559776760058910e-03 	 8 2 6 3
     -1.43287932025525002050e-03 	 8 2 6 4
     -5.51634910078811855488e-04 	 8 2 6 5
     -6.34649646326884177283e-03 	 8 2 6 6
      4.44490051637292228701e-04 	 8 2 7 1
      2.41166981282875652476e-03 	 8 2 7 2
      3.51487730526157135611e-04 	 8 2 7 3
      8.81836778638995502297e-04 	 8 2 7 4
      1.48907170845320583653e-03 	 8 2 7 5
      2.45963992608851426090e-04 	 8 2 7 6
      6.74633171418126398322e-03 	 8 2 7 7
      3.97389136945409775226e-03 	 8 2 8 1
      2.45619111841262165175e-03 	 8 2 8 2
     -8.52683087420216812014e-04 	 8 2 8 3
      1.18911281728828780932e-03 	 8 2 8 4
     -8.07827337522710412637e-04 	 8 2 8 5
      8.72762687885859076743e-04 	 8 2 8 6
     -3.34829920795438515900e-04 	 8 2 8 7
      8.72691955747256428721e-03 	 8 2 8 8
     -1.60793963481296840745e-02 	 8 3 1 1
     -3.98910404971921706864e-04 	 8 3 2 1
      8.54929966362210844166e-03 	 8 3 2 2
     -2.35131351267858605680e-03 	 8 3 3 1
      9.84274650102042337335e-04 	 8 3 3 2
     -1.77582520915383554327e-02 	 8 3 3 3
      2.35294546250251643228e-04 	 8 3 4 1
      2.32731411676404518780e-04 	 8 3 4 2
      2.55607241517223637839e-03 	 8 3 4 3
     -7.85876464921727441171e-03 	 8 3 4 4
     -2.81352291135365372571e-03 	 8 3 5 1
      2.41268073798346421519e-03 	 8 3 5 2
      2.11916676706607257086e-03 	 8 3 5 3
      9.67511403975381900980e-04 	 8 3 5 4
     -1.98535036604993338216e-02 	 8 3 5 5
     -6.93264984723498674073e-04 	 8 3 6 1
      7.09964787285194930122e-04 	 8 3 6 2
      2.81487258565915610120e-03 	 8 3 6 3
      2.98977122103389822416e-03 	 8 3 6 4
      1.25954704483475935298e-03 	 8 3 6 5
      3.49710152219778660360e-03 	 8 3 6 6
     -2.00532404606073590657e-04 	 8 3 7 1
     -1.74257089772434444093e-03 	 8 3 7 2
     -7.95244777895057902706e-04 	 8 3 7 3
     -1.14499885513098180294e-03 	 8 3 7 4
     -2.39086735124217257889e-03 	 8 3 7 5
     -2.32368294536485365653e-04 	 8 3 7 6
     -9.57720281037882756499e-04 	 8 3 7 7
     -5.78865791814698899681e-03 	 8 3 8 1
     -8.52683087420223534067e-04 	 8 3 8 2
      1.60608655749807510693e-03 	 8 3 8 3
     -8.50179344563602645488e-04 	 8 3 8 4
      1.39471176886263575206e-03 	 8 3 8 5
     -1.03513393770304101306e-03 	 8 3 8 6
      8.99553231959077255996e-04 	 8 3 8 7
     -1.29442699731534202612e-02 	 8 3 8 8
      4.94354960091902915359e-03 	 8 4 1 1
      1.94297432129842068474e-04 	 8 4 2 1
     -1.12643681322690866059e-02 	 8 4 2 2
      1.86462588877686413422e-03 	 8 4 3 1
     -6.08804738505125766536e-04 	 8 4 3 2
      7.80246711444079060760e-03 	 8 4 3 3
     -1.06912962495942865174e-03 	 8 4 4 1
     -3.56330959362189053988e-04 	 8 4 4 2
     -1.38775562025532719912e-03 	 8 4 4 3
     -2.16795072253507092180e-03 	 8 4 4 4
      1.51604478252439665506e-03 	 8 4 5 1
     -1.33868076722477120574e-03 	 8 4 5 2
     -1.26229195252882883671e-03 	 8 4 5 3
     -3.71754876591447180889e-04 	 8 4 5 4
      7.36323657908381171838e-03 	 8 4 5 5
      4.91133531198238162344e-05 	 8 4 6 1
     -9.56657969033603006181e-04 	 8 4 6 2
     -1.86282169987670299764e-03 	 8 4 6 3
     -1.33099037946444488656e-03 	 8 4 6 4
     -8.54647790778122716515e-04 	 8 4 6 5
     -7.88658277561051467008e-03 	 8 4 6 6
      7.95597412246902731259e-04 	 8 4 7 1
      1.55881719775134556551e-03 	 8 4 7 2
      4.31231228631458510768e-04 	 8 4 7 3
      2.33060497304428317772e-04 	 8 4 7 4
      1.44223080505171373511e-03 	 8 4 7 5
      6.84618814057919716776e-04 	 8 4 7 6
     -5.72754253119823575173e-04 	 8 4 7 7
      5.19254217037905772825e-03 	 8 4 8 1
      1.18911281728828303883e-03 	 8 4 8 2
     -8.50179344563624329531e-04 	 8 4 8 3
      5.68336988364491046272e-03 	 8 4 8 4
     -1.14814317716774457433e-03 	 8 4 8 5
      5.48436994193962417884e-04 	 8 4 8 6
      2.51771955296775250179e-04 	 8 4 8 7
     -1.31807169584918261462e-03 	 8 4 8 8
     -1.63078854782632877429e-02 	 8 5 1 1
     -5.71789259794655470998e-04 	 8 5 2 1
      8.02788673113062969944e-03 	 8 5 2 2
     -2.49408170189787271182e-03 	 8 5 3 1
      8.93695833119490944292e-04 	 8 5 3 2
     -1.49606835969066237491e-02 	 8 5 3 3
      3.16917693548364844732e-04 	 8 5 4 1
      1.53922798065216743461e-04 	 8 5 4 2
      2.33887964711771735582e-03 	 8 5 4 3
     -6.77291330002962981005e-03 	 8 5 4 4
     -2.74767604109981376792e-03 	 8 5 5 1
      2.64856248408385386989e-03 	 8 5 5 2
      2.15233689666964600473e-03 	 8 5 5 3
      9.27543618706491929463e-04 	 8 5 5 4
     -2.32564696647254952333e-02 	 8 5 5 5
     -5.40870696983039361480e-04 	 8 5 6 1
      7.20553006182182449041e-04 	 8 5 6 2
      2.66726291509420841350e-03 	 8 5 6 3
      3.00249648581715593287e-03 	 8 5 6 4
      1.38740054507587896870e-03 	 8 5 6 5
      4.17625416879042338225e-03 	 8 5 6 6
     -1.16849683519284607697e-04 	 8 5 7 1
     -1.80877260710851682848e-03 	 8 5 7 2
     -8.66679737560959112877e-04 	 8 5 7 3
     -1.15949717675759228844e-03 	 8 5 7 4
     -2.68810686987301997175e-03 	 8 5 7 5
     -3.18403902038599990760e-04 	 8 5 7 6
     -2.16081898604913915513e-03 	 8 5 7 7
     -5.84913823585775892455e-03 	 8 5 8 1
     -8.07827337522715616808e-04 	 8 5 8 2
      1.39471176886263423418e-03 	 8 5 8 3
     -1.14814317716772093872e-03 	 8 5 8 4
      1.63782382088985224364e-03 	 8 5 8 5
     -1.09746652406957404501e-03 	 8 5 8 6
      6.12878091388280483998e-04 	 8 5 8 7
     -1.30549566566149719687e-02 	 8 5 8 8
      1.07800062365537852038e-02 	 8 6 1 1
      1.84588069288616743371e-04 	 8 6 2 1
     -1.00212085667642555181e-02 	 8 6 2 2
      1.50823628485542964722e-03 	 8 6 3 1
     -6.21047612939358778875e-04 	 8 6 3 2
      9.53948041792400738825e-03 	 8 6 3 3
     -4.91762616849811002445e-04 	 8 6 4 1
     -2.51776233427741216904e-04 	 8 6 4 2
     -2.04335466320697224304e-03 	 8 6 4 3
      1.07894942277205058145e-02 	 8 6 4 4
      2.24859594988342402153e-03 	 8 6 5 1
     -1.94895834959399891564e-03 	 8 6 5 2
     -1.53298251453784940140e-03 	 8 6 5 3
     -6.53351882162266778264e-04 	 8 6 5 4
      1.49564287068448265039e-02 	 8 6 5 5
     -2.78860957359120605233e-04 	 8 6 6 1
     -1.73905442436676164336e-03 	 8 6 6 2
     -2.75738349893137621796e-03 	 8 6 6 3
     -3.67922372386840284761e-03 	 8 6 6 4
     -1.26854478010602960900e-03 	 8 6 6 5
      2.03681931304691742415e-03 	 8 6 6 6
      1.64511089155449730451e-04 	 8 6 7 1
      1.35442190754903328716e-03 	 8 6 7 2
      6.15651651091371292755e-04 	 8 6 7 3
      1.09624103729544014260e-03 	 8 6 7 4
      2.00761693476193695332e-03 	 8 6 7 5
      7.55707846373485721443e-04 	 8 6 7 6
     -1.25144329729159854356e-03 	 8 6 7 7
      4.88316187044014748952e-03 	 8 6 8 1
      8.72762687885876098717e-04 	 8 6 8 2
     -1.03513393770301824481e-03 	 8 6 8 3
      5.48436994193951901123e-04 	 8 6 8 4
     -1.09746652406955344516e-03 	 8 6 8 5
      2.71614605361827562979e-03 	 8 6 8 6
     -1.13947678945930429631e-03 	 8 6 8 7
      1.03903338855479247804e-02 	 8 6 8 8
     -1.34458103863929452973e-03 	 8 7 1 1
      1.55686422107184668133e-04 	 8 7 2 1
      8.16782803877790994362e-03 	 8 7 2 2
     -7.88454797837770957405e-04 	 8 7 3 1
      4.30256474364509270292e-04 	 8 7 3 2
     -7.96674159814305814405e-04 	 8 7 3 3
      8.53510687988713991417e-04 	 8 7 4 1
      6.04572931196530418720e-04 	 8 7 4 2
      7.79910657012167088734e-04 	 8 7 4 3
     -5.22009552061181852922e-04 	 8 7 4 4
     -1.38258445793207492523e-03 	 8 7 5 1
      1.09838506632911983053e-03 	 8 7 5 2
      7.43640845995737387493e-04 	 8 7 5 3
      2.23814408247017648367e-04 	 8 7 5 4
     -4.80060765652325777131e-03 	 8 7 5 5
     -7.66641406509411670479e-05 	 8 7 6 1
      8.01646385253428702018e-04 	 8 7 6 2
      7.17334629983937006187e-04 	 8 7 6 3
      1.35739124553940901027e-03 	 8 7 6 4
      4.46735075238951975102e-04 	 8 7 6 5
      8.49183058214813407671e-03 	 8 7 6 6
     -1.04920305393110704743e-03 	 8 7 7 1
     -2.94025783226222001826e-04 	 8 7 7 2
     -8.36792071055791019090e-05 	 8 7 7 3
     -1.53379349013070380176e-05 	 8 7 7 4
     -7.90032722486440222923e-04 	 8 7 7 5
     -3.34604524304703884047e-04 	 8 7 7 6
      4.99522038296189296869e-03 	 8 7 7 7
     -4.25854373309973461420e-03 	 8 7 8 1
     -3.34829920795466054635e-04 	 8 7 8 2
      8.99553231959087772757e-04 	 8 7 8 3
      2.51771955296755897170e-04 	 8 7 8 4
      6.12878091388299023855e-04 	 8 7 8 5
     -1.13947678945930863312e-03 	 8 7 8 6
      5.51860683681810147705e-03 	 8 7 8 7
      3.01453106629932191668e-03 	 8 7 8 8
      3.36393345623115347376e-01 	 8 8 1 1
      6.16445477109690571221e-03 	 8 8 2 1
      1.60190549782536634238e-01 	 8 8 2 2
      1.18356557718664167494e-02 	 8 8 3 1
     -5.83840409679087495726e-03 	 8 8 3 2
      2.61177707713578399762e-01 	 8 8 3 3
      6.50528037334785220330e-03 	 8 8 4 1
      4.35768822808135216848e-04 	 8 8 4 2
     -1.89302157987596385291e-02 	 8 8 4 3
      2.98448795779596487421e-01 	 8 8 4 4
      1.43802599385846902741e-02 	 8 8 5 1
     -1.79286518607836425909e-02 	 8 8 5 2
     -1.28557358268775040466e-02 	 8 8 5 3
     -8.30063949642390400130e-03 	 8 8 5 4
      2.98132030919003143676e-01 	 8 8 5 5
      7.11005626531806440849e-03 	 8 8 6 1
     -4.47857357157488249200e-03 	 8 8 6 2
     -1.94180799836388903734e-02 	 8 8 6 3
     -2.57910178976087020586e-02 	 8 8 6 4
     -8.57032748560928800408e-03 	 8 8 6 5
      1.91843240628212174936e-01 	 8 8 6 6
     -7.34260286387085694959e-03 	 8 8 7 1
      1.71290048499667703352e-02 	 8 8 7 2
      7.47371291682236583293e-03 	 8 8 7 3
      1.54531508871680045569e-02 	 8 8 7 4
      1.95906291260868302417e-02 	 8 8 7 5
      1.27722582991708329472e-04 	 8 8 7 6
      2.57532640626135733708e-01 	 8 8 7 7
      4.19505181489580949994e-02 	 8 8 8 1
      8.72691955747258857334e-03 	 8 8 8 2
     -1.29442699731534341390e-02 	 8 8 8 3
     -1.31807169584933657133e-03 	 8 8 8 4
     -1.30549566566150240104e-02 	 8 8 8 5
      1.03903338855479976388e-02 	 8 8 8 6
      3.01453106629955783907e-03 	 8 8 8 7
      4.68788634043005691954e-01 	 8 8 8 8
     -3.06903601111778723265e+00 	 1 1 0 0
     -3.70977452083788364345e-02 	 1 2 0 0
     -3.21440587201489269553e-01 	 1 3 0 0
     -3.06882123436005016526e-02 	 1 4 0 0
     -3.44257233434426823671e-01 	 1 5 0 0
     -5.22378234990209383559e-02 	 1 6 0 0
      3.44550360232596039611e-02 	 1 7 0 0
     -3.85778923032040088614e-01 	 1 8 0 0
     -3.70977452083769351776e-02 	 2 1 0 0
     -1.15137095196449901202e+00 	 2 2 0 0
      6.10832312814970496140e-02 	 2 3 0 0
      7.51577263581921974772e-03 	 2 4 0 0
      1.65233513435328271957e-01 	 2 5 0 0
      5.33146900998162504015e-02 	 2 6 0 0
      3.22031791402141442937e-02 	 2 7 0 0
     -5.14963784703001831167e-02 	 2 8 0 0
     -3.21440587201495819869e-01 	 3 1 0 0
      6.10832312814978822813e-02 	 3 2 0 0
     -2.92561809584115506411e+00 	 3 3 0 0
      1.50223201478307699652e-01 	 3 4 0 0
      1.68457049009473225354e-01 	 3 5 0 0
      1.81337921727749956657e-01 	 3 6 0 0
     -8.15120494764892122852e-02 	 3 7 0 0
      9.68875076413101832262e-02 	 3 8 0 0
     -3.06882123436109134629e-02 	 4 1 0 0
      7.51577263582046961599e-03 	 4 2 0 0
      1.50223201478305506962e-01 	 4 3 0 0
     -2.19557307980353977328e+00 	 4 4 0 0
      8.68001935920540146352e-02 	 4 5 0 0
      3.96460778012351008903e-02 	 4 6 0 0
     -1.02634052329480085497e-01 	 4 7 0 0
      1.47035938256116160971e-01 	 4 8 0 0
     -3.44257233434418496998e-01 	 5 1 0 0
      1.65233513435333656538e-01 	 5 2 0 0
      1.68457049009471726553e-01 	 5 3 0 0
      8.68001935920552497583e-02 	 5 4 0 0
     -3.21879006904010278589e+00 	 5 5 0 0
      8.81106509264931586634e-02 	 5 6 0 0
     -1.57425839423626090507e-01 	 5 7 0 0
      1.00808729971421567884e-01 	 5 8 0 0
     -5.22378234990248796477e-02 	 6 1 0 0
      5.33146900998131417770e-02 	 6 2 0 0
      1.81337921727754453061e-01 	 6 3 0 0
      3.96460778011852518765e-02 	 6 4 0 0
      8.81106509265057041835e-02 	 6 5 0 0
     -1.51520956625573433030e+00 	 6 6 0 0
     -1.60195947030130035615e-02 	 6 7 0 0
     -6.22771259284681105717e-02 	 6 8 0 0
      3.44550360232473359967e-02 	 7 1 0 0
      3.22031791401885536530e-02 	 7 2 0 0
     -8.15120494764877551175e-02 	 7 3 0 0
     -1.02634052329503178136e-01 	 7 4 0 0
     -1.57425839423609381651e-01 	 7 5 0 0
     -1.60195947030129376421e-02 	 7 6 0 0
     -1.76738085456851656829e+00 	 7 7 0 0
     -1.61044495867518872023e-01 	 7 8 0 0
     -3.85778923032067733168e-01 	 8 1 0 0
     -5.14963784702919952219e-02 	 8 2 0 0
      9.68875076413127922503e-02 	 8 3 0 0
      1.47035938256153464465e-01 	 8 4 0 0
      1.00808729971425245497e-01 	 8 5 0 0
     -6.22771259284669101430e-02 	 8 6 0 0
     -1.61044495867513071108e-01 	 8 7 0 0
     -2.39170911047925560666e+00 	 8 8 0 0
     -2.99249470890955626601e+03 	 0 0 0 0
