&FCI NORB=9,NELEC=0,MS2=0
ORBSYM=1,1,1,1,
ISYM=1,
/
      7.41026248642570606329e-01 	 1 1 1 1
      4.66461815004953978328e-04 	 1 1 2 1
      9.72674620791826594068e-02 	 1 1 2 2
     -6.61429576271675397428e-04 	 1 1 3 1
     -8.40894703382509453018e-05 	 1 1 3 2
      3.73665192895828446318e-01 	 1 1 3 3
     -3.53158907807661973099e-03 	 1 1 4 1
      2.22406453544305544260e-04 	 1 1 4 2
     -4.85761505144373991610e-03 	 1 1 4 3
      3.16393883877930770510e-01 	 1 1 4 4
      5.00590342529700217493e-04 	 1 1 5 1
      7.37612109132354098334e-04 	 1 1 5 2
     -2.11735461990406682907e-04 	 1 1 5 3
      1.13710652930463368415e-03 	 1 1 5 4
      1.44196306509954019770e-01 	 1 1 5 5
      1.26016086013872063466e-03 	 1 1 6 1
      2.43160610473358411183e-04 	 1 1 6 2
      5.90060870286308013222e-03 	 1 1 6 3
      3.74967273116293912244e-03 	 1 1 6 4
      3.69161051703984828152e-05 	 1 1 6 5
      4.13650575663102981760e-01 	 1 1 6 6
      5.09346663718603098747e-03 	 1 1 7 1
     -9.93410045495482507683e-04 	 1 1 7 2
     -2.02640303360548772182e-03 	 1 1 7 3
     -1.29497892213448293625e-03 	 1 1 7 4
      8.39417018350256823565e-04 	 1 1 7 5
     -7.65721194090228558533e-05 	 1 1 7 6
      1.74781650105178765209e-01 	 1 1 7 7
      5.46067976898654975151e-04 	 1 1 8 1
     -1.44671464140544436816e-03 	 1 1 8 2
     -6.09438354977188636490e-05 	 1 1 8 3
     -1.50625824144419223280e-03 	 1 1 8 4
     -1.10837568983678923934e-03 	 1 1 8 5
      9.20560631736262703021e-06 	 1 1 8 6
     -1.50705594127352807132e-03 	 1 1 8 7
      9.82974080615675871453e-02 	 1 1 8 8
     -5.84938742546504356762e-03 	 1 1 9 1
     -7.67968212851475543618e-04 	 1 1 9 2
      3.26060215796210035432e-05 	 1 1 9 3
      7.42728387952443940868e-04 	 1 1 9 4
      1.76470430997639001099e-03 	 1 1 9 5
     -1.68345065446066010847e-03 	 1 1 9 6
      4.77029785895446457877e-03 	 1 1 9 7
      6.24203708935251906642e-04 	 1 1 9 8
      2.22488202705721671570e-01 	 1 1 9 9
      4.66461815004958640397e-04 	 2 1 1 1
      2.36019147583797177638e-05 	 2 1 2 1
      1.47242620292843445946e-03 	 2 1 2 2
      1.10519788036080715879e-04 	 2 1 3 1
      1.39058415197051497029e-06 	 2 1 3 2
     -5.48068535730121693915e-04 	 2 1 3 3
     -5.10510613360664168917e-05 	 2 1 4 1
      2.66672040394192111845e-05 	 2 1 4 2
     -2.79051907781915042828e-05 	 2 1 4 3
     -9.73467672928170105022e-05 	 2 1 4 4
     -1.69849208495442677247e-06 	 2 1 5 1
      4.10018946989718064246e-06 	 2 1 5 2
     -2.79240424629204032465e-07 	 2 1 5 3
      1.22703301683724423188e-05 	 2 1 5 4
     -1.30913026343302754543e-04 	 2 1 5 5
      4.56617109179037036141e-05 	 2 1 6 1
     -6.46100882576074293741e-06 	 2 1 6 2
      5.83073173647805423608e-06 	 2 1 6 3
     -5.23676650039337355217e-06 	 2 1 6 4
     -5.68950246382281442214e-07 	 2 1 6 5
      1.51036814930019714807e-04 	 2 1 6 6
     -6.23700318902674018023e-06 	 2 1 7 1
      1.04005914910498860749e-04 	 2 1 7 2
      9.31779163277645741691e-06 	 2 1 7 3
      1.14583095502163303603e-04 	 2 1 7 4
      2.03374064333802019892e-06 	 2 1 7 5
      1.53783785650121805152e-07 	 2 1 7 6
      2.28223020188343781074e-04 	 2 1 7 7
      2.50823018356717822097e-06 	 2 1 8 1
      5.01522484508236862373e-05 	 2 1 8 2
      6.54400395091848216402e-07 	 2 1 8 3
      3.26359208038142829759e-06 	 2 1 8 4
      3.68385212891551004112e-05 	 2 1 8 5
      4.86225824943676732322e-09 	 2 1 8 6
      4.67230047327379507190e-05 	 2 1 8 7
      1.45209225157183816459e-04 	 2 1 8 8
     -2.17534637914663659796e-05 	 2 1 9 1
      1.89848921268936499768e-05 	 2 1 9 2
     -1.39654135810421447342e-06 	 2 1 9 3
     -2.37929189702077175419e-06 	 2 1 9 4
      2.87437144179082334789e-05 	 2 1 9 5
     -2.73062298314514735121e-06 	 2 1 9 6
     -1.26995733488902255048e-05 	 2 1 9 7
      4.52282535824088855093e-06 	 2 1 9 8
     -1.80349018654799172177e-04 	 2 1 9 9
      9.72674620791827149180e-02 	 2 2 1 1
      1.47242620292844725305e-03 	 2 2 2 1
      6.32088714867819478904e-01 	 2 2 2 2
     -5.46875774660257434057e-04 	 2 2 3 1
      5.72366570892756830122e-05 	 2 2 3 2
      1.28289533438275316080e-01 	 2 2 3 3
      3.77855276656437677127e-03 	 2 2 4 1
      2.91727364106221694062e-03 	 2 2 4 2
      1.84090764031786418599e-03 	 2 2 4 3
      1.96202998203870965233e-01 	 2 2 4 4
     -6.76385881429674524698e-05 	 2 2 5 1
     -2.77801770866737893217e-03 	 2 2 5 2
      2.80416573336919383369e-05 	 2 2 5 3
     -2.96049060097075718290e-03 	 2 2 5 4
      1.73385262548046648057e-01 	 2 2 5 5
     -2.11399553338096745508e-03 	 2 2 6 1
     -8.34397175653298506931e-04 	 2 2 6 2
      1.11307300289167172488e-03 	 2 2 6 3
      2.04149772217063207869e-03 	 2 2 6 4
      6.86145295180204861565e-05 	 2 2 6 5
     -1.75547071700180024045e-03 	 2 2 6 6
     -1.06834148725863577883e-03 	 2 2 7 1
      1.53544713005852040411e-02 	 2 2 7 2
      2.39160303192483079254e-03 	 2 2 7 3
     -5.05712481778960000825e-04 	 2 2 7 4
      1.16843346640515578783e-03 	 2 2 7 5
      1.12450884935982290021e-03 	 2 2 7 6
      3.77568795687777680747e-01 	 2 2 7 7
     -7.35846343917949472901e-05 	 2 2 8 1
     -1.50142726492178864295e-02 	 2 2 8 2
      2.21466323248701755459e-04 	 2 2 8 3
      8.18879319981086770466e-04 	 2 2 8 4
     -2.10199447309960488900e-03 	 2 2 8 5
      2.00910610090066898276e-04 	 2 2 8 6
      7.85266653617675350341e-03 	 2 2 8 7
      3.62208061131105929498e-01 	 2 2 8 8
      3.45501325356505420427e-03 	 2 2 9 1
      1.71073941004702798248e-03 	 2 2 9 2
      2.60303043318220407500e-04 	 2 2 9 3
      3.08834260627072242425e-03 	 2 2 9 4
     -4.77247838377407602312e-03 	 2 2 9 5
     -1.54140959743498281954e-04 	 2 2 9 6
     -1.69594042770534157716e-03 	 2 2 9 7
      2.02213418860584109860e-03 	 2 2 9 8
      1.12103371536196261271e-01 	 2 2 9 9
     -6.61429576271735136968e-04 	 3 1 1 1
      1.10519788036081678109e-04 	 3 1 2 1
     -5.46875774660210488103e-04 	 3 1 2 2
      5.31189785058606457613e-03 	 3 1 3 1
      3.15046571283573001015e-06 	 3 1 3 2
     -1.10832276443196941357e-02 	 3 1 3 3
     -7.68059688205284833359e-04 	 3 1 4 1
     -1.34242737180811667072e-04 	 3 1 4 2
      3.02405127095022429186e-05 	 3 1 4 3
      2.52155686722763290597e-03 	 3 1 4 4
     -4.72521579833541354051e-05 	 3 1 5 1
      4.99569399020584837200e-06 	 3 1 5 2
     -1.38055671655254897246e-05 	 3 1 5 3
      1.12211736453141932256e-04 	 3 1 5 4
      1.03696637670567083991e-03 	 3 1 5 5
      1.37790846611740395999e-03 	 3 1 6 1
     -3.81529740715603293388e-06 	 3 1 6 2
     -4.35590005298919691248e-04 	 3 1 6 3
     -1.15680412607944640849e-04 	 3 1 6 4
      1.71280016900163118916e-06 	 3 1 6 5
      4.50483176229992537953e-03 	 3 1 6 6
     -4.13455989497447484564e-04 	 3 1 7 1
      1.21646385351463121624e-04 	 3 1 7 2
      1.30798552386627003202e-04 	 3 1 7 3
      3.91107089333944180683e-04 	 3 1 7 4
      3.73567219989076200449e-05 	 3 1 7 5
      1.21382592564514506765e-05 	 3 1 7 6
     -1.23543808500242756690e-03 	 3 1 7 7
      3.14790855714028634132e-05 	 3 1 8 1
     -3.73335573795882474067e-05 	 3 1 8 2
     -2.92257995687821086158e-06 	 3 1 8 3
     -3.54318990390589517547e-05 	 3 1 8 4
      3.39888019359431782612e-07 	 3 1 8 5
     -1.54865798729471754575e-06 	 3 1 8 6
      1.34876689654715911225e-05 	 3 1 8 7
      9.37732860400117295731e-05 	 3 1 8 8
     -3.22023058802125579760e-05 	 3 1 9 1
      2.47871904453091047643e-05 	 3 1 9 2
     -8.42706128625288919008e-05 	 3 1 9 3
      4.02449698957256908963e-04 	 3 1 9 4
      6.66943397767169707420e-05 	 3 1 9 5
     -8.58720066392921642026e-06 	 3 1 9 6
      3.38685204310892505001e-05 	 3 1 9 7
      1.78843696610701667106e-05 	 3 1 9 8
      2.65451669521610646510e-03 	 3 1 9 9
     -8.40894703382569897289e-05 	 3 2 1 1
      1.39058415197096008611e-06 	 3 2 2 1
      5.72366570892727150087e-05 	 3 2 2 2
      3.15046571283845406811e-06 	 3 2 3 1
      4.08541566929224571293e-05 	 3 2 3 2
     -3.33153815027890497918e-03 	 3 2 3 3
     -6.40370591423163531631e-05 	 3 2 4 1
      2.72229910610357292726e-05 	 3 2 4 2
     -3.13994448145082677860e-05 	 3 2 4 3
      4.85776145107310328500e-04 	 3 2 4 4
      6.48046905522310669823e-07 	 3 2 5 1
      1.51566781191752333419e-05 	 3 2 5 2
     -5.73657954380237934629e-06 	 3 2 5 3
     -2.29943060114370962188e-06 	 3 2 5 4
     -4.71541856449599788067e-05 	 3 2 5 5
      9.03783589889763224614e-07 	 3 2 6 1
      1.79840154570470452180e-06 	 3 2 6 2
      2.82522051244649870520e-05 	 3 2 6 3
      1.13303238697514552783e-05 	 3 2 6 4
     -2.03697094850275196498e-06 	 3 2 6 5
     -1.23509780590637754417e-04 	 3 2 6 6
     -1.23294517507654458440e-05 	 3 2 7 1
      6.72444003032117432195e-05 	 3 2 7 2
     -4.53830260736513783752e-05 	 3 2 7 3
     -9.05555158606745398838e-06 	 3 2 7 4
     -5.80281134195267416149e-06 	 3 2 7 5
     -1.19731827122543099487e-07 	 3 2 7 6
      7.77186870470284092184e-04 	 3 2 7 7
      2.22251724425079309552e-06 	 3 2 8 1
      6.70011945726616708245e-05 	 3 2 8 2
      1.32311848870654446999e-05 	 3 2 8 3
      1.48457449081673600183e-06 	 3 2 8 4
      1.59051660967420546822e-06 	 3 2 8 5
     -8.96432507383061203201e-07 	 3 2 8 6
      4.06515501101740252478e-07 	 3 2 8 7
     -1.81540054760667110860e-04 	 3 2 8 8
      1.69788722743957212833e-05 	 3 2 9 1
     -6.16989162088797141409e-06 	 3 2 9 2
     -1.26974703311150804709e-05 	 3 2 9 3
     -9.49426397136933913630e-06 	 3 2 9 4
      2.12001059591969315783e-06 	 3 2 9 5
     -4.53256750205239288459e-06 	 3 2 9 6
      9.21466651223771356842e-06 	 3 2 9 7
     -1.20783680266509343432e-07 	 3 2 9 8
      9.57027367712765561318e-05 	 3 2 9 9
      3.73665192895828668362e-01 	 3 3 1 1
     -5.48068535730112044516e-04 	 3 3 2 1
      1.28289533438275177302e-01 	 3 3 2 2
     -1.10832276443198103622e-02 	 3 3 3 1
     -3.33153815027890237710e-03 	 3 3 3 2
      7.68480430020322069495e-01 	 3 3 3 3
     -5.00569936042266887960e-04 	 3 3 4 1
      1.40714633239754586397e-03 	 3 3 4 2
      5.02667055487342889775e-03 	 3 3 4 3
      2.15198843706889936245e-01 	 3 3 4 4
      2.85430476937394888085e-04 	 3 3 5 1
      4.45788385909074900103e-04 	 3 3 5 2
      3.71249164842704410146e-04 	 3 3 5 3
     -3.84311732781946802963e-04 	 3 3 5 4
      1.08936564726320003760e-01 	 3 3 5 5
     -4.01038700520097313867e-03 	 3 3 6 1
      2.29355765517542166962e-04 	 3 3 6 2
     -1.21182715252893065849e-04 	 3 3 6 3
      2.63375188218362881257e-03 	 3 3 6 4
      3.05175008540010507063e-05 	 3 3 6 5
      2.30854349395746588636e-01 	 3 3 6 6
      3.83840377404743530315e-03 	 3 3 7 1
     -2.53953252110402120587e-03 	 3 3 7 2
      2.79430634298475028335e-03 	 3 3 7 3
     -3.18137310564664066784e-03 	 3 3 7 4
      6.99014540450322921505e-06 	 3 3 7 5
     -1.77659111270190585817e-04 	 3 3 7 6
      1.88941547611629290238e-01 	 3 3 7 7
      1.00570031974951526655e-05 	 3 3 8 1
     -2.61112393291468866761e-04 	 3 3 8 2
     -1.14749553875624090392e-03 	 3 3 8 3
     -5.88683033384840032759e-04 	 3 3 8 4
     -8.88044556211125928058e-04 	 3 3 8 5
      5.90895890199677318753e-05 	 3 3 8 6
     -9.40261847977913651532e-04 	 3 3 8 7
      1.05898365021582646639e-01 	 3 3 8 8
     -1.40787637877536910523e-03 	 3 3 9 1
     -7.11127625286575538663e-04 	 3 3 9 2
      4.28605843572647099687e-04 	 3 3 9 3
     -1.33802801290797243779e-03 	 3 3 9 4
      2.44301119993595508562e-04 	 3 3 9 5
     -9.46213147421258145633e-04 	 3 3 9 6
      2.62928945108565053496e-03 	 3 3 9 7
      5.26468092653381157693e-04 	 3 3 9 8
      1.42784671712854582815e-01 	 3 3 9 9
     -3.53158907807664314976e-03 	 4 1 1 1
     -5.10510613360580888637e-05 	 4 1 2 1
      3.77855276656443835395e-03 	 4 1 2 2
     -7.68059688205279412349e-04 	 4 1 3 1
     -6.40370591423154722488e-05 	 4 1 3 2
     -5.00569936042327169601e-04 	 4 1 3 3
      4.38483978211386040552e-03 	 4 1 4 1
     -6.13290839528814933851e-05 	 4 1 4 2
      5.05524547341037328030e-04 	 4 1 4 3
     -1.58202313296935482070e-03 	 4 1 4 4
     -5.18113872414928755355e-05 	 4 1 5 1
      9.91765160542262076606e-06 	 4 1 5 2
      2.16060335084248313900e-05 	 4 1 5 3
     -8.17329527581139359850e-05 	 4 1 5 4
      2.73177039088284053653e-03 	 4 1 5 5
      7.54708799661875872310e-04 	 4 1 6 1
     -2.23067608019692174826e-05 	 4 1 6 2
     -8.14786824457455662995e-05 	 4 1 6 3
     -4.80812742957202057196e-04 	 4 1 6 4
      6.50895432737832188921e-05 	 4 1 6 5
     -1.39246679698572370029e-03 	 4 1 6 6
      3.19888077257935235509e-04 	 4 1 7 1
      5.79295682102694709653e-04 	 4 1 7 2
      2.01424305731148556081e-04 	 4 1 7 3
     -1.08042741956351859983e-03 	 4 1 7 4
     -9.77769997478821678965e-08 	 4 1 7 5
      9.99813551068774058507e-05 	 4 1 7 6
      3.34064262924371573049e-03 	 4 1 7 7
     -4.29767997531844297456e-05 	 4 1 8 1
     -1.91729084110269279960e-04 	 4 1 8 2
     -1.59954249680971183963e-05 	 4 1 8 3
      7.03295809679326672237e-05 	 4 1 8 4
     -1.99276374230712195485e-04 	 4 1 8 5
      1.71494802876194403225e-05 	 4 1 8 6
      7.61291182906621529455e-05 	 4 1 8 7
      3.17243432919778406767e-03 	 4 1 8 8
     -3.03025455867857954756e-04 	 4 1 9 1
     -1.49612242743357255005e-06 	 4 1 9 2
      9.75463193308521162505e-05 	 4 1 9 3
      1.09274716163540539654e-03 	 4 1 9 4
     -5.96501304908031806419e-04 	 4 1 9 5
      1.93774586457124689196e-04 	 4 1 9 6
     -1.10543174617102016202e-04 	 4 1 9 7
     -5.64372802423704017310e-05 	 4 1 9 8
      2.27650958090247750726e-03 	 4 1 9 9
      2.22406453544223361735e-04 	 4 2 1 1
      2.66672040394223011607e-05 	 4 2 2 1
      2.91727364106213367390e-03 	 4 2 2 2
     -1.34242737180810528660e-04 	 4 2 3 1
      2.72229910610360138757e-05 	 4 2 3 2
      1.40714633239754889973e-03 	 4 2 3 3
     -6.13290839528846375714e-05 	 4 2 4 1
      3.82447177405030396512e-04 	 4 2 4 2
      7.65317088719861919610e-05 	 4 2 4 3
     -2.19133884820113544484e-04 	 4 2 4 4
      1.47186139888310895801e-05 	 4 2 5 1
      8.05700226943454494467e-05 	 4 2 5 2
      1.13327265922292514190e-06 	 4 2 5 3
     -1.04315389655413681778e-04 	 4 2 5 4
     -1.28910758424115009027e-03 	 4 2 5 5
     -1.11882079072435282763e-04 	 4 2 6 1
     -2.02036523959980263121e-06 	 4 2 6 2
      1.26587572864107306093e-05 	 4 2 6 3
      6.99054389725914875715e-05 	 4 2 6 4
      1.03747794957278418758e-06 	 4 2 6 5
     -1.11773463491524061020e-03 	 4 2 6 6
      3.62307621085661456174e-05 	 4 2 7 1
      6.39506523851017440879e-04 	 4 2 7 2
      5.11603481369800642490e-05 	 4 2 7 3
     -4.99341592066285364267e-04 	 4 2 7 4
     -5.23150649730705331018e-05 	 4 2 7 5
      8.28503952209716938151e-06 	 4 2 7 6
      5.78816013155211781666e-03 	 4 2 7 7
      8.21526814503998069382e-06 	 4 2 8 1
      4.39645085411021201583e-04 	 4 2 8 2
      6.95995232920887540074e-06 	 4 2 8 3
      5.97712087424717136556e-05 	 4 2 8 4
      1.25414403199843981217e-05 	 4 2 8 5
      2.02902457997673325972e-07 	 4 2 8 6
      1.01272136441105743742e-04 	 4 2 8 7
     -9.28495088593013235406e-04 	 4 2 8 8
     -1.07971277383541808606e-06 	 4 2 9 1
     -3.56865627295875677293e-05 	 4 2 9 2
     -1.97970305635267159524e-05 	 4 2 9 3
     -5.94702308053912036094e-04 	 4 2 9 4
      2.11125901928082507913e-05 	 4 2 9 5
     -2.07453281994188092378e-05 	 4 2 9 6
      2.28879938390521004267e-05 	 4 2 9 7
     -1.95677159864878418916e-05 	 4 2 9 8
     -2.43639859683408756957e-03 	 4 2 9 9
     -4.85761505144372950776e-03 	 4 3 1 1
     -2.79051907781894138055e-05 	 4 3 2 1
      1.84090764031788847212e-03 	 4 3 2 2
      3.02405127095008537845e-05 	 4 3 3 1
     -3.13994448145076308172e-05 	 4 3 3 2
      5.02667055487341588732e-03 	 4 3 3 3
      5.05524547341026160747e-04 	 4 3 4 1
      7.65317088719921008629e-05 	 4 3 4 2
      3.45736278165099648971e-04 	 4 3 4 3
     -4.37047749949708280032e-03 	 4 3 4 4
      7.73475318484701139586e-06 	 4 3 5 1
     -6.60375394829443755705e-06 	 4 3 5 2
      7.71200306977548919558e-06 	 4 3 5 3
     -8.24527807172487054539e-05 	 4 3 5 4
     -6.60760623556316752276e-04 	 4 3 5 5
     -1.23494148779664810562e-04 	 4 3 6 1
     -4.70764806820754416614e-07 	 4 3 6 2
     -8.92967773086052115121e-05 	 4 3 6 3
     -5.79057857527798535173e-05 	 4 3 6 4
      1.04488377173090773878e-05 	 4 3 6 5
     -4.07065420547489658504e-03 	 4 3 6 6
      9.05481078600847564186e-05 	 4 3 7 1
      9.27610135940222075527e-06 	 4 3 7 2
      8.59679876792758480755e-05 	 4 3 7 3
     -2.80052254443908903159e-04 	 4 3 7 4
     -3.50379177057815756726e-05 	 4 3 7 5
      2.09756985711143509115e-06 	 4 3 7 6
      1.48864478219958820855e-03 	 4 3 7 7
     -1.15291127982788850899e-05 	 4 3 8 1
      1.93753591049992463695e-05 	 4 3 8 2
     -1.13391202807083781772e-05 	 4 3 8 3
      6.76968187686601409296e-05 	 4 3 8 4
     -1.90499045878899387067e-05 	 4 3 8 5
      5.82595017786188376402e-06 	 4 3 8 6
      2.66348821096619392480e-05 	 4 3 8 7
      8.53983451250934187671e-04 	 4 3 8 8
      4.59191871550492219239e-05 	 4 3 9 1
     -2.98215420542179256234e-06 	 4 3 9 2
     -1.76241567713161903681e-05 	 4 3 9 3
     -7.33694820590844446655e-05 	 4 3 9 4
     -1.36443430655619463545e-04 	 4 3 9 5
      3.09737723704324392814e-05 	 4 3 9 6
     -9.92031300849534753957e-05 	 4 3 9 7
     -1.22856638388414987157e-05 	 4 3 9 8
     -2.33554877435857097950e-03 	 4 3 9 9
      3.16393883877931103576e-01 	 4 4 1 1
     -9.73467672927896072923e-05 	 4 4 2 1
      1.96202998203870715432e-01 	 4 4 2 2
      2.52155686722766066155e-03 	 4 4 3 1
      4.85776145107317484234e-04 	 4 4 3 2
      2.15198843706889936245e-01 	 4 4 3 3
     -1.58202313296934397868e-03 	 4 4 4 1
     -2.19133884820211231100e-04 	 4 4 4 2
     -4.37047749949707325934e-03 	 4 4 4 3
      5.64162278386190707558e-01 	 4 4 4 4
     -9.38060593757414953311e-05 	 4 4 5 1
      6.64543268101634829366e-04 	 4 4 5 2
     -3.28325659026039548723e-04 	 4 4 5 3
     -1.24116319874079551050e-04 	 4 4 5 4
      2.01077385382063378305e-01 	 4 4 5 5
     -2.45937379515980729730e-03 	 4 4 6 1
      3.31591071103660127179e-04 	 4 4 6 2
      2.13889428923532852120e-03 	 4 4 6 3
      4.25539782072537585422e-03 	 4 4 6 4
     -4.90672136053442431956e-04 	 4 4 6 5
      2.19351993768854336420e-01 	 4 4 6 6
     -5.04574970496423323707e-03 	 4 4 7 1
      3.00895499516654237049e-03 	 4 4 7 2
     -1.09751707323092035327e-03 	 4 4 7 3
     -1.27591830362971288271e-02 	 4 4 7 4
      1.78076082879409015348e-03 	 4 4 7 5
      7.73361179547213980871e-04 	 4 4 7 6
      3.02725477395682285309e-01 	 4 4 7 7
      3.99568191554775832552e-04 	 4 4 8 1
     -3.88940320708257248825e-03 	 4 4 8 2
      2.09155747829224176884e-04 	 4 4 8 3
     -4.19244072980290080621e-03 	 4 4 8 4
     -3.85426013337405353257e-03 	 4 4 8 5
     -2.14528096166269652929e-04 	 4 4 8 6
     -9.75530501742165562055e-04 	 4 4 8 7
      1.73263262834511155841e-01 	 4 4 8 8
      4.96723634222573980773e-03 	 4 4 9 1
     -1.77334070591824506831e-03 	 4 4 9 2
      7.84699957398762946298e-04 	 4 4 9 3
      1.27018595252624197367e-02 	 4 4 9 4
     -2.92885000452690466219e-03 	 4 4 9 5
     -1.06189608623825297411e-03 	 4 4 9 6
      9.04004252767462955498e-03 	 4 4 9 7
      8.83821782425066814447e-04 	 4 4 9 8
      3.07680613524395074609e-01 	 4 4 9 9
      5.00590342529709107951e-04 	 5 1 1 1
     -1.69849208495326781964e-06 	 5 1 2 1
     -6.76385881429603238405e-05 	 5 1 2 2
     -4.72521579833518179229e-05 	 5 1 3 1
      6.48046905521405509240e-07 	 5 1 3 2
      2.85430476937392557050e-04 	 5 1 3 3
     -5.18113872414966499143e-05 	 5 1 4 1
      1.47186139888305661137e-05 	 5 1 4 2
      7.73475318484495818800e-06 	 5 1 4 3
     -9.38060593757537603682e-05 	 5 1 4 4
      2.34517464191798752848e-05 	 5 1 5 1
      4.72776992422783029442e-06 	 5 1 5 2
      6.33409994184058167777e-06 	 5 1 5 3
      2.50879424350139047383e-05 	 5 1 5 4
      1.32906234369717249702e-03 	 5 1 5 5
     -1.11565579159356344100e-04 	 5 1 6 1
      2.67654972132763124792e-07 	 5 1 6 2
      5.38744029422490347374e-06 	 5 1 6 3
      3.02860205042005554423e-05 	 5 1 6 4
     -1.26212116060519238913e-06 	 5 1 6 5
     -5.89738108180892436905e-04 	 5 1 6 6
      2.39657909387627863097e-05 	 5 1 7 1
     -3.04589062161296997777e-05 	 5 1 7 2
     -2.20804358005878576134e-06 	 5 1 7 3
      3.47523941029127071472e-06 	 5 1 7 4
     -1.91220546150410434681e-05 	 5 1 7 5
     -1.26638546535969377172e-06 	 5 1 7 6
     -8.48874402296257590415e-05 	 5 1 7 7
      2.57298368337189698333e-06 	 5 1 8 1
      3.72969683073726081105e-05 	 5 1 8 2
      1.04813161720029345253e-07 	 5 1 8 3
      3.34392973084261729152e-06 	 5 1 8 4
      4.91219082772829335822e-05 	 5 1 8 5
     -5.36174838497159890268e-07 	 5 1 8 6
     -2.87663057528614230678e-06 	 5 1 8 7
      8.98689062302599427599e-05 	 5 1 8 8
      7.35292576552910560433e-06 	 5 1 9 1
     -2.21140141376352064007e-06 	 5 1 9 2
     -1.96907344341015446088e-07 	 5 1 9 3
     -1.13249230561951962602e-04 	 5 1 9 4
     -1.05685922922619949041e-04 	 5 1 9 5
      8.33016781097987588035e-06 	 5 1 9 6
     -1.19867153291133177211e-05 	 5 1 9 7
     -4.44820283191383876540e-05 	 5 1 9 8
      1.13616067613358411644e-04 	 5 1 9 9
      7.37612109132302707151e-04 	 5 2 1 1
      4.10018946989170542149e-06 	 5 2 2 1
     -2.77801770866729393072e-03 	 5 2 2 2
      4.99569399020106602398e-06 	 5 2 3 1
      1.51566781191769341840e-05 	 5 2 3 2
      4.45788385909081296896e-04 	 5 2 3 3
      9.91765160543096234652e-06 	 5 2 4 1
      8.05700226943077056586e-05 	 5 2 4 2
     -6.60375394828842531719e-06 	 5 2 4 3
      6.64543268101698688874e-04 	 5 2 4 4
      4.72776992422412791340e-06 	 5 2 5 1
      3.88844297255728176248e-04 	 5 2 5 2
     -6.95461768472483284439e-06 	 5 2 5 3
      9.73976004929449088246e-05 	 5 2 5 4
     -1.91465224498828310955e-03 	 5 2 5 5
      6.01781191759386680082e-06 	 5 2 6 1
      7.53280398388709067364e-06 	 5 2 6 2
     -1.77991009993569124709e-06 	 5 2 6 3
     -1.37790101571178358553e-05 	 5 2 6 4
     -1.60247244116580139480e-05 	 5 2 6 5
      1.18139186395051893307e-03 	 5 2 6 6
      3.42636710949358932936e-06 	 5 2 7 1
      4.00790862872915957735e-04 	 5 2 7 2
      1.04382301947492187608e-06 	 5 2 7 3
      3.02312468754597205890e-05 	 5 2 7 4
     -4.27805511732577578533e-05 	 5 2 7 5
     -3.06002802778431063578e-06 	 5 2 7 6
      6.15406965992591563873e-04 	 5 2 7 7
      3.49391958335128771933e-05 	 5 2 8 1
      6.88943110545974088041e-04 	 5 2 8 2
      1.10155451396208821163e-05 	 5 2 8 3
      5.73352893089813049534e-05 	 5 2 8 4
      6.95165353238958458673e-04 	 5 2 8 5
     -1.19675184208704878076e-05 	 5 2 8 6
     -7.46247057137984704705e-05 	 5 2 8 7
     -6.77885997805546553635e-03 	 5 2 8 8
     -1.73329508164986307141e-05 	 5 2 9 1
      4.40946549031767887289e-05 	 5 2 9 2
     -1.05133458136078073945e-06 	 5 2 9 3
     -4.03914293556693177432e-05 	 5 2 9 4
     -3.86602793931949747109e-04 	 5 2 9 5
      7.35303845158059405870e-06 	 5 2 9 6
     -2.89471396287296252607e-05 	 5 2 9 7
      5.83823859373933557208e-05 	 5 2 9 8
      1.49306320016155745327e-03 	 5 2 9 9
     -2.11735461990409908409e-04 	 5 3 1 1
     -2.79240424628851560880e-07 	 5 3 2 1
      2.80416573336935172063e-05 	 5 3 2 2
     -1.38055671655240565449e-05 	 5 3 3 1
     -5.73657954380260296298e-06 	 5 3 3 2
      3.71249164842705169087e-04 	 5 3 3 3
      2.16060335084243672159e-05 	 5 3 4 1
      1.13327265922187926797e-06 	 5 3 4 2
      7.71200306977516224086e-06 	 5 3 4 3
     -3.28325659026042096598e-04 	 5 3 4 4
      6.33409994184057490151e-06 	 5 3 5 1
     -6.95461768472371137277e-06 	 5 3 5 2
      4.41730661931580058193e-06 	 5 3 5 3
      8.74369684310366615261e-07 	 5 3 5 4
      7.18180104693718767035e-04 	 5 3 5 5
     -4.57656703457717333155e-06 	 5 3 6 1
     -7.92879411420504236676e-07 	 5 3 6 2
     -7.51548037866632530026e-06 	 5 3 6 3
      1.34833976786401703383e-06 	 5 3 6 4
      1.90066941373878274565e-06 	 5 3 6 5
     -2.54252208272212577508e-04 	 5 3 6 6
      7.54520004558683061015e-06 	 5 3 7 1
     -4.97440728056997642342e-06 	 5 3 7 2
      7.70989575412996039881e-06 	 5 3 7 3
      1.87823807346864915539e-06 	 5 3 7 4
     -9.98352103847000977275e-06 	 5 3 7 5
      8.53933454178726075999e-07 	 5 3 7 6
     -1.68454569834266209248e-04 	 5 3 7 7
     -8.92198224511494740104e-07 	 5 3 8 1
      8.69646112529220433475e-06 	 5 3 8 2
     -2.11175031537561816146e-06 	 5 3 8 3
      1.82618639340227591927e-06 	 5 3 8 4
     -1.67174831802654745268e-05 	 5 3 8 5
      3.01421830628262418641e-07 	 5 3 8 6
     -3.62911469342735888004e-07 	 5 3 8 7
      2.43773614989700493664e-04 	 5 3 8 8
     -5.19091503886624476972e-06 	 5 3 9 1
     -1.57823186657555291600e-06 	 5 3 9 2
      2.66378667190815256817e-06 	 5 3 9 3
     -4.03049876427436764973e-05 	 5 3 9 4
     -9.03524695715519622586e-06 	 5 3 9 5
      4.47500186391766111298e-06 	 5 3 9 6
     -1.29670396334232011532e-05 	 5 3 9 7
     -1.77190543682452719004e-05 	 5 3 9 8
     -1.69218398232557503975e-04 	 5 3 9 9
      1.13710652930467141439e-03 	 5 4 1 1
      1.22703301683748800796e-05 	 5 4 2 1
     -2.96049060097070600855e-03 	 5 4 2 2
      1.12211736453155349258e-04 	 5 4 3 1
     -2.29943060114725996047e-06 	 5 4 3 2
     -3.84311732781949730309e-04 	 5 4 3 3
     -8.17329527581125807323e-05 	 5 4 4 1
     -1.04315389655427017464e-04 	 5 4 4 2
     -8.24527807172525814767e-05 	 5 4 4 3
     -1.24116319874103701653e-04 	 5 4 4 4
      2.50879424350148263101e-05 	 5 4 5 1
      9.73976004929606568612e-05 	 5 4 5 2
      8.74369684310574350091e-07 	 5 4 5 3
      4.05754262602890691022e-04 	 5 4 5 4
      2.44162020932585073843e-03 	 5 4 5 5
      1.49167222031343956867e-04 	 5 4 6 1
      8.13318805318725831526e-07 	 5 4 6 2
      7.72283291032456453967e-07 	 5 4 6 3
     -9.22129819090863650684e-05 	 5 4 6 4
     -2.71631268893829499935e-05 	 5 4 6 5
      3.15938210022181833331e-03 	 5 4 6 6
      6.13792067928671332189e-06 	 5 4 7 1
     -1.17462823872721544832e-05 	 5 4 7 2
     -3.13495805458230853433e-05 	 5 4 7 3
      5.84459390758834424623e-04 	 5 4 7 4
      3.71416040023453812601e-05 	 5 4 7 5
     -2.41420553613052484617e-05 	 5 4 7 6
     -3.30071045297748591821e-03 	 5 4 7 7
      9.95678479550505706787e-06 	 5 4 8 1
      5.46828878825318767968e-07 	 5 4 8 2
     -9.76456059351111932952e-07 	 5 4 8 3
      6.19405216449336084835e-05 	 5 4 8 4
      4.36273055486837552357e-04 	 5 4 8 5
     -7.50465272077268116628e-06 	 5 4 8 6
      3.46826203576253540772e-07 	 5 4 8 7
     -2.41208508754025543683e-03 	 5 4 8 8
     -6.05502243152768445463e-05 	 5 4 9 1
      5.26791276100100036269e-05 	 5 4 9 2
      6.72147287367270859060e-06 	 5 4 9 3
      4.95513194324209769841e-04 	 5 4 9 4
     -6.29220099521058165958e-04 	 5 4 9 5
      4.92947102536732775259e-05 	 5 4 9 6
      4.19973588822132178305e-05 	 5 4 9 7
     -1.04545407018805699539e-04 	 5 4 9 8
      6.13939882179787704830e-03 	 5 4 9 9
      1.44196306509954019770e-01 	 5 5 1 1
     -1.30913026343337096646e-04 	 5 5 2 1
      1.73385262548046620301e-01 	 5 5 2 2
      1.03696637670564807167e-03 	 5 5 3 1
     -4.71541856449626486545e-05 	 5 5 3 2
      1.08936564726320128660e-01 	 5 5 3 3
      2.73177039088285745008e-03 	 5 5 4 1
     -1.28910758424132442998e-03 	 5 5 4 2
     -6.60760623556297887159e-04 	 5 5 4 3
      2.01077385382064044439e-01 	 5 5 4 4
      1.32906234369711329958e-03 	 5 5 5 1
     -1.91465224498812351499e-03 	 5 5 5 2
      7.18180104693704672407e-04 	 5 5 5 3
      2.44162020932557535108e-03 	 5 5 5 4
      5.21934084526561314910e-01 	 5 5 5 5
      2.18655169534508338983e-04 	 5 5 6 1
      1.44102797738316153767e-05 	 5 5 6 2
      5.03227913701420159591e-04 	 5 5 6 3
     -6.20986428918560845469e-04 	 5 5 6 4
      3.20385565054129805001e-05 	 5 5 6 5
      1.45125491445518339795e-01 	 5 5 6 6
     -1.81423183379882937624e-03 	 5 5 7 1
      3.84372049215330174182e-03 	 5 5 7 2
     -7.15322287696816978267e-05 	 5 5 7 3
     -2.60476119513364636274e-03 	 5 5 7 4
     -1.76661561922781878628e-03 	 5 5 7 5
      2.36880324855530573214e-04 	 5 5 7 6
      1.54931809077043486367e-01 	 5 5 7 7
      1.57899089049548842906e-05 	 5 5 8 1
     -2.09917939052784406628e-03 	 5 5 8 2
     -1.46058592359007944576e-04 	 5 5 8 3
      9.30223112830962876180e-04 	 5 5 8 4
     -1.58056015344258775357e-02 	 5 5 8 5
     -1.54869993903585759665e-04 	 5 5 8 6
     -1.39507488667143576301e-03 	 5 5 8 7
      2.86091774271900300963e-01 	 5 5 8 8
      1.20191052635307813780e-03 	 5 5 9 1
     -1.28027667280284002983e-03 	 5 5 9 2
      8.44810132609768852686e-04 	 5 5 9 3
      1.31846203291892112401e-03 	 5 5 9 4
     -1.62361495820776691179e-02 	 5 5 9 5
      1.66920986360756464124e-03 	 5 5 9 6
     -7.15534767604772371438e-04 	 5 5 9 7
     -6.40743992259310262555e-03 	 5 5 9 8
      3.08417095799538021339e-01 	 5 5 9 9
      1.26016086013871846626e-03 	 6 1 1 1
      4.56617109179066580651e-05 	 6 1 2 1
     -2.11399553338100301692e-03 	 6 1 2 2
      1.37790846611739745478e-03 	 6 1 3 1
      9.03783589889702661759e-07 	 6 1 3 2
     -4.01038700520096359770e-03 	 6 1 3 3
      7.54708799661830552659e-04 	 6 1 4 1
     -1.11882079072407323900e-04 	 6 1 4 2
     -1.23494148779678688350e-04 	 6 1 4 3
     -2.45937379515983852232e-03 	 6 1 4 4
     -1.11565579159349527179e-04 	 6 1 5 1
      6.01781191759180427559e-06 	 6 1 5 2
     -4.57656703457540049159e-06 	 6 1 5 3
      1.49167222031355639145e-04 	 6 1 5 4
      2.18655169534484893111e-04 	 6 1 5 5
      5.32146180863948912304e-03 	 6 1 6 1
     -1.25431473347245225420e-05 	 6 1 6 2
      4.27810994245707125212e-04 	 6 1 6 3
      2.03756029279975205528e-05 	 6 1 6 4
      3.20695031645067334415e-06 	 6 1 6 5
      1.22157181809726695515e-02 	 6 1 6 6
     -2.86177755744657888763e-05 	 6 1 7 1
      7.25472822610884123277e-05 	 6 1 7 2
      1.77025772125873390563e-06 	 6 1 7 3
      3.95944065428898426314e-04 	 6 1 7 4
      2.57142579581647824009e-05 	 6 1 7 5
      8.14661562765307877085e-05 	 6 1 7 6
     -3.20302723613653068588e-03 	 6 1 7 7
     -3.03389966369616420605e-05 	 6 1 8 1
     -8.06868592042005305519e-06 	 6 1 8 2
     -2.03636900000481357089e-06 	 6 1 8 3
      3.68519753611839666644e-05 	 6 1 8 4
      3.50032714569921489024e-05 	 6 1 8 5
     -3.26014447768451253357e-06 	 6 1 8 6
      5.62188080522882515787e-06 	 6 1 8 7
     -1.06479333436059419270e-03 	 6 1 8 8
     -4.29102280722304342195e-04 	 6 1 9 1
      3.75696583951868253999e-05 	 6 1 9 2
     -1.32006192412620602407e-05 	 6 1 9 3
      3.88800107199526346225e-04 	 6 1 9 4
      1.28100588648522310982e-04 	 6 1 9 5
     -1.32143182124609188293e-04 	 6 1 9 6
     -2.13615348221071003876e-05 	 6 1 9 7
      1.16631126254489856276e-05 	 6 1 9 8
      1.44814486623108138949e-03 	 6 1 9 9
      2.43160610473360850638e-04 	 6 2 1 1
     -6.46100882576105125740e-06 	 6 2 2 1
     -8.34397175653296989048e-04 	 6 2 2 2
     -3.81529740715587115059e-06 	 6 2 3 1
      1.79840154570480002477e-06 	 6 2 3 2
      2.29355765517541353811e-04 	 6 2 3 3
     -2.23067608019654702088e-05 	 6 2 4 1
     -2.02036523960134592524e-06 	 6 2 4 2
     -4.70764806819806163230e-07 	 6 2 4 3
      3.31591071103670101839e-04 	 6 2 4 4
      2.67654972132272957413e-07 	 6 2 5 1
      7.53280398388705509826e-06 	 6 2 5 2
     -7.92879411420633515080e-07 	 6 2 5 3
      8.13318805317234206506e-07 	 6 2 5 4
      1.44102797738269583895e-05 	 6 2 5 5
     -1.25431473347229216497e-05 	 6 2 6 1
      4.52350005807922719907e-06 	 6 2 6 2
      7.10701552390683810676e-06 	 6 2 6 3
      5.78515438177219050095e-06 	 6 2 6 4
     -5.79350479395117100219e-06 	 6 2 6 5
     -2.60955920071505797445e-04 	 6 2 6 6
     -5.96406320593747534963e-06 	 6 2 7 1
     -7.74701096262258135261e-06 	 6 2 7 2
     -5.26895292216254983788e-06 	 6 2 7 3
     -4.13483098258335385724e-05 	 6 2 7 4
     -1.43880625904909893933e-06 	 6 2 7 5
     -2.94995576438625736648e-06 	 6 2 7 6
      7.97547565156752139015e-05 	 6 2 7 7
      9.52058804177169453701e-07 	 6 2 8 1
      1.58807468933369632692e-05 	 6 2 8 2
      2.10101898836326435770e-07 	 6 2 8 3
     -1.75165163463953019389e-06 	 6 2 8 4
     -8.38870077336837885072e-06 	 6 2 8 5
     -2.19529953112614572173e-06 	 6 2 8 6
     -1.94854309125911834028e-05 	 6 2 8 7
     -2.94744279783855475836e-04 	 6 2 8 8
      5.76270860779306031872e-06 	 6 2 9 1
     -9.88203410762575041009e-06 	 6 2 9 2
     -7.70824363398329804123e-07 	 6 2 9 3
      1.05497306774502126010e-06 	 6 2 9 4
     -3.65501302444453725845e-06 	 6 2 9 5
     -7.34424244481168895219e-06 	 6 2 9 6
      1.36235548705469582641e-05 	 6 2 9 7
     -1.58170023701694377717e-06 	 6 2 9 8
      2.40290386822549596269e-04 	 6 2 9 9
      5.90060870286308186694e-03 	 6 3 1 1
      5.83073173647909269847e-06 	 6 3 2 1
      1.11307300289165481133e-03 	 6 3 2 2
     -4.35590005298924461737e-04 	 6 3 3 1
      2.82522051244651462942e-05 	 6 3 3 2
     -1.21182715252897917654e-04 	 6 3 3 3
     -8.14786824457541314966e-05 	 6 3 4 1
      1.26587572864151639798e-05 	 6 3 4 2
     -8.92967773086063905819e-05 	 6 3 4 3
      2.13889428923532722016e-03 	 6 3 4 4
      5.38744029422649758974e-06 	 6 3 5 1
     -1.77991009993327169748e-06 	 6 3 5 2
     -7.51548037866604323829e-06 	 6 3 5 3
      7.72283291035697202023e-07 	 6 3 5 4
      5.03227913701421352213e-04 	 6 3 5 5
      4.27810994245702517352e-04 	 6 3 6 1
      7.10701552390655011556e-06 	 6 3 6 2
      3.03701244995258318009e-04 	 6 3 6 3
      1.03694841604477934992e-04 	 6 3 6 4
     -2.76390285777886755478e-05 	 6 3 6 5
     -6.40781074529565342936e-04 	 6 3 6 6
      4.41221777489494182173e-05 	 6 3 7 1
     -2.18298949932585211635e-05 	 6 3 7 2
     -6.37580039149565565336e-05 	 6 3 7 3
     -1.93887643593730652511e-05 	 6 3 7 4
      9.56791135746705388439e-06 	 6 3 7 5
     -3.50290408477763378904e-06 	 6 3 7 6
      1.51075333573383405877e-03 	 6 3 7 7
      3.92589756695038603559e-06 	 6 3 8 1
     -6.73158898749089458247e-06 	 6 3 8 2
      8.77119280515982413721e-06 	 6 3 8 3
     -1.19912742696106281836e-05 	 6 3 8 4
     -1.11282866901474375540e-05 	 6 3 8 5
     -8.09868538193239213753e-06 	 6 3 8 6
     -6.84253946458470952384e-07 	 6 3 8 7
      7.82927196152422748623e-04 	 6 3 8 8
     -3.42989727667488282200e-05 	 6 3 9 1
     -1.04963651892524706963e-05 	 6 3 9 2
     -4.92174595573217080668e-06 	 6 3 9 3
      2.65655254362524272116e-05 	 6 3 9 4
      1.18071222782223433169e-05 	 6 3 9 5
     -6.82145986272154869999e-05 	 6 3 9 6
      4.86060685847661302071e-05 	 6 3 9 7
      1.21569790683537477599e-05 	 6 3 9 8
      8.90802763394088177942e-04 	 6 3 9 9
      3.74967273116292611201e-03 	 6 4 1 1
     -5.23676650039112129157e-06 	 6 4 2 1
      2.04149772217060996096e-03 	 6 4 2 2
     -1.15680412607949899230e-04 	 6 4 3 1
      1.13303238697518821829e-05 	 6 4 3 2
      2.63375188218362881257e-03 	 6 4 3 3
     -4.80812742957233715899e-04 	 6 4 4 1
      6.99054389726062598261e-05 	 6 4 4 2
     -5.79057857527902618581e-05 	 6 4 4 3
      4.25539782072532207780e-03 	 6 4 4 4
      3.02860205042036928524e-05 	 6 4 5 1
     -1.37790101571186405366e-05 	 6 4 5 2
      1.34833976786504363776e-06 	 6 4 5 3
     -9.22129819090783961824e-05 	 6 4 5 4
     -6.20986428918560628629e-04 	 6 4 5 5
      2.03756029279898227173e-05 	 6 4 6 1
      5.78515438177195841392e-06 	 6 4 6 2
      1.03694841604477474206e-04 	 6 4 6 3
      3.49533994709357487447e-04 	 6 4 6 4
     -3.21191110559425609615e-05 	 6 4 6 5
     -6.60060069377180549943e-03 	 6 4 6 6
      2.94218930203954839007e-05 	 6 4 7 1
     -1.37208807588827915369e-04 	 6 4 7 2
     -2.28338437377701989803e-05 	 6 4 7 3
     -6.85377737723926876460e-05 	 6 4 7 4
     -3.76540008827231504045e-06 	 6 4 7 5
      2.13892988488699311905e-05 	 6 4 7 6
      2.72802269653176767891e-03 	 6 4 7 7
      9.41922786231670309675e-06 	 6 4 8 1
      2.89380103361779277124e-05 	 6 4 8 2
      6.05321307329616190159e-06 	 6 4 8 3
     -7.03246626575367933748e-05 	 6 4 8 4
     -1.06466796829543577918e-05 	 6 4 8 5
     -1.13888690732381063264e-05 	 6 4 8 6
     -1.11455332260943784108e-06 	 6 4 8 7
      9.43056710742638738994e-04 	 6 4 8 8
      1.09635261876803814579e-04 	 6 4 9 1
     -3.44994584052518775104e-05 	 6 4 9 2
      1.29337786219821728199e-06 	 6 4 9 3
     -2.82991072141286828783e-04 	 6 4 9 4
      7.39944249424887525086e-06 	 6 4 9 5
     -7.90031656159828442462e-05 	 6 4 9 6
      7.60567462512836187484e-05 	 6 4 9 7
      1.84895692908405380646e-05 	 6 4 9 8
     -1.25964939541198315924e-03 	 6 4 9 9
      3.69161051704062890709e-05 	 6 5 1 1
     -5.68950246382839319289e-07 	 6 5 2 1
      6.86145295180237658680e-05 	 6 5 2 2
      1.71280016900288500968e-06 	 6 5 3 1
     -2.03697094850269902542e-06 	 6 5 3 2
      3.05175008540013488619e-05 	 6 5 3 3
      6.50895432737874743857e-05 	 6 5 4 1
      1.03747794956815832890e-06 	 6 5 4 2
      1.04488377173099532199e-05 	 6 5 4 3
     -4.90672136053425518402e-04 	 6 5 4 4
     -1.26212116060591977867e-06 	 6 5 5 1
     -1.60247244116582680579e-05 	 6 5 5 2
      1.90066941373859491609e-06 	 6 5 5 3
     -2.71631268893851522792e-05 	 6 5 5 4
      3.20385565054082506681e-05 	 6 5 5 5
      3.20695031645204214939e-06 	 6 5 6 1
     -5.79350479395118878989e-06 	 6 5 6 2
     -2.76390285777884620955e-05 	 6 5 6 3
     -3.21191110559423373448e-05 	 6 5 6 4
      4.07862862919161303123e-05 	 6 5 6 5
      3.29633145748486813126e-03 	 6 5 6 6
      1.56751513916008257019e-05 	 6 5 7 1
      2.70098237691106575232e-06 	 6 5 7 2
      4.60629563803097674229e-06 	 6 5 7 3
     -9.72790562899636416453e-06 	 6 5 7 4
     -6.14662542875153852058e-06 	 6 5 7 5
      1.27709357426661865878e-05 	 6 5 7 6
     -1.16941395005799354551e-04 	 6 5 7 7
     -2.31242227809289855827e-06 	 6 5 8 1
     -1.43882432904646160600e-06 	 6 5 8 2
     -9.27934741145281467323e-07 	 6 5 8 3
     -1.59669978861355548456e-06 	 6 5 8 4
     -6.63599997927927915103e-05 	 6 5 8 5
      1.31879726167630593342e-05 	 6 5 8 6
     -3.47539213205108714954e-07 	 6 5 8 7
      2.58059598558411755487e-04 	 6 5 8 8
     -1.21180043159365460588e-05 	 6 5 9 1
     -5.72323983336634563892e-06 	 6 5 9 2
      3.51080880090783727744e-07 	 6 5 9 3
     -9.61948020565310650553e-06 	 6 5 9 4
      6.77780208846897707893e-05 	 6 5 9 5
      4.59525376699125765899e-05 	 6 5 9 6
     -1.02000612335613501775e-05 	 6 5 9 7
     -6.42541913598564712208e-07 	 6 5 9 8
     -7.29483392748393548975e-04 	 6 5 9 9
      4.13650575663102870738e-01 	 6 6 1 1
      1.51036814930014076956e-04 	 6 6 2 1
     -1.75547071700186962939e-03 	 6 6 2 2
      4.50483176229986466421e-03 	 6 6 3 1
     -1.23509780590636128114e-04 	 6 6 3 2
      2.30854349395746588636e-01 	 6 6 3 3
     -1.39246679698570982250e-03 	 6 6 4 1
     -1.11773463491530154236e-03 	 6 6 4 2
     -4.07065420547489918712e-03 	 6 6 4 3
      2.19351993768854308664e-01 	 6 6 4 4
     -5.89738108180895797931e-04 	 6 6 5 1
      1.18139186395051416258e-03 	 6 6 5 2
     -2.54252208272213824341e-04 	 6 6 5 3
      3.15938210022181920067e-03 	 6 6 5 4
      1.45125491445518173261e-01 	 6 6 5 5
      1.22157181809727181238e-02 	 6 6 6 1
     -2.60955920071506827437e-04 	 6 6 6 2
     -6.40781074529544417834e-04 	 6 6 6 3
     -6.60060069377179162164e-03 	 6 6 6 4
      3.29633145748486596285e-03 	 6 6 6 5
      8.77139323636975443144e-01 	 6 6 6 6
      1.02288912736591612422e-03 	 6 6 7 1
      7.83616838466945180020e-04 	 6 6 7 2
     -1.68475825696497074485e-03 	 6 6 7 3
      4.47417492465210621735e-04 	 6 6 7 4
      8.32054147592294871157e-04 	 6 6 7 5
      1.51120039680871303626e-04 	 6 6 7 6
      6.67497667755814205748e-02 	 6 6 7 7
      8.62055990177784599608e-05 	 6 6 8 1
     -1.68368481290717859900e-03 	 6 6 8 2
     -1.34391183602613237084e-04 	 6 6 8 3
     -4.93814519582475757245e-04 	 6 6 8 4
     -1.37327308610376967214e-04 	 6 6 8 5
      1.08219649662622658358e-03 	 6 6 8 6
     -2.07458771961843832163e-03 	 6 6 8 7
      4.10443339021022146618e-02 	 6 6 8 8
     -5.50760940190328507349e-03 	 6 6 9 1
      6.62396940150096735214e-05 	 6 6 9 2
     -1.58445570258647816693e-04 	 6 6 9 3
      2.57122297893190793552e-03 	 6 6 9 4
      3.60758049062543566590e-03 	 6 6 9 5
      2.98773137803995869274e-03 	 6 6 9 6
      3.46463258470666550515e-03 	 6 6 9 7
      8.92510561137297006237e-05 	 6 6 9 8
      2.42547991256999218024e-01 	 6 6 9 9
      5.09346663718601797705e-03 	 7 1 1 1
     -6.23700318903138361485e-06 	 7 1 2 1
     -1.06834148725860607169e-03 	 7 1 2 2
     -4.13455989497453393466e-04 	 7 1 3 1
     -1.23294517507659388172e-05 	 7 1 3 2
      3.83840377404741795592e-03 	 7 1 3 3
      3.19888077257934964458e-04 	 7 1 4 1
      3.62307621085681310627e-05 	 7 1 4 2
      9.05481078600887544141e-05 	 7 1 4 3
     -5.04574970496425752320e-03 	 7 1 4 4
      2.39657909387651308969e-05 	 7 1 5 1
      3.42636710949008091890e-06 	 7 1 5 2
      7.54520004558707963783e-06 	 7 1 5 3
      6.13792067930201751318e-06 	 7 1 5 4
     -1.81423183379886515491e-03 	 7 1 5 5
     -2.86177755744569458523e-05 	 7 1 6 1
     -5.96406320593744739754e-06 	 7 1 6 2
      4.41221777489509225478e-05 	 7 1 6 3
      2.94218930204003221529e-05 	 7 1 6 4
      1.56751513916008053731e-05 	 7 1 6 5
      1.02288912736589790962e-03 	 7 1 6 6
      4.09606145945470249015e-04 	 7 1 7 1
     -2.65116808680518139477e-04 	 7 1 7 2
     -6.15688368843773433531e-06 	 7 1 7 3
      7.77624635114656484643e-04 	 7 1 7 4
     -4.90182617764241837727e-05 	 7 1 7 5
     -4.51015336009142483943e-05 	 7 1 7 6
     -3.15690114410223853988e-03 	 7 1 7 7
     -8.60758998877755514376e-06 	 7 1 8 1
      1.90786577421393793068e-04 	 7 1 8 2
     -5.03692663783299842117e-06 	 7 1 8 3
      2.45175400004096451841e-05 	 7 1 8 4
      1.14810677288214722683e-04 	 7 1 8 5
      7.19007248952704384229e-06 	 7 1 8 6
      1.80182248874187788984e-05 	 7 1 8 7
     -1.32739751831918478993e-03 	 7 1 8 8
     -1.70628530816095268664e-04 	 7 1 9 1
      3.40268067098804108460e-05 	 7 1 9 2
     -1.10310756411207354209e-05 	 7 1 9 3
     -2.10247849804082458276e-04 	 7 1 9 4
      8.06833129243458998213e-05 	 7 1 9 5
      9.51562888621102043554e-06 	 7 1 9 6
     -1.76411802879811993377e-04 	 7 1 9 7
     -9.81912506653378810832e-06 	 7 1 9 8
     -2.56493456984283963243e-03 	 7 1 9 9
     -9.93410045495516768471e-04 	 7 2 1 1
      1.04005914910505826748e-04 	 7 2 2 1
      1.53544713005851624077e-02 	 7 2 2 2
      1.21646385351482555948e-04 	 7 2 3 1
      6.72444003032128274217e-05 	 7 2 3 2
     -2.53953252110407715070e-03 	 7 2 3 3
      5.79295682102692107568e-04 	 7 2 4 1
      6.39506523850972880170e-04 	 7 2 4 2
      9.27610135940441965280e-06 	 7 2 4 3
      3.00895499516643048082e-03 	 7 2 4 4
     -3.04589062161203925796e-05 	 7 2 5 1
      4.00790862872926853967e-04 	 7 2 5 2
     -4.97440728056758694347e-06 	 7 2 5 3
     -1.17462823872446157480e-05 	 7 2 5 4
      3.84372049215341710093e-03 	 7 2 5 5
      7.25472822610774347807e-05 	 7 2 6 1
     -7.74701096262484123652e-06 	 7 2 6 2
     -2.18298949932611910114e-05 	 7 2 6 3
     -1.37208807588829866933e-04 	 7 2 6 4
      2.70098237690883254995e-06 	 7 2 6 5
      7.83616838466944963179e-04 	 7 2 6 6
     -2.65116808680502526966e-04 	 7 2 7 1
      7.24193732808414702973e-03 	 7 2 7 2
      2.91973451401396735024e-04 	 7 2 7 3
      4.50664337903491300352e-04 	 7 2 7 4
      8.87868044544594132300e-05 	 7 2 7 5
      1.55510551228803413620e-04 	 7 2 7 6
      1.52630795673572312171e-02 	 7 2 7 7
      6.72611734805606784364e-05 	 7 2 8 1
      5.32138980494772321356e-04 	 7 2 8 2
      1.81470461242698198948e-05 	 7 2 8 3
      2.75111877091426318669e-04 	 7 2 8 4
     -6.49035464007371326080e-04 	 7 2 8 5
     -1.73556277531606674219e-05 	 7 2 8 6
      7.38572394134137926586e-04 	 7 2 8 7
      1.55694325584317333835e-03 	 7 2 8 8
      6.86766796633263157737e-05 	 7 2 9 1
     -8.97367409146120076097e-05 	 7 2 9 2
      4.44375585724198120122e-05 	 7 2 9 3
      5.32497241485023432503e-04 	 7 2 9 4
     -4.84817446934516919129e-04 	 7 2 9 5
      3.75221429102145774570e-05 	 7 2 9 6
     -3.42642419711899773663e-04 	 7 2 9 7
     -5.29766239876515362137e-05 	 7 2 9 8
      4.18432262549399240636e-03 	 7 2 9 9
     -2.02640303360549075759e-03 	 7 3 1 1
      9.31779163277515976244e-06 	 7 3 2 1
      2.39160303192483686407e-03 	 7 3 2 2
      1.30798552386622829024e-04 	 7 3 3 1
     -4.53830260736510395620e-05 	 7 3 3 2
      2.79430634298474984967e-03 	 7 3 3 3
      2.01424305731144056642e-04 	 7 3 4 1
      5.11603481369840419157e-05 	 7 3 4 2
      8.59679876792748316359e-05 	 7 3 4 3
     -1.09751707323093184582e-03 	 7 3 4 4
     -2.20804358005781590862e-06 	 7 3 5 1
      1.04382301947335147700e-06 	 7 3 5 2
      7.70989575413013996979e-06 	 7 3 5 3
     -3.13495805458176033460e-05 	 7 3 5 4
     -7.15322287696978795441e-05 	 7 3 5 5
      1.77025772126221859917e-06 	 7 3 6 1
     -5.26895292216271755040e-06 	 7 3 6 2
     -6.37580039149563939033e-05 	 7 3 6 3
     -2.28338437377672174244e-05 	 7 3 6 4
      4.60629563803061844735e-06 	 7 3 6 5
     -1.68475825696497378062e-03 	 7 3 6 6
     -6.15688368843831878804e-06 	 7 3 7 1
      2.91973451401393861888e-04 	 7 3 7 2
      1.43923949724203100505e-04 	 7 3 7 3
      3.97769331523106512826e-05 	 7 3 7 4
     -3.66632897288602857674e-05 	 7 3 7 5
      2.53920473753746161571e-05 	 7 3 7 6
      3.61666076066982167606e-03 	 7 3 7 7
     -5.36517057437266472817e-07 	 7 3 8 1
      1.80916335502321535991e-05 	 7 3 8 2
     -1.41555078614102941494e-05 	 7 3 8 3
      2.54170582302688097395e-05 	 7 3 8 4
     -5.95227278165897554429e-06 	 7 3 8 5
      1.64187839648044501579e-06 	 7 3 8 6
      8.15426260607918446457e-05 	 7 3 8 7
      9.81474263004783725045e-04 	 7 3 8 8
      1.14460391802554571009e-06 	 7 3 9 1
      5.37564458667318154463e-06 	 7 3 9 2
      1.54525359947148430639e-05 	 7 3 9 3
     -3.43085015393218166263e-05 	 7 3 9 4
     -4.29521937694754115593e-05 	 7 3 9 5
      1.46030033459624796724e-05 	 7 3 9 6
     -7.17693009256004750204e-05 	 7 3 9 7
      1.53599265535753549315e-06 	 7 3 9 8
     -8.51811386063180834075e-04 	 7 3 9 9
     -1.29497892213444954282e-03 	 7 4 1 1
      1.14583095502148450033e-04 	 7 4 2 1
     -5.05712481778946123037e-04 	 7 4 2 2
      3.91107089333914039863e-04 	 7 4 3 1
     -9.05555158606634776335e-06 	 7 4 3 2
     -3.18137310564664543833e-03 	 7 4 3 3
     -1.08042741956352055140e-03 	 7 4 4 1
     -4.99341592066272462261e-04 	 7 4 4 2
     -2.80052254443905650552e-04 	 7 4 4 3
     -1.27591830362970299478e-02 	 7 4 4 4
      3.47523941029266323689e-06 	 7 4 5 1
      3.02312468754256292070e-05 	 7 4 5 2
      1.87823807346870336550e-06 	 7 4 5 3
      5.84459390758852856060e-04 	 7 4 5 4
     -2.60476119513384975906e-03 	 7 4 5 5
      3.95944065428926615571e-04 	 7 4 6 1
     -4.13483098258337825178e-05 	 7 4 6 2
     -1.93887643593671461849e-05 	 7 4 6 3
     -6.85377737723779696015e-05 	 7 4 6 4
     -9.72790562899576785334e-06 	 7 4 6 5
      4.47417492465196527107e-04 	 7 4 6 6
      7.77624635114661038292e-04 	 7 4 7 1
      4.50664337903430964501e-04 	 7 4 7 2
      3.97769331523110714110e-05 	 7 4 7 3
      6.81473027668259064699e-03 	 7 4 7 4
     -1.06027094479386885663e-04 	 7 4 7 5
     -1.76464808182401220122e-04 	 7 4 7 6
     -1.40784079401511646318e-02 	 7 4 7 7
     -4.30150719722649489495e-06 	 7 4 8 1
      6.44518104035218006125e-04 	 7 4 8 2
     -6.78560347625112345417e-06 	 7 4 8 3
      2.29201362371432004468e-06 	 7 4 8 4
      4.66114014475669201625e-04 	 7 4 8 5
     -1.62888522996460268288e-06 	 7 4 8 6
      3.76299717142510167442e-04 	 7 4 8 7
     -2.34047179362579377271e-03 	 7 4 8 8
     -1.98728417838668028773e-04 	 7 4 9 1
      2.78059861143281508798e-04 	 7 4 9 2
     -2.08129981866444281917e-05 	 7 4 9 3
      1.49020903702606032082e-03 	 7 4 9 4
      5.29515556294238580633e-04 	 7 4 9 5
      3.68703801322803532449e-05 	 7 4 9 6
     -9.18985948000927851086e-04 	 7 4 9 7
      2.78774498351464551117e-05 	 7 4 9 8
     -3.91730804733878674138e-05 	 7 4 9 9
      8.39417018350244572081e-04 	 7 5 1 1
      2.03374064334384947966e-06 	 7 5 2 1
      1.16843346640513041750e-03 	 7 5 2 2
      3.73567219989132985537e-05 	 7 5 3 1
     -5.80281134195387356014e-06 	 7 5 3 2
      6.99014540449251763640e-06 	 7 5 3 3
     -9.77769997273066788165e-08 	 7 5 4 1
     -5.23150649730713123721e-05 	 7 5 4 2
     -3.50379177057764799224e-05 	 7 5 4 3
      1.78076082879412831740e-03 	 7 5 4 4
     -1.91220546150401625538e-05 	 7 5 5 1
     -4.27805511732687421766e-05 	 7 5 5 2
     -9.98352103846985222462e-06 	 7 5 5 3
      3.71416040023588728009e-05 	 7 5 5 4
     -1.76661561922778170657e-03 	 7 5 5 5
      2.57142579581624140968e-05 	 7 5 6 1
     -1.43880625904843190088e-06 	 7 5 6 2
      9.56791135746733509932e-06 	 7 5 6 3
     -3.76540008828109284289e-06 	 7 5 6 4
     -6.14662542875081854257e-06 	 7 5 6 5
      8.32054147592278066023e-04 	 7 5 6 6
     -4.90182617764192642053e-05 	 7 5 7 1
      8.87868044544516611845e-05 	 7 5 7 2
     -3.66632897288590795925e-05 	 7 5 7 3
     -1.06027094479375311805e-04 	 7 5 7 4
      1.19989448602135154306e-04 	 7 5 7 5
     -2.02463128337176587112e-06 	 7 5 7 6
     -1.94486577135143806627e-03 	 7 5 7 7
     -7.37727655889276378920e-08 	 7 5 8 1
     -2.98414034274761190250e-04 	 7 5 8 2
     -6.67850152987745670474e-07 	 7 5 8 3
     -9.25063245211415079757e-06 	 7 5 8 4
     -4.39408270463013942071e-05 	 7 5 8 5
      2.37479086038957612285e-07 	 7 5 8 6
      4.44290997160838170804e-05 	 7 5 8 7
      1.23184334994720081843e-03 	 7 5 8 8
      3.24287428840450191398e-05 	 7 5 9 1
     -3.27111384173088866678e-06 	 7 5 9 2
      9.13598789654225990108e-06 	 7 5 9 3
      2.77980497179421105151e-04 	 7 5 9 4
     -8.92397940558508208191e-05 	 7 5 9 5
     -5.65800285831145387483e-06 	 7 5 9 6
      8.33660003971645885423e-05 	 7 5 9 7
      4.16381659805521752490e-05 	 7 5 9 8
      1.47200584877768634456e-03 	 7 5 9 9
     -7.65721194090248480748e-05 	 7 6 1 1
      1.53783785651162464537e-07 	 7 6 2 1
      1.12450884935981639499e-03 	 7 6 2 2
      1.21382592564549268997e-05 	 7 6 3 1
     -1.19731827122548764019e-07 	 7 6 3 2
     -1.77659111270182887982e-04 	 7 6 3 3
      9.99813551068728657541e-05 	 7 6 4 1
      8.28503952210000016562e-06 	 7 6 4 2
      2.09756985710988586789e-06 	 7 6 4 3
      7.73361179547209210382e-04 	 7 6 4 4
     -1.26638546536059522653e-06 	 7 6 5 1
     -3.06002802778446987797e-06 	 7 6 5 2
      8.53933454178543752157e-07 	 7 6 5 3
     -2.41420553613095005671e-05 	 7 6 5 4
      2.36880324855535668964e-04 	 7 6 5 5
      8.14661562765316415178e-05 	 7 6 6 1
     -2.94995576438632894076e-06 	 7 6 6 2
     -3.50290408477732631608e-06 	 7 6 6 3
      2.13892988488697516195e-05 	 7 6 6 4
      1.27709357426661256014e-05 	 7 6 6 5
      1.51120039680868918381e-04 	 7 6 6 6
     -4.51015336009148718106e-05 	 7 6 7 1
      1.55510551228806015705e-04 	 7 6 7 2
      2.53920473753743722116e-05 	 7 6 7 3
     -1.76464808182404797989e-04 	 7 6 7 4
     -2.02463128336852808768e-06 	 7 6 7 5
      3.27393265339130605366e-05 	 7 6 7 6
      1.92769851232883196110e-03 	 7 6 7 7
      1.36147745504215711305e-06 	 7 6 8 1
     -4.43723935400358333175e-05 	 7 6 8 2
      9.70092794485663225244e-07 	 7 6 8 3
     -1.44597423052138701659e-06 	 7 6 8 4
     -3.45879953601586678769e-05 	 7 6 8 5
      3.44323344807830916504e-06 	 7 6 8 6
      2.04770274171178591547e-05 	 7 6 8 7
      6.52517818187645483666e-04 	 7 6 8 8
      1.52256078439911244086e-05 	 7 6 9 1
     -9.30177499680679206870e-06 	 7 6 9 2
      7.55921293578586572966e-06 	 7 6 9 3
      2.22137783997043823539e-05 	 7 6 9 4
     -4.69830068618354345159e-05 	 7 6 9 5
      1.50895570140668093464e-05 	 7 6 9 6
      1.52669392002500146910e-05 	 7 6 9 7
      1.36312650707119845204e-06 	 7 6 9 8
     -3.98026186457894182559e-05 	 7 6 9 9
      1.74781650105178848476e-01 	 7 7 1 1
      2.28223020188320687568e-04 	 7 7 2 1
      3.77568795687777736259e-01 	 7 7 2 2
     -1.23543808500243363843e-03 	 7 7 3 1
      7.77186870470283658503e-04 	 7 7 3 2
      1.88941547611629623304e-01 	 7 7 3 3
      3.34064262924370662319e-03 	 7 7 4 1
      5.78816013155219327713e-03 	 7 7 4 2
      1.48864478219959232852e-03 	 7 7 4 3
      3.02725477395681952242e-01 	 7 7 4 4
     -8.48874402296468061162e-05 	 7 7 5 1
      6.15406965992577035564e-04 	 7 7 5 2
     -1.68454569834271765784e-04 	 7 7 5 3
     -3.30071045297754750089e-03 	 7 7 5 4
      1.54931809077043347589e-01 	 7 7 5 5
     -3.20302723613651203760e-03 	 7 7 6 1
      7.97547565156746989055e-05 	 7 7 6 2
      1.51075333573383449245e-03 	 7 7 6 3
      2.72802269653177461781e-03 	 7 7 6 4
     -1.16941395005797646933e-04 	 7 7 6 5
      6.67497667755817258861e-02 	 7 7 6 6
     -3.15690114410223290203e-03 	 7 7 7 1
      1.52630795673571895837e-02 	 7 7 7 2
      3.61666076066981647189e-03 	 7 7 7 3
     -1.40784079401512669805e-02 	 7 7 7 4
     -1.94486577135145584719e-03 	 7 7 7 5
      1.92769851232883152742e-03 	 7 7 7 6
      5.74533665900610168720e-01 	 7 7 7 7
      2.69433810884944389616e-04 	 7 7 8 1
     -1.23723491400804354659e-03 	 7 7 8 2
      3.35056275066247149022e-04 	 7 7 8 3
      5.12058159505991770770e-04 	 7 7 8 4
     -3.57503425359900674912e-03 	 7 7 8 5
      1.03921064265981706555e-05 	 7 7 8 6
      3.33742547645692706412e-03 	 7 7 8 7
      2.38532578120063121219e-01 	 7 7 8 8
      3.54304368485064587191e-03 	 7 7 9 1
     -1.46359840233813913273e-03 	 7 7 9 2
      8.36485019665578476448e-05 	 7 7 9 3
      2.67667962728359242440e-05 	 7 7 9 4
     -4.42458160790065203882e-03 	 7 7 9 5
     -6.22803641250380818351e-04 	 7 7 9 6
      1.87205337947243203450e-03 	 7 7 9 7
      1.15302709674870024203e-03 	 7 7 9 8
      1.51770349101391893720e-01 	 7 7 9 9
      5.46067976898644675231e-04 	 8 1 1 1
      2.50823018356824463545e-06 	 8 1 2 1
     -7.35846343917922367846e-05 	 8 1 2 2
      3.14790855714036359072e-05 	 8 1 3 1
      2.22251724425031494542e-06 	 8 1 3 2
      1.00570031974967721925e-05 	 8 1 3 3
     -4.29767997531883599784e-05 	 8 1 4 1
      8.21526814504031442480e-06 	 8 1 4 2
     -1.15291127982794915655e-05 	 8 1 4 3
      3.99568191554779789890e-04 	 8 1 4 4
      2.57298368337123079192e-06 	 8 1 5 1
      3.49391958335183591905e-05 	 8 1 5 2
     -8.92198224511693686967e-07 	 8 1 5 3
      9.95678479549942260470e-06 	 8 1 5 4
      1.57899089049908323689e-05 	 8 1 5 5
     -3.03389966369651453888e-05 	 8 1 6 1
      9.52058804177473115012e-07 	 8 1 6 2
      3.92589756694923491782e-06 	 8 1 6 3
      9.41922786231504799437e-06 	 8 1 6 4
     -2.31242227809246021872e-06 	 8 1 6 5
      8.62055990177847618859e-05 	 8 1 6 6
     -8.60758998877809216265e-06 	 8 1 7 1
      6.72611734805563551802e-05 	 8 1 7 2
     -5.36517057437253132048e-07 	 8 1 7 3
     -4.30150719721961614038e-06 	 8 1 7 4
     -7.37727655926037873528e-08 	 8 1 7 5
      1.36147745504224922789e-06 	 8 1 7 6
      2.69433810884960164758e-04 	 8 1 7 7
      1.53459511120712962628e-05 	 8 1 8 1
      2.93465345324782200386e-05 	 8 1 8 2
      5.34336674021179000257e-06 	 8 1 8 3
      2.89291076067140568091e-05 	 8 1 8 4
      2.99902554207381819029e-05 	 8 1 8 5
     -5.44190719940003831551e-06 	 8 1 8 6
      2.38488043949028269013e-06 	 8 1 8 7
     -1.57360661741416966650e-03 	 8 1 8 8
      7.16796072828166097861e-06 	 8 1 9 1
      2.09756265132528387064e-07 	 8 1 9 2
      1.56941888108042487622e-06 	 8 1 9 3
      3.24898030053474020745e-06 	 8 1 9 4
     -6.57926083936977352563e-05 	 8 1 9 5
      1.16558036566872368353e-07 	 8 1 9 6
     -6.19086158954606879026e-07 	 8 1 9 7
     -4.06657830097291200544e-06 	 8 1 9 8
      3.60281813669983822564e-04 	 8 1 9 9
     -1.44671464140539622958e-03 	 8 2 1 1
      5.01522484508229611771e-05 	 8 2 2 1
     -1.50142726492180703102e-02 	 8 2 2 2
     -3.73335573796080544252e-05 	 8 2 3 1
      6.70011945726650047462e-05 	 8 2 3 2
     -2.61112393291473908301e-04 	 8 2 3 3
     -1.91729084110322243236e-04 	 8 2 4 1
      4.39645085411049173999e-04 	 8 2 4 2
      1.93753591049793241546e-05 	 8 2 4 3
     -3.88940320708257899346e-03 	 8 2 4 4
      3.72969683073815527785e-05 	 8 2 5 1
      6.88943110545853633180e-04 	 8 2 5 2
      8.69646112529511135182e-06 	 8 2 5 3
      5.46828878862122349526e-07 	 8 2 5 4
     -2.09917939052793860871e-03 	 8 2 5 5
     -8.06868592039757280077e-06 	 8 2 6 1
      1.58807468933355300895e-05 	 8 2 6 2
     -6.73158898748745224057e-06 	 8 2 6 3
      2.89380103361892542370e-05 	 8 2 6 4
     -1.43882432904779525938e-06 	 8 2 6 5
     -1.68368481290716992538e-03 	 8 2 6 6
      1.90786577421364628030e-04 	 8 2 7 1
      5.32138980494885186802e-04 	 8 2 7 2
      1.80916335502225516336e-05 	 8 2 7 3
      6.44518104035089636587e-04 	 8 2 7 4
     -2.98414034274714786397e-04 	 8 2 7 5
     -4.43723935400294094197e-05 	 8 2 7 6
     -1.23723491400823870298e-03 	 8 2 7 7
      2.93465345324768715621e-05 	 8 2 8 1
      7.01266806001107825125e-03 	 8 2 8 2
     -1.42209480965849995531e-05 	 8 2 8 3
     -2.82494720173928741413e-05 	 8 2 8 4
     -5.82323301611506211756e-04 	 8 2 8 5
     -3.60397729820098261327e-05 	 8 2 8 6
     -6.61932161323973010554e-04 	 8 2 8 7
     -1.52701262066680543833e-02 	 8 2 8 8
     -1.03026481005834581457e-04 	 8 2 9 1
      4.35423506466188074996e-05 	 8 2 9 2
     -3.44125442582169402232e-05 	 8 2 9 3
     -4.62660511801790989492e-04 	 8 2 9 4
      6.42385089075205527841e-04 	 8 2 9 5
     -6.52716288538097159011e-06 	 8 2 9 6
     -1.09421041188271226437e-04 	 8 2 9 7
     -4.17242740917674449861e-04 	 8 2 9 8
     -3.88093842339114290102e-03 	 8 2 9 9
     -6.09438354977255992550e-05 	 8 3 1 1
      6.54400395092086020902e-07 	 8 3 2 1
      2.21466323248703978073e-04 	 8 3 2 2
     -2.92257995687723296204e-06 	 8 3 3 1
      1.32311848870652380239e-05 	 8 3 3 2
     -1.14749553875623916920e-03 	 8 3 3 3
     -1.59954249680979484886e-05 	 8 3 4 1
      6.95995232920857216294e-06 	 8 3 4 2
     -1.13391202807085137024e-05 	 8 3 4 3
      2.09155747829225017141e-04 	 8 3 4 4
      1.04813161719794902415e-07 	 8 3 5 1
      1.10155451396221323369e-05 	 8 3 5 2
     -2.11175031537568507706e-06 	 8 3 5 3
     -9.76456059352640403905e-07 	 8 3 5 4
     -1.46058592358998783067e-04 	 8 3 5 5
     -2.03636900000556615966e-06 	 8 3 6 1
      2.10101898836383875191e-07 	 8 3 6 2
      8.77119280515953784008e-06 	 8 3 6 3
      6.05321307329561133018e-06 	 8 3 6 4
     -9.27934741145160553370e-07 	 8 3 6 5
     -1.34391183602612017357e-04 	 8 3 6 6
     -5.03692663783290694161e-06 	 8 3 7 1
      1.81470461242687932909e-05 	 8 3 7 2
     -1.41555078614102297749e-05 	 8 3 7 3
     -6.78560347624965300498e-06 	 8 3 7 4
     -6.67850152988482059743e-07 	 8 3 7 5
      9.70092794485641202388e-07 	 8 3 7 6
      3.35056275066248992166e-04 	 8 3 7 7
      5.34336674021187894103e-06 	 8 3 8 1
     -1.42209480965860532621e-05 	 8 3 8 2
      6.62399580136008718940e-06 	 8 3 8 3
      1.00069471645342603663e-05 	 8 3 8 4
      3.64320833670956495398e-05 	 8 3 8 5
     -1.79761577064427081646e-06 	 8 3 8 6
      7.43352253861150133062e-06 	 8 3 8 7
     -5.42145125983477184535e-04 	 8 3 8 8
      8.11551563732848226440e-06 	 8 3 9 1
      2.59473447287335588980e-07 	 8 3 9 2
     -3.28931501330261155753e-06 	 8 3 9 3
     -1.74149680081797803225e-06 	 8 3 9 4
     -1.74776938338396175350e-05 	 8 3 9 5
     -1.33213667212629109100e-06 	 8 3 9 6
      1.08645778418521122904e-06 	 8 3 9 7
      5.70533385390599333866e-06 	 8 3 9 8
     -1.85166734361775744055e-06 	 8 3 9 9
     -1.50625824144423581773e-03 	 8 4 1 1
      3.26359208038355773842e-06 	 8 4 2 1
      8.18879319981148678410e-04 	 8 4 2 2
     -3.54318990390496547211e-05 	 8 4 3 1
      1.48457449081431200529e-06 	 8 4 3 2
     -5.88683033384843719046e-04 	 8 4 3 3
      7.03295809679286827807e-05 	 8 4 4 1
      5.97712087424634398378e-05 	 8 4 4 2
      6.76968187686619163107e-05 	 8 4 4 3
     -4.19244072980285917285e-03 	 8 4 4 4
      3.34392973083848080612e-06 	 8 4 5 1
      5.73352893090100430872e-05 	 8 4 5 2
      1.82618639340098737040e-06 	 8 4 5 3
      6.19405216449052430441e-05 	 8 4 5 4
      9.30223112831149575794e-04 	 8 4 5 5
      3.68519753611727316194e-05 	 8 4 6 1
     -1.75165163463795852426e-06 	 8 4 6 2
     -1.19912742696149565220e-05 	 8 4 6 3
     -7.03246626575442337122e-05 	 8 4 6 4
     -1.59669978861172462284e-06 	 8 4 6 5
     -4.93814519582457434228e-04 	 8 4 6 6
      2.45175400004106209661e-05 	 8 4 7 1
      2.75111877091406477770e-04 	 8 4 7 2
      2.54170582302695652929e-05 	 8 4 7 3
      2.29201362375465660066e-06 	 8 4 7 4
     -9.25063245213817434602e-06 	 8 4 7 5
     -1.44597423052181286241e-06 	 8 4 7 6
      5.12058159506067556502e-04 	 8 4 7 7
      2.89291076067150393673e-05 	 8 4 8 1
     -2.82494720173876293133e-05 	 8 4 8 2
      1.00069471645338504024e-05 	 8 4 8 3
      1.78046938977997063402e-04 	 8 4 8 4
     -2.74475676141932472315e-05 	 8 4 8 5
     -1.01298620861084126934e-05 	 8 4 8 6
      5.11743372574448732800e-05 	 8 4 8 7
     -2.76791856955094141973e-03 	 8 4 8 8
     -2.63115325886952213929e-05 	 8 4 9 1
      9.42010155140487501311e-06 	 8 4 9 2
     -1.18725954090283127307e-06 	 8 4 9 3
     -3.60394857829271103328e-06 	 8 4 9 4
     -2.73281445136885090073e-04 	 8 4 9 5
      2.62308567930271763560e-05 	 8 4 9 6
     -1.00488408195163126855e-04 	 8 4 9 7
     -5.32685168240918971742e-05 	 8 4 9 8
      6.25243905150706276441e-04 	 8 4 9 9
     -1.10837568983674934070e-03 	 8 5 1 1
      3.68385212891487781573e-05 	 8 5 2 1
     -2.10199447309984731661e-03 	 8 5 2 2
      3.39888019338676457849e-07 	 8 5 3 1
      1.59051660967586734686e-06 	 8 5 3 2
     -8.88044556211121157568e-04 	 8 5 3 3
     -1.99276374230696311923e-04 	 8 5 4 1
      1.25414403199727548068e-05 	 8 5 4 2
     -1.90499045878922155313e-05 	 8 5 4 3
     -3.85426013337395378597e-03 	 8 5 4 4
      4.91219082772730673424e-05 	 8 5 5 1
      6.95165353238899369655e-04 	 8 5 5 2
     -1.67174831802666942543e-05 	 8 5 5 3
      4.36273055486807628377e-04 	 8 5 5 4
     -1.58056015344262348887e-02 	 8 5 5 5
      3.50032714570164282548e-05 	 8 5 6 1
     -8.38870077336807222479e-06 	 8 5 6 2
     -1.11282866901426687585e-05 	 8 5 6 3
     -1.06466796829540918235e-05 	 8 5 6 4
     -6.63599997927893627209e-05 	 8 5 6 5
     -1.37327308610398271787e-04 	 8 5 6 6
      1.14810677288218151472e-04 	 8 5 7 1
     -6.49035464007313429684e-04 	 8 5 7 2
     -5.95227278166275331124e-06 	 8 5 7 3
      4.66114014475656299619e-04 	 8 5 7 4
     -4.39408270462723443651e-05 	 8 5 7 5
     -3.45879953601597046452e-05 	 8 5 7 6
     -3.57503425359910042419e-03 	 8 5 7 7
      2.99902554207262387383e-05 	 8 5 8 1
     -5.82323301611453411110e-04 	 8 5 8 2
      3.64320833670941858669e-05 	 8 5 8 3
     -2.74475676142454549542e-05 	 8 5 8 4
      7.00697568371613267735e-03 	 8 5 8 5
      1.46980358114373240857e-05 	 8 5 8 6
      4.21710453553334157877e-04 	 8 5 8 7
     -1.58188602246412020336e-02 	 8 5 8 8
     -1.89869389886363165547e-04 	 8 5 9 1
      2.97611290211592584721e-04 	 8 5 9 2
     -4.63821089104848286074e-05 	 8 5 9 3
     -6.38691116096654033438e-04 	 8 5 9 4
     -5.38450800898949478480e-04 	 8 5 9 5
      1.29041854703332685710e-05 	 8 5 9 6
     -1.02353086838067688946e-04 	 8 5 9 7
      6.72299533147085624438e-04 	 8 5 9 8
     -1.73290806081626718761e-03 	 8 5 9 9
      9.20560631736463958049e-06 	 8 6 1 1
      4.86225824917495473318e-09 	 8 6 2 1
      2.00910610090067955373e-04 	 8 6 2 2
     -1.54865798729525562343e-06 	 8 6 3 1
     -8.96432507382944524413e-07 	 8 6 3 2
      5.90895890199669593813e-05 	 8 6 3 3
      1.71494802876212461967e-05 	 8 6 4 1
      2.02902457995974495517e-07 	 8 6 4 2
      5.82595017786207773457e-06 	 8 6 4 3
     -2.14528096166265587171e-04 	 8 6 4 4
     -5.36174838497079316259e-07 	 8 6 5 1
     -1.19675184208711264704e-05 	 8 6 5 2
      3.01421830628293282404e-07 	 8 6 5 3
     -7.50465272077229491926e-06 	 8 6 5 4
     -1.54869993903591126466e-04 	 8 6 5 5
     -3.26014447768422284830e-06 	 8 6 6 1
     -2.19529953112619442612e-06 	 8 6 6 2
     -8.09868538193225322413e-06 	 8 6 6 3
     -1.13888690732378047827e-05 	 8 6 6 4
      1.31879726167629864893e-05 	 8 6 6 5
      1.08219649662622549938e-03 	 8 6 6 6
      7.19007248952678719130e-06 	 8 6 7 1
     -1.73556277531593731555e-05 	 8 6 7 2
      1.64187839648033532503e-06 	 8 6 7 3
     -1.62888522996637128768e-06 	 8 6 7 4
      2.37479086039422792192e-07 	 8 6 7 5
      3.44323344807839217427e-06 	 8 6 7 6
      1.03921064265949316015e-05 	 8 6 7 7
     -5.44190719940010692518e-06 	 8 6 8 1
     -3.60397729820084708799e-05 	 8 6 8 2
     -1.79761577064425366405e-06 	 8 6 8 3
     -1.01298620861088463742e-05 	 8 6 8 4
      1.46980358114357469103e-05 	 8 6 8 5
      6.61061935351670627067e-06 	 8 6 8 6
      6.04586656874859317110e-06 	 8 6 8 7
      6.26067232696238804880e-04 	 8 6 8 8
     -4.30051131795281468286e-06 	 8 6 9 1
     -6.28236437064794326447e-07 	 8 6 9 2
     -7.89331268017858136396e-07 	 8 6 9 3
     -7.03579683392757931210e-06 	 8 6 9 4
      1.82173643081131855965e-05 	 8 6 9 5
      1.45507791666464687867e-05 	 8 6 9 6
     -2.16732661777803944280e-06 	 8 6 9 7
      6.87205323429638381813e-06 	 8 6 9 8
     -3.14575433298209692842e-04 	 8 6 9 9
     -1.50705594127356298263e-03 	 8 7 1 1
      4.67230047327446998775e-05 	 8 7 2 1
      7.85266653617681942290e-03 	 8 7 2 2
      1.34876689654829955741e-05 	 8 7 3 1
      4.06515501100759282446e-07 	 8 7 3 2
     -9.40261847977927963001e-04 	 8 7 3 3
      7.61291182906709620881e-05 	 8 7 4 1
      1.01272136441076294100e-04 	 8 7 4 2
      2.66348821096671874642e-05 	 8 7 4 3
     -9.75530501742158514741e-04 	 8 7 4 4
     -2.87663057528892608056e-06 	 8 7 5 1
     -7.46247057137541130491e-05 	 8 7 5 2
     -3.62911469343373492055e-07 	 8 7 5 3
      3.46826203557673026041e-07 	 8 7 5 4
     -1.39507488667131606709e-03 	 8 7 5 5
      5.62188080521592315202e-06 	 8 7 6 1
     -1.94854309125902245615e-05 	 8 7 6 2
     -6.84253946461430485502e-07 	 8 7 6 3
     -1.11455332261556019522e-06 	 8 7 6 4
     -3.47539213203572091308e-07 	 8 7 6 5
     -2.07458771961841056605e-03 	 8 7 6 6
      1.80182248874278150459e-05 	 8 7 7 1
      7.38572394134085559621e-04 	 8 7 7 2
      8.15426260607951514624e-05 	 8 7 7 3
      3.76299717142557872337e-04 	 8 7 7 4
      4.44290997160534390908e-05 	 8 7 7 5
      2.04770274171160532805e-05 	 8 7 7 6
      3.33742547645701033085e-03 	 8 7 7 7
      2.38488043949303554721e-06 	 8 7 8 1
     -6.61932161323986996762e-04 	 8 7 8 2
      7.43352253861135733501e-06 	 8 7 8 3
      5.11743372574543261676e-05 	 8 7 8 4
      4.21710453553364136067e-04 	 8 7 8 5
      6.04586656874885321021e-06 	 8 7 8 6
      4.12928326137260712832e-04 	 8 7 8 7
      2.32530834123417752199e-03 	 8 7 8 8
      1.09475384045422346839e-05 	 8 7 9 1
      4.15418573596748806035e-05 	 8 7 9 2
      5.36331602143976886977e-07 	 8 7 9 3
      2.95951688937960844656e-05 	 8 7 9 4
     -6.01426287995264393640e-05 	 8 7 9 5
      1.49245950611283237841e-06 	 8 7 9 6
     -1.14181121889357219492e-04 	 8 7 9 7
      1.06064360579220242839e-04 	 8 7 9 8
     -1.32130088747265468825e-03 	 8 7 9 9
      9.82974080615676149009e-02 	 8 8 1 1
      1.45209225157184195929e-04 	 8 8 2 1
      3.62208061131105318875e-01 	 8 8 2 2
      9.37732860399833234762e-05 	 8 8 3 1
     -1.81540054760661960899e-04 	 8 8 3 2
      1.05898365021582591128e-01 	 8 8 3 3
      3.17243432919780098123e-03 	 8 8 4 1
     -9.28495088593046845674e-04 	 8 8 4 2
      8.53983451250931585585e-04 	 8 8 4 3
      1.73263262834511294619e-01 	 8 8 4 4
      8.98689062302699851826e-05 	 8 8 5 1
     -6.77885997805560084478e-03 	 8 8 5 2
      2.43773614989704125742e-04 	 8 8 5 3
     -2.41208508754019515519e-03 	 8 8 5 4
      2.86091774271899801363e-01 	 8 8 5 5
     -1.06479333436056101611e-03 	 8 8 6 1
     -2.94744279783857318980e-04 	 8 8 6 2
      7.82927196152427735953e-04 	 8 8 6 3
      9.43056710742654134665e-04 	 8 8 6 4
      2.58059598558411213386e-04 	 8 8 6 5
      4.10443339021021175173e-02 	 8 8 6 6
     -1.32739751831919910140e-03 	 8 8 7 1
      1.55694325584328132489e-03 	 8 8 7 2
      9.81474263004776135630e-04 	 8 8 7 3
     -2.34047179362587270263e-03 	 8 8 7 4
      1.23184334994729752927e-03 	 8 8 7 5
      6.52517818187651772038e-04 	 8 8 7 6
      2.38532578120062871418e-01 	 8 8 7 7
     -1.57360661741417487067e-03 	 8 8 8 1
     -1.52701262066681480584e-02 	 8 8 8 2
     -5.42145125983476534014e-04 	 8 8 8 3
     -2.76791856955096960899e-03 	 8 8 8 4
     -1.58188602246412367280e-02 	 8 8 8 5
      6.26067232696235552274e-04 	 8 8 8 6
      2.32530834123420267548e-03 	 8 8 8 7
      5.54882828981893005960e-01 	 8 8 8 8
      2.55346077254758061295e-03 	 8 8 9 1
     -1.34772817325549010975e-03 	 8 8 9 2
      4.75432977396956525911e-04 	 8 8 9 3
      3.23622380881322243770e-03 	 8 8 9 4
     -2.80793285709210601805e-03 	 8 8 9 5
      4.25223069930586133718e-04 	 8 8 9 6
     -7.46608191871379412233e-04 	 8 8 9 7
     -8.93356195271700600016e-04 	 8 8 9 8
      1.61154927324855007376e-01 	 8 8 9 9
     -5.84938742546510775239e-03 	 9 1 1 1
     -2.17534637914618936456e-05 	 9 1 2 1
      3.45501325356507545464e-03 	 9 1 2 2
     -3.22023058802189344400e-05 	 9 1 3 1
      1.69788722743955349361e-05 	 9 1 3 2
     -1.40787637877536021477e-03 	 9 1 3 3
     -3.03025455867898558127e-04 	 9 1 4 1
     -1.07971277382276510789e-06 	 9 1 4 2
      4.59191871550374447778e-05 	 9 1 4 3
      4.96723634222568950075e-03 	 9 1 4 4
      7.35292576552931736257e-06 	 9 1 5 1
     -1.73329508164845631909e-05 	 9 1 5 2
     -5.19091503886586699303e-06 	 9 1 5 3
     -6.05502243152835123896e-05 	 9 1 5 4
      1.20191052635312150589e-03 	 9 1 5 5
     -4.29102280722306185338e-04 	 9 1 6 1
      5.76270860779288413586e-06 	 9 1 6 2
     -3.42989727667495329514e-05 	 9 1 6 3
      1.09635261876803218268e-04 	 9 1 6 4
     -1.21180043159363732641e-05 	 9 1 6 5
     -5.50760940190327726723e-03 	 9 1 6 6
     -1.70628530816102180452e-04 	 9 1 7 1
      6.86766796633015688591e-05 	 9 1 7 2
      1.14460391802149858667e-06 	 9 1 7 3
     -1.98728417838662770392e-04 	 9 1 7 4
      3.24287428840492814096e-05 	 9 1 7 5
      1.52256078439936976947e-05 	 9 1 7 6
      3.54304368485067449485e-03 	 9 1 7 7
      7.16796072828249784716e-06 	 9 1 8 1
     -1.03026481005824457719e-04 	 9 1 8 2
      8.11551563732896168505e-06 	 9 1 8 3
     -2.63115325886935171626e-05 	 9 1 8 4
     -1.89869389886340044936e-04 	 9 1 8 5
     -4.30051131795335932505e-06 	 9 1 8 6
      1.09475384045347367483e-05 	 9 1 8 7
      2.55346077254759362338e-03 	 9 1 8 8
      4.33884250866932962010e-04 	 9 1 9 1
     -4.97150749079661088145e-05 	 9 1 9 2
      4.57895012021641270496e-05 	 9 1 9 3
      7.83841670973831582125e-04 	 9 1 9 4
     -2.77883755586463387487e-04 	 9 1 9 5
      5.80240414536051567017e-06 	 9 1 9 6
      1.60620059007233090568e-04 	 9 1 9 7
      2.56053954597449369228e-05 	 9 1 9 8
      2.60280872472166925277e-03 	 9 1 9 9
     -7.67968212851429031345e-04 	 9 2 1 1
      1.89848921268883848200e-05 	 9 2 2 1
      1.71073941004704532971e-03 	 9 2 2 2
      2.47871904453143868617e-05 	 9 2 3 1
     -6.16989162088697869148e-06 	 9 2 3 2
     -7.11127625286565564003e-04 	 9 2 3 3
     -1.49612242740134675806e-06 	 9 2 4 1
     -3.56865627295923178901e-05 	 9 2 4 2
     -2.98215420541551011897e-06 	 9 2 4 3
     -1.77334070591820560335e-03 	 9 2 4 4
     -2.21140141376286927173e-06 	 9 2 5 1
      4.40946549031448860800e-05 	 9 2 5 2
     -1.57823186657505994282e-06 	 9 2 5 3
      5.26791276100216113664e-05 	 9 2 5 4
     -1.28027667280291527346e-03 	 9 2 5 5
      3.75696583951842436435e-05 	 9 2 6 1
     -9.88203410762582664306e-06 	 9 2 6 2
     -1.04963651892530991948e-05 	 9 2 6 3
     -3.44994584052527990823e-05 	 9 2 6 4
     -5.72323983336679795452e-06 	 9 2 6 5
      6.62396940150108932488e-05 	 9 2 6 6
      3.40268067098832094428e-05 	 9 2 7 1
     -8.97367409145923835504e-05 	 9 2 7 2
      5.37564458667520256524e-06 	 9 2 7 3
      2.78059861143267359959e-04 	 9 2 7 4
     -3.27111384171386965729e-06 	 9 2 7 5
     -9.30177499680737313330e-06 	 9 2 7 6
     -1.46359840233812482126e-03 	 9 2 7 7
      2.09756265129773835920e-07 	 9 2 8 1
      4.35423506465924613868e-05 	 9 2 8 2
      2.59473447286657644985e-07 	 9 2 8 3
      9.42010155140248299206e-06 	 9 2 8 4
      2.97611290211550680307e-04 	 9 2 8 5
     -6.28236437064152063715e-07 	 9 2 8 6
      4.15418573596833577092e-05 	 9 2 8 7
     -1.34772817325549488024e-03 	 9 2 8 8
     -4.97150749079720244926e-05 	 9 2 9 1
      1.19903831382570758924e-04 	 9 2 9 2
      1.72878643193479941228e-06 	 9 2 9 3
     -1.05447580231156546769e-04 	 9 2 9 4
      8.83633431204477928084e-05 	 9 2 9 5
      3.59717447273602227743e-05 	 9 2 9 6
     -8.18733191492516975459e-05 	 9 2 9 7
      4.55785047468178924576e-05 	 9 2 9 8
      1.89637008346073081787e-03 	 9 2 9 9
      3.26060215795973137257e-05 	 9 3 1 1
     -1.39654135810378608650e-06 	 9 3 2 1
      2.60303043318229677429e-04 	 9 3 2 2
     -8.42706128625281194067e-05 	 9 3 3 1
     -1.26974703311153938731e-05 	 9 3 3 2
      4.28605843572651002815e-04 	 9 3 3 3
      9.75463193308473457610e-05 	 9 3 4 1
     -1.97970305635270683181e-05 	 9 3 4 2
     -1.76241567713178471646e-05 	 9 3 4 3
      7.84699957398756115824e-04 	 9 3 4 4
     -1.96907344341487825775e-07 	 9 3 5 1
     -1.05133458135581119715e-06 	 9 3 5 2
      2.66378667190812673367e-06 	 9 3 5 3
      6.72147287367055458582e-06 	 9 3 5 4
      8.44810132609779369448e-04 	 9 3 5 5
     -1.32006192412634798679e-05 	 9 3 6 1
     -7.70824363398200949236e-07 	 9 3 6 2
     -4.92174595573232242558e-06 	 9 3 6 3
      1.29337786219688616972e-06 	 9 3 6 4
      3.51080880090839790737e-07 	 9 3 6 5
     -1.58445570258646732491e-04 	 9 3 6 6
     -1.10310756411200984521e-05 	 9 3 7 1
      4.44375585724097153795e-05 	 9 3 7 2
      1.54525359947144059949e-05 	 9 3 7 3
     -2.08129981866416973574e-05 	 9 3 7 4
      9.13598789654201934372e-06 	 9 3 7 5
      7.55921293578600549009e-06 	 9 3 7 6
      8.36485019665713730669e-05 	 9 3 7 7
      1.56941888108042657029e-06 	 9 3 8 1
     -3.44125442582134775525e-05 	 9 3 8 2
     -3.28931501330252854830e-06 	 9 3 8 3
     -1.18725954090230145396e-06 	 9 3 8 4
     -4.63821089104803223921e-05 	 9 3 8 5
     -7.89331268017971427053e-07 	 9 3 8 6
      5.36331602140241471679e-07 	 9 3 8 7
      4.75432977396961838502e-04 	 9 3 8 8
      4.57895012021622568009e-05 	 9 3 9 1
      1.72878643193636854082e-06 	 9 3 9 2
      3.20347298808059527658e-05 	 9 3 9 3
      1.78630518854066362624e-04 	 9 3 9 4
     -1.57946371805612348436e-04 	 9 3 9 5
      2.35401263868484474301e-05 	 9 3 9 6
      1.75479840748659810684e-05 	 9 3 9 7
     -1.66743268461214297317e-05 	 9 3 9 8
      1.74300366341275064612e-03 	 9 3 9 9
      7.42728387952326738614e-04 	 9 4 1 1
     -2.37929189700950875709e-06 	 9 4 2 1
      3.08834260627083691600e-03 	 9 4 2 2
      4.02449698957247367984e-04 	 9 4 3 1
     -9.49426397137058935693e-06 	 9 4 3 2
     -1.33802801290790760250e-03 	 9 4 3 3
      1.09274716163531107095e-03 	 9 4 4 1
     -5.94702308053905856142e-04 	 9 4 4 2
     -7.33694820591102351247e-05 	 9 4 4 3
      1.27018595252623902464e-02 	 9 4 4 4
     -1.13249230561958345843e-04 	 9 4 5 1
     -4.03914293555887208642e-05 	 9 4 5 2
     -4.03049876427446387268e-05 	 9 4 5 3
      4.95513194324152415546e-04 	 9 4 5 4
      1.31846203291914165073e-03 	 9 4 5 5
      3.88800107199532417757e-04 	 9 4 6 1
      1.05497306774408190056e-06 	 9 4 6 2
      2.65655254362524238234e-05 	 9 4 6 3
     -2.82991072141282546185e-04 	 9 4 6 4
     -9.61948020565133620667e-06 	 9 4 6 5
      2.57122297893187454210e-03 	 9 4 6 6
     -2.10247849804117965897e-04 	 9 4 7 1
      5.32497241484989496975e-04 	 9 4 7 2
     -3.43085015393358977020e-05 	 9 4 7 3
      1.49020903702604470831e-03 	 9 4 7 4
      2.77980497179409883658e-04 	 9 4 7 5
      2.22137783997147398728e-05 	 9 4 7 6
      2.67667962727964592849e-05 	 9 4 7 7
      3.24898030053877335483e-06 	 9 4 8 1
     -4.62660511801719648989e-04 	 9 4 8 2
     -1.74149680081637629295e-06 	 9 4 8 3
     -3.60394857828988024917e-06 	 9 4 8 4
     -6.38691116096542360614e-04 	 9 4 8 5
     -7.03579683392877024042e-06 	 9 4 8 6
      2.95951688937624166000e-05 	 9 4 8 7
      3.23622380881335601141e-03 	 9 4 8 8
      7.83841670973839822062e-04 	 9 4 9 1
     -1.05447580231143861603e-04 	 9 4 9 2
      1.78630518854071675214e-04 	 9 4 9 3
      6.81086240953857058322e-03 	 9 4 9 4
      4.53090994022933477546e-04 	 9 4 9 5
     -3.48095314729231439525e-05 	 9 4 9 6
      9.07449883900054987684e-04 	 9 4 9 7
      3.68389581168458951459e-04 	 9 4 9 8
      1.44006227439726249007e-02 	 9 4 9 9
      1.76470430997641516448e-03 	 9 5 1 1
      2.87437144179130412379e-05 	 9 5 2 1
     -4.77247838377417576972e-03 	 9 5 2 2
      6.66943397767093271167e-05 	 9 5 3 1
      2.12001059592134741318e-06 	 9 5 3 2
      2.44301119993626191483e-04 	 9 5 3 3
     -5.96501304908002641381e-04 	 9 5 4 1
      2.11125901928150439956e-05 	 9 5 4 2
     -1.36443430655616725934e-04 	 9 5 4 3
     -2.92885000452689902434e-03 	 9 5 4 4
     -1.05685922922620274302e-04 	 9 5 5 1
     -3.86602793932003848797e-04 	 9 5 5 2
     -9.03524695715444406061e-06 	 9 5 5 3
     -6.29220099521048733399e-04 	 9 5 5 4
     -1.62361495820778009569e-02 	 9 5 5 5
      1.28100588648518570484e-04 	 9 5 6 1
     -3.65501302444649729269e-06 	 9 5 6 2
      1.18071222782220112800e-05 	 9 5 6 3
      7.39944249425016274094e-06 	 9 5 6 4
      6.77780208846879683032e-05 	 9 5 6 5
      3.60758049062546428884e-03 	 9 5 6 6
      8.06833129243409124913e-05 	 9 5 7 1
     -4.84817446934413377822e-04 	 9 5 7 2
     -4.29521937694727010538e-05 	 9 5 7 3
      5.29515556294188056811e-04 	 9 5 7 4
     -8.92397940557814047750e-05 	 9 5 7 5
     -4.69830068618342622223e-05 	 9 5 7 6
     -4.42458160790071448887e-03 	 9 5 7 7
     -6.57926083937022211428e-05 	 9 5 8 1
      6.42385089075172459674e-04 	 9 5 8 2
     -1.74776938338418977477e-05 	 9 5 8 3
     -2.73281445136899835222e-04 	 9 5 8 4
     -5.38450800899053128208e-04 	 9 5 8 5
      1.82173643081140902277e-05 	 9 5 8 6
     -6.01426287995120194751e-05 	 9 5 8 7
     -2.80793285709210818646e-03 	 9 5 8 8
     -2.77883755586452545466e-04 	 9 5 9 1
      8.83633431204218397189e-05 	 9 5 9 2
     -1.57946371805608987409e-04 	 9 5 9 3
      4.53090994022978742987e-04 	 9 5 9 4
      7.24271176463240923954e-03 	 9 5 9 5
     -2.97059178888422700544e-04 	 9 5 9 6
      3.58753807743377405286e-04 	 9 5 9 7
      7.44854948365644459370e-04 	 9 5 9 8
     -1.54554464719892405145e-02 	 9 5 9 9
     -1.68345065446063647287e-03 	 9 6 1 1
     -2.73062298314661441227e-06 	 9 6 2 1
     -1.54140959743497197752e-04 	 9 6 2 2
     -8.58720066393017017936e-06 	 9 6 3 1
     -4.53256750205253518613e-06 	 9 6 3 2
     -9.46213147421259988777e-04 	 9 6 3 3
      1.93774586457139163295e-04 	 9 6 4 1
     -2.07453281994297664560e-05 	 9 6 4 2
      3.09737723704363017516e-05 	 9 6 4 3
     -1.06189608623821762912e-03 	 9 6 4 4
      8.33016781097926940476e-06 	 9 6 5 1
      7.35303845158308602963e-06 	 9 6 5 2
      4.47500186391734771079e-06 	 9 6 5 3
      4.92947102536697335400e-05 	 9 6 5 4
      1.66920986360756572545e-03 	 9 6 5 5
     -1.32143182124611465117e-04 	 9 6 6 1
     -7.34424244481150599308e-06 	 9 6 6 2
     -6.82145986272165305445e-05 	 9 6 6 3
     -7.90031656159835760827e-05 	 9 6 6 4
      4.59525376699127188914e-05 	 9 6 6 5
      2.98773137803996563164e-03 	 9 6 6 6
      9.51562888621182850497e-06 	 9 6 7 1
      3.75221429102204389249e-05 	 9 6 7 2
      1.46030033459637095642e-05 	 9 6 7 3
      3.68703801322804006787e-05 	 9 6 7 4
     -5.65800285831568480440e-06 	 9 6 7 5
      1.50895570140665416839e-05 	 9 6 7 6
     -6.22803641250388407766e-04 	 9 6 7 7
      1.16558036566363288317e-07 	 9 6 8 1
     -6.52716288538084961736e-06 	 9 6 8 2
     -1.33213667212651597824e-06 	 9 6 8 3
      2.62308567930249063077e-05 	 9 6 8 4
      1.29041854703304513394e-05 	 9 6 8 5
      1.45507791666466161705e-05 	 9 6 8 6
      1.49245950611249441226e-06 	 9 6 8 7
      4.25223069930589603165e-04 	 9 6 8 8
      5.80240414536336847714e-06 	 9 6 9 1
      3.59717447273597213308e-05 	 9 6 9 2
      2.35401263868485795673e-05 	 9 6 9 3
     -3.48095314729137181699e-05 	 9 6 9 4
     -2.97059178888419881618e-04 	 9 6 9 5
      1.39248598406428269851e-04 	 9 6 9 6
     -6.46045583147819460317e-05 	 9 6 9 7
     -7.25348737476380237910e-05 	 9 6 9 8
      3.19528205331356170843e-03 	 9 6 9 9
      4.77029785895438478149e-03 	 9 7 1 1
     -1.26995733488771473161e-05 	 9 7 2 1
     -1.69594042770530688269e-03 	 9 7 2 2
      3.38685204310775004590e-05 	 9 7 3 1
      9.21466651223702916580e-06 	 9 7 3 2
      2.62928945108565270336e-03 	 9 7 3 3
     -1.10543174617168044114e-04 	 9 7 4 1
      2.28879938390464829042e-05 	 9 7 4 2
     -9.92031300849698739535e-05 	 9 7 4 3
      9.04004252767458271745e-03 	 9 7 4 4
     -1.19867153291121064640e-05 	 9 7 5 1
     -2.89471396286897130683e-05 	 9 7 5 2
     -1.29670396334229910890e-05 	 9 7 5 3
      4.19973588822018133789e-05 	 9 7 5 4
     -7.15534767604699946733e-04 	 9 7 5 5
     -2.13615348221009746454e-05 	 9 7 6 1
      1.36235548705463839757e-05 	 9 7 6 2
      4.86060685847670992128e-05 	 9 7 6 3
      7.60567462512882401602e-05 	 9 7 6 4
     -1.02000612335606911859e-05 	 9 7 6 5
      3.46463258470665943362e-03 	 9 7 6 6
     -1.76411802879827524573e-04 	 9 7 7 1
     -3.42642419711950351694e-04 	 9 7 7 2
     -7.17693009256056249807e-05 	 9 7 7 3
     -9.18985948000921454293e-04 	 9 7 7 4
      8.33660003971530417892e-05 	 9 7 7 5
      1.52669392002539381476e-05 	 9 7 7 6
      1.87205337947242466193e-03 	 9 7 7 7
     -6.19086158949009050036e-07 	 9 7 8 1
     -1.09421041188260167575e-04 	 9 7 8 2
      1.08645778418618658748e-06 	 9 7 8 3
     -1.00488408195148083550e-04 	 9 7 8 4
     -1.02353086838046045560e-04 	 9 7 8 5
     -2.16732661777939469551e-06 	 9 7 8 6
     -1.14181121889364524304e-04 	 9 7 8 7
     -7.46608191871373882802e-04 	 9 7 8 8
      1.60620059007238132108e-04 	 9 7 9 1
     -8.18733191492439726054e-05 	 9 7 9 2
      1.75479840748684815096e-05 	 9 7 9 3
      9.07449883900040676216e-04 	 9 7 9 4
      3.58753807743351113384e-04 	 9 7 9 5
     -6.46045583147842093037e-05 	 9 7 9 6
      5.71287876083614691580e-04 	 9 7 9 7
      9.57368623856641204773e-05 	 9 7 9 8
      2.86871088340807760264e-03 	 9 7 9 9
      6.24203708935254725568e-04 	 9 8 1 1
      4.52282535823928681163e-06 	 9 8 2 1
      2.02213418860582418504e-03 	 9 8 2 2
      1.78843696610706681541e-05 	 9 8 3 1
     -1.20783680264919144953e-07 	 9 8 3 2
      5.26468092653401649114e-04 	 9 8 3 3
     -5.64372802423587601101e-05 	 9 8 4 1
     -1.95677159864941370405e-05 	 9 8 4 2
     -1.22856638388402620476e-05 	 9 8 4 3
      8.83821782425063995521e-04 	 9 8 4 4
     -4.44820283191351214950e-05 	 9 8 5 1
      5.83823859373505161825e-05 	 9 8 5 2
     -1.77190543682437641818e-05 	 9 8 5 3
     -1.04545407018784720227e-04 	 9 8 5 4
     -6.40743992259322579091e-03 	 9 8 5 5
      1.16631126254506153189e-05 	 9 8 6 1
     -1.58170023701811924714e-06 	 9 8 6 2
      1.21569790683533073027e-05 	 9 8 6 3
      1.84895692908429741313e-05 	 9 8 6 4
     -6.42541913599141647524e-07 	 9 8 6 5
      8.92510561137375068794e-05 	 9 8 6 6
     -9.81912506653367629997e-06 	 9 8 7 1
     -5.29766239876032350069e-05 	 9 8 7 2
      1.53599265535836473841e-06 	 9 8 7 3
      2.78774498351142204259e-05 	 9 8 7 4
      4.16381659805919248111e-05 	 9 8 7 5
      1.36312650707108876127e-06 	 9 8 7 6
      1.15302709674867313698e-03 	 9 8 7 7
     -4.06657830097696082293e-06 	 9 8 8 1
     -4.17242740917694561811e-04 	 9 8 8 2
      5.70533385390461521606e-06 	 9 8 8 3
     -5.32685168241010722351e-05 	 9 8 8 4
      6.72299533147021439669e-04 	 9 8 8 5
      6.87205323429751460711e-06 	 9 8 8 6
      1.06064360579219212847e-04 	 9 8 8 7
     -8.93356195271681951739e-04 	 9 8 8 8
      2.56053954597445167945e-05 	 9 8 9 1
      4.55785047468133455847e-05 	 9 8 9 2
     -1.66743268461207859866e-05 	 9 8 9 3
      3.68389581168445290511e-04 	 9 8 9 4
      7.44854948365680129621e-04 	 9 8 9 5
     -7.25348737476389453628e-05 	 9 8 9 6
      9.57368623856610305011e-05 	 9 8 9 7
      3.97536465647635342373e-04 	 9 8 9 8
     -2.67395445443338033650e-03 	 9 8 9 9
      2.22488202705721949126e-01 	 9 9 1 1
     -1.80349018654798413236e-04 	 9 9 2 1
      1.12103371536196150249e-01 	 9 9 2 2
      2.65451669521608304633e-03 	 9 9 3 1
      9.57027367712787787463e-05 	 9 9 3 2
      1.42784671712854721592e-01 	 9 9 3 3
      2.27650958090260761152e-03 	 9 9 4 1
     -2.43639859683411749355e-03 	 9 9 4 2
     -2.33554877435855710172e-03 	 9 9 4 3
      3.07680613524395796254e-01 	 9 9 4 4
      1.13616067613359685582e-04 	 9 9 5 1
      1.49306320016154053971e-03 	 9 9 5 2
     -1.69218398232556582403e-04 	 9 9 5 3
      6.13939882179789092609e-03 	 9 9 5 4
      3.08417095799538243384e-01 	 9 9 5 5
      1.44814486623107748636e-03 	 9 9 6 1
      2.40290386822546804448e-04 	 9 9 6 2
      8.90802763394093382113e-04 	 9 9 6 3
     -1.25964939541198576133e-03 	 9 9 6 4
     -7.29483392748393440555e-04 	 9 9 6 5
      2.42547991256999218024e-01 	 9 9 6 6
     -2.56493456984283616298e-03 	 9 9 7 1
      4.18432262549410863284e-03 	 9 9 7 2
     -8.51811386063176497266e-04 	 9 9 7 3
     -3.91730804734273865830e-05 	 9 9 7 4
      1.47200584877773404946e-03 	 9 9 7 5
     -3.98026186457896350964e-05 	 9 9 7 6
      1.51770349101391921476e-01 	 9 9 7 7
      3.60281813669986966751e-04 	 9 9 8 1
     -3.88093842339112295170e-03 	 9 9 8 2
     -1.85166734361892295789e-06 	 9 9 8 3
      6.25243905150708661686e-04 	 9 9 8 4
     -1.73290806081636931946e-03 	 9 9 8 5
     -3.14575433298210614414e-04 	 9 9 8 6
     -1.32130088747263929258e-03 	 9 9 8 7
      1.61154927324854951864e-01 	 9 9 8 8
      2.60280872472174297852e-03 	 9 9 9 1
      1.89637008346065167111e-03 	 9 9 9 2
      1.74300366341277471541e-03 	 9 9 9 3
      1.44006227439729510287e-02 	 9 9 9 4
     -1.54554464719895354174e-02 	 9 9 9 5
      3.19528205331357255045e-03 	 9 9 9 6
      2.86871088340825237603e-03 	 9 9 9 7
     -2.67395445443354340051e-03 	 9 9 9 8
      5.47774119166559936289e-01 	 9 9 9 9
     -2.92745727993243587406e+00 	 1 1 0 0
      1.81844504604371346064e-03 	 1 2 0 0
      1.56059371017948866900e-01 	 1 3 0 0
      1.00767582729026736188e-01 	 1 4 0 0
      1.51118403208145126240e-03 	 1 5 0 0
     -1.56449199536983218906e-01 	 1 6 0 0
      1.25994198530530506636e-02 	 1 7 0 0
     -2.29383938340920129698e-03 	 1 8 0 0
     -1.26207445198020535432e-02 	 1 9 0 0
      1.81844504604477988190e-03 	 2 1 0 0
     -1.97484305864289044763e+00 	 2 2 0 0
     -1.87796684720564831077e-03 	 2 3 0 0
     -1.15264956092803304982e-02 	 2 4 0 0
      1.35853210593333533635e-02 	 2 5 0 0
     -1.56906366883366498247e-03 	 2 6 0 0
     -1.59107148313204604939e-01 	 2 7 0 0
      1.65966924849395319752e-01 	 2 8 0 0
      1.85893736042228342742e-02 	 2 9 0 0
      1.56059371017935488712e-01 	 3 1 0 0
     -1.87796684720511163069e-03 	 3 2 0 0
     -2.57499468754038263185e+00 	 3 3 0 0
      1.30385397917929819062e-02 	 3 4 0 0
      1.42187758078738822783e-03 	 3 5 0 0
     -3.01155310692886382662e-02 	 3 6 0 0
      1.05323899645100652056e-02 	 3 7 0 0
      2.52641746683596242376e-05 	 3 8 0 0
     -1.78130634260149499533e-03 	 3 9 0 0
      1.00767582729027152522e-01 	 4 1 0 0
     -1.15264956092936011328e-02 	 4 2 0 0
      1.30385397917903659432e-02 	 4 3 0 0
     -2.61988542072209984468e+00 	 4 4 0 0
     -1.13155431050792430053e-02 	 4 5 0 0
     -1.39554101208026991310e-02 	 4 6 0 0
      1.67300918783359731101e-01 	 4 7 0 0
     -7.25162679987492557465e-03 	 4 8 0 0
     -1.65191687976926959713e-01 	 4 9 0 0
      1.51118403208041433144e-03 	 5 1 0 0
      1.35853210593246918891e-02 	 5 2 0 0
      1.42187758078632874546e-03 	 5 3 0 0
     -1.13155431050806776216e-02 	 5 4 0 0
     -2.03919834109244746401e+00 	 5 5 0 0
      1.92436818314965221374e-03 	 5 6 0 0
     -1.76270795908907776384e-02 	 5 7 0 0
      1.67689522840175853080e-01 	 5 8 0 0
      1.58601316779856699180e-01 	 5 9 0 0
     -1.56449199536953853507e-01 	 6 1 0 0
     -1.56906366883327640441e-03 	 6 2 0 0
     -3.01155310692913930071e-02 	 6 3 0 0
     -1.39554101208032039355e-02 	 6 4 0 0
      1.92436818315102806630e-03 	 6 5 0 0
     -2.52869197574735782297e+00 	 6 6 0 0
     -1.81390052384060394136e-03 	 6 7 0 0
      5.60278569571273139414e-05 	 6 8 0 0
      1.02453910272003369947e-02 	 6 9 0 0
      1.25994198530478152681e-02 	 7 1 0 0
     -1.59107148313206159251e-01 	 7 2 0 0
      1.05323899645104468448e-02 	 7 3 0 0
      1.67300918783325869299e-01 	 7 4 0 0
     -1.76270795908876239111e-02 	 7 5 0 0
     -1.81390052384184014868e-03 	 7 6 0 0
     -2.22335377515560983497e+00 	 7 7 0 0
     -1.07830492261199832604e-02 	 7 8 0 0
     -3.86241349640348424765e-02 	 7 9 0 0
     -2.29383938340838467590e-03 	 8 1 0 0
      1.65966924849397040598e-01 	 8 2 0 0
      2.52641746688364021429e-05 	 8 3 0 0
     -7.25162679987510164908e-03 	 8 4 0 0
      1.67689522840184346286e-01 	 8 5 0 0
      5.60278569577318650728e-05 	 8 6 0 0
     -1.07830492260907653129e-02 	 8 7 0 0
     -1.95319313160949747932e+00 	 8 8 0 0
      1.29604013857741937055e-02 	 8 9 0 0
     -1.26207445198098424516e-02 	 9 1 0 0
      1.85893736042204611725e-02 	 9 2 0 0
     -1.78130634260034574103e-03 	 9 3 0 0
     -1.65191687976945889016e-01 	 9 4 0 0
      1.58601316779901552190e-01 	 9 5 0 0
      1.02453910271996240233e-02 	 9 6 0 0
     -3.86241349640265574372e-02 	 9 7 0 0
      1.29604013857812991328e-02 	 9 8 0 0
     -2.24656399029184372651e+00 	 9 9 0 0
     -4.18838990835289223469e+02 	 0 0 0 0
