     Theta        Phi           Ex           Ey           Ez              Ortho_E               Meta_E
-------------------------------------------------------------------------------------------------------
    63.000     26.000     0.080083     0.039059     0.045399   -3010.323854526020   -3010.312910774326
    63.000     27.000     0.079389     0.040451     0.045399   -3010.323521020331   -3010.312482423533
    63.000     28.000     0.078671     0.041830     0.045399   -3010.323174384711   -3010.312055012211
    63.000     29.000     0.077929     0.043197     0.045399   -3010.322815011924   -3010.311628963252
    63.000     30.000     0.077163     0.044550     0.045399   -3010.322443311805   -3010.311204699312
    63.000     31.000     0.076374     0.045890     0.045399   -3010.322059710531   -3010.310782642514
    63.000     32.000     0.075562     0.047216     0.045399   -3010.321664649811   -3010.310363214196
    63.000     33.000     0.074726     0.048528     0.045399   -3010.321258586050   -3010.309946834624
    63.000     34.000     0.073868     0.049824     0.045399   -3010.320841989542   -3010.309533922723
    63.000     35.000     0.072987     0.051106     0.045399   -3010.320415343629   -3010.309124895821
    63.000     36.000     0.072084     0.052372     0.045399   -3010.319979143850   -3010.308720169304
    63.000     37.000     0.071159     0.053622     0.045399   -3010.319533897128   -3010.308320156370
    63.000     38.000     0.070212     0.054856     0.045399   -3010.319080120879   -3010.307925267723
    63.000     39.000     0.069244     0.056073     0.045399   -3010.318618342198   -3010.307535911239
    63.000     40.000     0.068255     0.057273     0.045399   -3010.318149097066   -3010.307152491630
    63.000     41.000     0.067245     0.058455     0.045399   -3010.317672929437   -3010.306775410134
    63.000     42.000     0.066215     0.059620     0.045399   -3010.317190390473   -3010.306405064134
    63.000     43.000     0.065164     0.060766     0.045399   -3010.316702037740   -3010.306041846803
    63.000     44.000     0.064094     0.061895     0.045399   -3010.316208434363   -3010.305686146722
    63.000     45.000     0.063004     0.063004     0.045399   -3010.315710148307   -3010.305338347486
    63.000     46.000     0.061895     0.064094     0.045399   -3010.315207751526   -3010.304998827282
    64.000     26.000     0.080783     0.039401     0.043837   -3010.323529405913   -3010.312522884096
    64.000     27.000     0.080083     0.040804     0.043837   -3010.323194574269   -3010.312089082937
    64.000     28.000     0.079359     0.042196     0.043837   -3010.322846342570   -3010.311656178588
    64.000     29.000     0.078610     0.043574     0.043837   -3010.322485108623   -3010.311224601386
    64.000     30.000     0.077838     0.044940     0.043837   -3010.322111287779   -3010.310794781401
    64.000     31.000     0.077042     0.046291     0.043837   -3010.321725312096   -3010.310367148157
    64.000     32.000     0.076222     0.047629     0.043837   -3010.321327629545   -3010.309942130377
    64.000     33.000     0.075379     0.048952     0.043837   -3010.320918703164   -3010.309520155691
    64.000     34.000     0.074513     0.050260     0.043837   -3010.320499010241   -3010.309101650361
    64.000     35.000     0.073625     0.051553     0.043837   -3010.320069041453   -3010.308687039040
    64.000     36.000     0.072714     0.052830     0.043837   -3010.319629299969   -3010.308276744440
    64.000     37.000     0.071781     0.054091     0.043837   -3010.319180300672   -3010.307871187056
    64.000     38.000     0.070826     0.055335     0.043837   -3010.318722569210   -3010.307470784865
    64.000     39.000     0.069849     0.056563     0.043837   -3010.318256641211   -3010.307075953005
    64.000     40.000     0.068852     0.057773     0.043837   -3010.317783061381   -3010.306687103434
    64.000     41.000     0.067833     0.058966     0.043837   -3010.317302382688   -3010.306304644598
    64.000     42.000     0.066793     0.060141     0.043837   -3010.316815165514   -3010.305928981063
    64.000     43.000     0.065734     0.061298     0.043837   -3010.316321976836   -3010.305560513154
    64.000     44.000     0.064654     0.062435     0.043837   -3010.315823389410   -3010.305199636566
    64.000     45.000     0.063554     0.063554     0.043837   -3010.315319980971   -3010.304846741940
    64.000     46.000     0.062435     0.064654     0.043837   -3010.314812333420   -3010.304502214465
    65.000     26.000     0.081458     0.039730     0.042262   -3010.323212616092   -3010.312155287049
    65.000     27.000     0.080753     0.041146     0.042262   -3010.322876718960   -3010.311716263912
    65.000     28.000     0.080022     0.042549     0.042262   -3010.322527158246   -3010.311278093561
    65.000     29.000     0.079267     0.043939     0.042262   -3010.322164336524   -3010.310841213603
    65.000     30.000     0.078489     0.045315     0.042262   -3010.321788674270   -3010.310406061340
    65.000     31.000     0.077686     0.046678     0.042262   -3010.321400609078   -3010.309973073527
    65.000     32.000     0.076859     0.048027     0.042262   -3010.321000594827   -3010.309542686075
    65.000     33.000     0.076009     0.049361     0.042262   -3010.320589100838   -3010.309115333805
    65.000     34.000     0.075136     0.050680     0.042262   -3010.320166611024   -3010.308691450165
    65.000     35.000     0.074240     0.051984     0.042262   -3010.319733623011   -3010.308271466944
    65.000     36.000     0.073322     0.053271     0.042262   -3010.319290647290   -3010.307855813985
    65.000     37.000     0.072381     0.054543     0.042262   -3010.318838206286   -3010.307444918930
    65.000     38.000     0.071418     0.055798     0.042262   -3010.318376833544   -3010.307039206842
    65.000     39.000     0.070433     0.057036     0.042262   -3010.317907072837   -3010.306639099954
    65.000     40.000     0.069427     0.058256     0.042262   -3010.317429477274   -3010.306245017297
    65.000     41.000     0.068400     0.059459     0.042262   -3010.316944608454   -3010.305857374351
    65.000     42.000     0.067352     0.060644     0.042262   -3010.316453035634   -3010.305476582715
    65.000     43.000     0.066283     0.061810     0.042262   -3010.315955334854   -3010.305103049695
    65.000     44.000     0.065194     0.062957     0.042262   -3010.315452088152   -3010.304737177914
    65.000     45.000     0.064086     0.064086     0.042262   -3010.314943882695   -3010.304379364929
    65.000     46.000     0.062957     0.065194     0.042262   -3010.314431309997   -3010.304030002758
    66.000     26.000     0.082109     0.040047     0.040674   -3010.322904453256   -3010.311808414480
    66.000     27.000     0.081397     0.041474     0.040674   -3010.322567752596   -3010.311364405430
    66.000     28.000     0.080661     0.042888     0.040674   -3010.322217131945   -3010.310921203808
    66.000     29.000     0.079900     0.044290     0.040674   -3010.321852998256   -3010.310479254287
    66.000     30.000     0.079115     0.045677     0.040674   -3010.321475776798   -3010.310039001236
    66.000     31.000     0.078306     0.047051     0.040674   -3010.321085910331   -3010.309600888446
    66.000     32.000     0.077473     0.048411     0.040674   -3010.320683858264   -3010.309165358849
    66.000     33.000     0.076616     0.049755     0.040674   -3010.320270095830   -3010.308732854267
    66.000     34.000     0.075736     0.051085     0.040674   -3010.319845113189   -3010.308303815117
    66.000     35.000     0.074833     0.052399     0.040674   -3010.319409414560   -3010.307878680162
    66.000     36.000     0.073907     0.053697     0.040674   -3010.318963517326   -3010.307457886222
    66.000     37.000     0.072959     0.054979     0.040674   -3010.318507951132   -3010.307041867834
    66.000     38.000     0.071988     0.056243     0.040674   -3010.318043257026   -3010.306631057034
    66.000     39.000     0.070996     0.057491     0.040674   -3010.317569986527   -3010.306225882928
    66.000     40.000     0.069982     0.058722     0.040674   -3010.317088700782   -3010.305826771441
    66.000     41.000     0.068946     0.059934     0.040674   -3010.316599969661   -3010.305434144939
    66.000     42.000     0.067890     0.061128     0.040674   -3010.316104370909   -3010.305048421843
    66.000     43.000     0.066812     0.062304     0.040674   -3010.315602489290   -3010.304670016287
    66.000     44.000     0.065715     0.063460     0.040674   -3010.315094915726   -3010.304299337658
    66.000     45.000     0.064597     0.064597     0.040674   -3010.314582246480   -3010.303936790228
    66.000     46.000     0.063460     0.065715     0.040674   -3010.314065082341   -3010.303582772718
    67.000     26.000     0.082734     0.040352     0.039073   -3010.322605205061   -3010.311482672496
    67.000     27.000     0.082018     0.041790     0.039073   -3010.322267963941   -3010.311033921026
    67.000     28.000     0.081276     0.043215     0.039073   -3010.321916553972   -3010.310585930296
    67.000     29.000     0.080509     0.044627     0.039073   -3010.321551386139   -3010.310139151893
    67.000     30.000     0.079718     0.046025     0.039073   -3010.321172890104   -3010.309694037044
    67.000     31.000     0.078903     0.047410     0.039073   -3010.320781513434   -3010.309251036371
    67.000     32.000     0.078063     0.048779     0.039073   -3010.320377720713   -3010.308810599645
    67.000     33.000     0.077200     0.050134     0.039073   -3010.319961992668   -3010.308373175487
    67.000     34.000     0.076313     0.051474     0.039073   -3010.319534825341   -3010.307939211114
    67.000     35.000     0.075403     0.052798     0.039073   -3010.319096729127   -3010.307509152051
    67.000     36.000     0.074470     0.054106     0.039073   -3010.318648227916   -3010.307083441875
    67.000     37.000     0.073515     0.055397     0.039073   -3010.318189858198   -3010.306662521901
    67.000     38.000     0.072537     0.056672     0.039073   -3010.317722168090   -3010.306246830855
    67.000     39.000     0.071537     0.057929     0.039073   -3010.317245716511   -3010.305836804590
    67.000     40.000     0.070515     0.059169     0.039073   -3010.316761072234   -3010.305432875731
    67.000     41.000     0.069471     0.060391     0.039073   -3010.316268813017   -3010.305035473316
    67.000     42.000     0.068407     0.061594     0.039073   -3010.315769524719   -3010.304645022436
    67.000     43.000     0.067321     0.062778     0.039073   -3010.315263800417   -3010.304261943841
    67.000     44.000     0.066216     0.063944     0.039073   -3010.314752239566   -3010.303886653509
    67.000     45.000     0.065090     0.065090     0.039073   -3010.314235447146   -3010.303519562277
    67.000     46.000     0.063944     0.066216     0.039073   -3010.313714032830   -3010.303161075349
    68.000     26.000     0.083335     0.040645     0.037461   -3010.322315150160   -3010.311178441558
    68.000     27.000     0.082613     0.042093     0.037461   -3010.321977632301   -3010.310725198319
    68.000     28.000     0.081865     0.043529     0.037461   -3010.321625704728   -3010.310272667882
    68.000     29.000     0.081093     0.044951     0.037461   -3010.321259782083   -3010.309821308505
    68.000     30.000     0.080296     0.046359     0.037461   -3010.320880298079   -3010.309371578081
    68.000     31.000     0.079475     0.047753     0.037461   -3010.320487704682   -3010.308923933893
    68.000     32.000     0.078630     0.049133     0.037461   -3010.320082471235   -3010.308478832311
    68.000     33.000     0.077760     0.050498     0.037461   -3010.319665083604   -3010.308036728570
    68.000     34.000     0.076867     0.051847     0.037461   -3010.319236043273   -3010.307598076469
    68.000     35.000     0.075950     0.053181     0.037461   -3010.318795866448   -3010.307163328123
    68.000     36.000     0.075011     0.054498     0.037461   -3010.318345083107   -3010.306732933666
    68.000     37.000     0.074048     0.055799     0.037461   -3010.317884236137   -3010.306307340937
    68.000     38.000     0.073063     0.057083     0.037461   -3010.317413880381   -3010.305886995224
    68.000     39.000     0.072056     0.058350     0.037461   -3010.316934581722   -3010.305472338884
    68.000     40.000     0.071026     0.059598     0.037461   -3010.316446916148   -3010.305063811065
    68.000     41.000     0.069975     0.060829     0.037461   -3010.315951468917   -3010.304661847273
    68.000     42.000     0.068903     0.062041     0.037461   -3010.315448833579   -3010.304266879077
    68.000     43.000     0.067810     0.063234     0.037461   -3010.314939611153   -3010.303879333645
    68.000     44.000     0.066696     0.064408     0.037461   -3010.314424409235   -3010.303499633386
    68.000     45.000     0.065562     0.065562     0.037461   -3010.313903841117   -3010.303128195484
    68.000     46.000     0.064408     0.066696     0.037461   -3010.313378524989   -3010.302765431458
    69.000     26.000     0.083910     0.040925     0.035837   -3010.322034558127   -3010.310896076146
    69.000     27.000     0.083183     0.042384     0.035837   -3010.321697027464   -3010.310438598718
    69.000     28.000     0.082430     0.043829     0.035837   -3010.321344854666   -3010.309981784891
    69.000     29.000     0.081653     0.045261     0.035837   -3010.320978457643   -3010.309526099417
    69.000     30.000     0.080850     0.046679     0.035837   -3010.320598273764   -3010.309072006647
    69.000     31.000     0.080023     0.048083     0.035837   -3010.320204759006   -3010.308619970280
    69.000     32.000     0.079172     0.049472     0.035837   -3010.319798387077   -3010.308170453117
    69.000     33.000     0.078297     0.050846     0.035837   -3010.319379648563   -3010.307723916775
    69.000     34.000     0.077397     0.052205     0.035837   -3010.318949049995   -3010.307280821442
    69.000     35.000     0.076474     0.053548     0.035837   -3010.318507112951   -3010.306841625588
    69.000     36.000     0.075528     0.054874     0.035837   -3010.318054373087   -3010.306406785699
    69.000     37.000     0.074559     0.056184     0.035837   -3010.317591379303   -3010.305976755965
    69.000     38.000     0.073567     0.057477     0.035837   -3010.317118692695   -3010.305551987992
    69.000     39.000     0.072553     0.058752     0.035837   -3010.316636885700   -3010.305132930469
    69.000     40.000     0.071516     0.060009     0.035837   -3010.316146541139   -3010.304720028812
    69.000     41.000     0.070458     0.061248     0.035837   -3010.315648251305   -3010.304313724842
    69.000     42.000     0.069379     0.062469     0.035837   -3010.315142617073   -3010.303914456375
    69.000     43.000     0.068278     0.063670     0.035837   -3010.314630246963   -3010.303522656825
    69.000     44.000     0.067156     0.064852     0.035837   -3010.314111756300   -3010.303138754800
    69.000     45.000     0.066014     0.066014     0.035837   -3010.313587766319   -3010.302763173644
    69.000     46.000     0.064852     0.067156     0.035837   -3010.313058903306   -3010.302396331000
    70.000     26.000     0.084459     0.041193     0.034202   -3010.321763689401   -3010.310635904415
    70.000     27.000     0.083727     0.042661     0.034202   -3010.321426409694   -3010.310174457004
    70.000     28.000     0.082970     0.044116     0.034202   -3010.321074264257   -3010.309713622794
    70.000     29.000     0.082187     0.045557     0.034202   -3010.320707673911   -3010.309253872794
    70.000     30.000     0.081380     0.046985     0.034202   -3010.320327079281   -3010.308795677601
    70.000     31.000     0.080547     0.048398     0.034202   -3010.319932939959   -3010.308339507128
    70.000     32.000     0.079690     0.049796     0.034202   -3010.319525733623   -3010.307885830378
    70.000     33.000     0.078809     0.051179     0.034202   -3010.319105955131   -3010.307435115147
    70.000     34.000     0.077904     0.052547     0.034202   -3010.318674115650   -3010.306987827774
    70.000     35.000     0.076975     0.053899     0.034202   -3010.318230741698   -3010.306544432884
    70.000     36.000     0.076023     0.055234     0.034202   -3010.317776374217   -3010.306105393092
    70.000     37.000     0.075047     0.056552     0.034202   -3010.317311567630   -3010.305671168732
    70.000     38.000     0.074049     0.057853     0.034202   -3010.316836888894   -3010.305242217495
    70.000     39.000     0.073028     0.059137     0.034202   -3010.316352916553   -3010.304818994192
    70.000     40.000     0.071985     0.060402     0.034202   -3010.315860239828   -3010.304401950328
    70.000     41.000     0.070920     0.061649     0.034202   -3010.315359457642   -3010.303991533779
    70.000     42.000     0.069833     0.062878     0.034202   -3010.314851177728   -3010.303588188436
    70.000     43.000     0.068725     0.064087     0.034202   -3010.314336015724   -3010.303192353721
    70.000     44.000     0.067596     0.065277     0.034202   -3010.313814594247   -3010.302804464248
    70.000     45.000     0.066446     0.066446     0.034202   -3010.313287542037   -3010.302424949330
    70.000     46.000     0.065277     0.067596     0.034202   -3010.312755493094   -3010.302054232516
    71.000     26.000     0.084983     0.041449     0.032557   -3010.321502795288   -3010.310398227920
    71.000     27.000     0.084246     0.042926     0.032557   -3010.321166029679   -3010.309933081069
    71.000     28.000     0.083484     0.044389     0.032557   -3010.320814183980   -3010.309468495843
    71.000     29.000     0.082697     0.045840     0.032557   -3010.320447681550   -3010.309004949293
    71.000     30.000     0.081884     0.047276     0.032557   -3010.320066965875   -3010.308542918032
    71.000     31.000     0.081047     0.048698     0.032557   -3010.319672499746   -3010.308082877968
    71.000     32.000     0.080185     0.050105     0.032557   -3010.319264764376   -3010.307625304071
    71.000     33.000     0.079298     0.051497     0.032557   -3010.318844258510   -3010.307170670087
    71.000     34.000     0.078387     0.052873     0.032557   -3010.318411497507   -3010.306719448301
    71.000     35.000     0.077452     0.054233     0.032557   -3010.317967012388   -3010.306272109261
    71.000     36.000     0.076494     0.055576     0.032557   -3010.317511348913   -3010.305829121497
    71.000     37.000     0.075512     0.056903     0.032557   -3010.317045066618   -3010.305390951229
    71.000     38.000     0.074508     0.058212     0.032557   -3010.316568737866   -3010.304958062056
    71.000     39.000     0.073481     0.059503     0.032557   -3010.316082946889   -3010.304530914664
    71.000     40.000     0.072431     0.060777     0.032557   -3010.315588288817   -3010.304109966427
    71.000     41.000     0.071359     0.062032     0.032557   -3010.315085368794   -3010.303695671080
    71.000     42.000     0.070266     0.063268     0.032557   -3010.314574800972   -3010.303288478319
    71.000     43.000     0.069151     0.064484     0.032557   -3010.314057207655   -3010.302888833429
    71.000     44.000     0.068015     0.065681     0.032557   -3010.313533218328   -3010.302497176762
    71.000     45.000     0.066858     0.066858     0.032557   -3010.313003468827   -3010.302113943402
    71.000     46.000     0.065681     0.068015     0.032557   -3010.312468600397   -3010.301739562590
    72.000     26.000     0.085480     0.041692     0.030902   -3010.321252117894   -3010.310183321323
    72.000     27.000     0.084740     0.043177     0.030902   -3010.320916128481   -3010.309714751606
    72.000     28.000     0.083973     0.044649     0.030902   -3010.320564854263   -3010.309246690808
    72.000     29.000     0.083181     0.046108     0.030902   -3010.320198720718   -3010.308779621781
    72.000     30.000     0.082364     0.047553     0.030902   -3010.319818173803   -3010.308314026927
    72.000     31.000     0.081521     0.048983     0.030902   -3010.319423679105   -3010.307850387916
    72.000     32.000     0.080654     0.050398     0.030902   -3010.319015720945   -3010.307389185457
    72.000     33.000     0.079762     0.051798     0.030902   -3010.318594801520   -3010.306930899018
    72.000     34.000     0.078846     0.053182     0.030902   -3010.318161439923   -3010.306476006585
    72.000     35.000     0.077906     0.054550     0.030902   -3010.317716171255   -3010.306024984402
    72.000     36.000     0.076942     0.055902     0.030902   -3010.317259545651   -3010.305578306691
    72.000     37.000     0.075955     0.057236     0.030902   -3010.316792127293   -3010.305136445335
    72.000     38.000     0.074944     0.058553     0.030902   -3010.316314493506   -3010.304699869595
    72.000     39.000     0.073911     0.059852     0.030902   -3010.315827233738   -3010.304269045805
    72.000     40.000     0.072855     0.061133     0.030902   -3010.315330948598   -3010.303844436980
    72.000     41.000     0.071777     0.062395     0.030902   -3010.314826248997   -3010.303426502492
    72.000     42.000     0.070677     0.063638     0.030902   -3010.314313755039   -3010.303015697641
    72.000     43.000     0.069556     0.064862     0.030902   -3010.313794095247   -3010.302612473272
    72.000     44.000     0.068413     0.066066     0.030902   -3010.313267905537   -3010.302217275347
    72.000     45.000     0.067250     0.067250     0.030902   -3010.312735828392   -3010.301830544429
    72.000     46.000     0.066066     0.068413     0.030902   -3010.312198511885   -3010.301452715281
    73.000     26.000     0.085952     0.041922     0.029237   -3010.321011890057   -3010.309991432190
    73.000     27.000     0.085207     0.043415     0.029237   -3010.320676937522   -3010.309519721901
    73.000     28.000     0.084437     0.044896     0.029237   -3010.320326505447   -3010.309048466718
    73.000     29.000     0.083640     0.046363     0.029237   -3010.319961021049   -3010.308578155073
    73.000     30.000     0.082818     0.047815     0.029237   -3010.319580932364   -3010.308109274910
    73.000     31.000     0.081971     0.049253     0.029237   -3010.319186707347   -3010.307642313421
    73.000     32.000     0.081099     0.050676     0.029237   -3010.318778832996   -3010.307177756813
    73.000     33.000     0.080202     0.052084     0.029237   -3010.318357814519   -3010.306716090046
    73.000     34.000     0.079281     0.053476     0.029237   -3010.317924174321   -3010.306257796573
    73.000     35.000     0.078336     0.054851     0.029237   -3010.317478451113   -3010.305803358098
    73.000     36.000     0.077367     0.056210     0.029237   -3010.317021198932   -3010.305353254269
    73.000     37.000     0.076374     0.057552     0.029237   -3010.316552986188   -3010.304907962411
    73.000     38.000     0.075358     0.058876     0.029237   -3010.316074394661   -3010.304467957231
    73.000     39.000     0.074319     0.060182     0.029237   -3010.315586018568   -3010.304033710454
    73.000     40.000     0.073257     0.061470     0.029237   -3010.315088463575   -3010.303605690504
    73.000     41.000     0.072173     0.062739     0.029237   -3010.314582345795   -3010.303184362139
    73.000     42.000     0.071067     0.063989     0.029237   -3010.314068290920   -3010.302770186058
    73.000     43.000     0.069940     0.065220     0.029237   -3010.313546933193   -3010.302363618445
    73.000     44.000     0.068791     0.066431     0.029237   -3010.313018914519   -3010.301965110580
    73.000     45.000     0.067621     0.067621     0.029237   -3010.312484883539   -3010.301575108347
    73.000     46.000     0.066431     0.068791     0.029237   -3010.311945494743   -3010.301194051739
    74.000     26.000     0.086398     0.042139     0.027564   -3010.320782335299   -3010.309822780781
    74.000     27.000     0.085649     0.043640     0.027564   -3010.320448678489   -3010.309348217594
    74.000     28.000     0.084874     0.045129     0.027564   -3010.320099357734   -3010.308874054647
    74.000     29.000     0.084074     0.046603     0.027564   -3010.319734801631   -3010.308400785695
    74.000     30.000     0.083248     0.048063     0.027564   -3010.319355459840   -3010.307928903982
    74.000     31.000     0.082396     0.049509     0.027564   -3010.318961802279   -3010.307458901982
    74.000     32.000     0.081520     0.050939     0.027564   -3010.318554318239   -3010.306991271163
    74.000     33.000     0.080618     0.052354     0.027564   -3010.318133515440   -3010.306526501718
    74.000     34.000     0.079692     0.053753     0.027564   -3010.317699919167   -3010.306065082325
    74.000     35.000     0.078742     0.055136     0.027564   -3010.317254071282   -3010.305607499894
    74.000     36.000     0.077768     0.056502     0.027564   -3010.316796529286   -3010.305154239280
    74.000     37.000     0.076770     0.057850     0.027564   -3010.316327865290   -3010.304705783009
    74.000     38.000     0.075748     0.059181     0.027564   -3010.315848665120   -3010.304262610948
    74.000     39.000     0.074704     0.060494     0.027564   -3010.315359527253   -3010.303825200004
    74.000     40.000     0.073637     0.061789     0.027564   -3010.314861061916   -3010.303394023767
    74.000     41.000     0.072547     0.063064     0.027564   -3010.314353890039   -3010.302969552147
    74.000     42.000     0.071436     0.064321     0.027564   -3010.313838642336   -3010.302552250962
    74.000     43.000     0.070302     0.065558     0.027564   -3010.313315958349   -3010.302142581518
    74.000     44.000     0.069147     0.066775     0.027564   -3010.312786485493   -3010.301741000187
    74.000     45.000     0.067971     0.067971     0.027564   -3010.312250878129   -3010.301347957907
    74.000     46.000     0.066775     0.069147     0.027564   -3010.311709796652   -3010.300963899699
    75.000     26.000     0.086817     0.042343     0.025882   -3010.320563667765   -3010.309677559913
    75.000     27.000     0.086065     0.043852     0.025882   -3010.320231563311   -3010.309200436532
    75.000     28.000     0.085286     0.045347     0.025882   -3010.319883621177   -3010.308723657501
    75.000     29.000     0.084482     0.046829     0.025882   -3010.319520270919   -3010.308247721661
    75.000     30.000     0.083652     0.048296     0.025882   -3010.319141963460   -3010.307773127306
    75.000     31.000     0.082796     0.049749     0.025882   -3010.318749170253   -3010.307300371937
    75.000     32.000     0.081915     0.051186     0.025882   -3010.318342382392   -3010.306829952011
    75.000     33.000     0.081009     0.052608     0.025882   -3010.317922109729   -3010.306362362721
    75.000     34.000     0.080079     0.054014     0.025882   -3010.317488879960   -3010.305898097720
    75.000     35.000     0.079124     0.055403     0.025882   -3010.317043237621   -3010.305437648873
    75.000     36.000     0.078145     0.056776     0.025882   -3010.316585743191   -3010.304981505991
    75.000     37.000     0.077142     0.058131     0.025882   -3010.316116972056   -3010.304530156531
    75.000     38.000     0.076116     0.059468     0.025882   -3010.315637513558   -3010.304084085295
    75.000     39.000     0.075067     0.060788     0.025882   -3010.315147970007   -3010.303643774123
    75.000     40.000     0.073994     0.062089     0.025882   -3010.314648955666   -3010.303209701509
    75.000     41.000     0.072899     0.063370     0.025882   -3010.314141095809   -3010.302782342262
    75.000     42.000     0.071782     0.064633     0.025882   -3010.313625025711   -3010.302362167082
    75.000     43.000     0.070643     0.065876     0.025882   -3010.313101389709   -3010.301949642155
    75.000     44.000     0.069483     0.067099     0.025882   -3010.312570840258   -3010.301545228679
    75.000     45.000     0.068301     0.068301     0.025882   -3010.312034036959   -3010.301149382419
    75.000     46.000     0.067099     0.069483     0.025882   -3010.311491645680   -3010.300762553159
    76.000     26.000     0.087210     0.042535     0.024192   -3010.320356092148   -3010.309555934800
    76.000     27.000     0.086454     0.044051     0.024192   -3010.320025794087   -3010.309076548604
    76.000     28.000     0.085672     0.045553     0.024192   -3010.319679495578   -3010.308597449907
    76.000     29.000     0.084864     0.047041     0.024192   -3010.319317626745   -3010.308119142365
    76.000     30.000     0.084030     0.048515     0.024192   -3010.318940639379   -3010.307642129056
    76.000     31.000     0.083171     0.049974     0.024192   -3010.318549006025   -3010.307166912255
    76.000     32.000     0.082286     0.051418     0.024192   -3010.318143219179   -3010.306693993162
    76.000     33.000     0.081376     0.052846     0.024192   -3010.317723790354   -3010.306223871713
    76.000     34.000     0.080441     0.054258     0.024192   -3010.317291249190   -3010.305757046264
    76.000     35.000     0.079482     0.055654     0.024192   -3010.316846142450   -3010.305294013396
    76.000     36.000     0.078499     0.057033     0.024192   -3010.316389033134   -3010.304835267597
    76.000     37.000     0.077491     0.058394     0.024192   -3010.315920499376   -3010.304381301016
    76.000     38.000     0.076460     0.059737     0.024192   -3010.315441133593   -3010.303932603142
    76.000     39.000     0.075406     0.061063     0.024192   -3010.314951541397   -3010.303489660457
    76.000     40.000     0.074329     0.062369     0.024192   -3010.314452340647   -3010.303052956129
    76.000     41.000     0.073229     0.063657     0.024192   -3010.313944160431   -3010.302622969603
    76.000     42.000     0.072107     0.064925     0.024192   -3010.313427640117   -3010.302200176218
    76.000     43.000     0.070963     0.066174     0.024192   -3010.312903428363   -3010.301785046756
    76.000     44.000     0.069797     0.067402     0.024192   -3010.312372182146   -3010.301378047023
    76.000     45.000     0.068610     0.068610     0.024192   -3010.311834565849   -3010.300979637323
    76.000     46.000     0.067402     0.069797     0.024192   -3010.311291250312   -3010.300590271990
    77.000     26.000     0.087576     0.042714     0.022495   -3010.320159803618   -3010.309458042967
    77.000     27.000     0.086817     0.044235     0.022495   -3010.319831563027   -3010.308976695652
    77.000     28.000     0.086032     0.045744     0.022495   -3010.319487170460   -3010.308495578068
    77.000     29.000     0.085220     0.047238     0.022495   -3010.319127056257   -3010.308015198398
    77.000     30.000     0.084383     0.048719     0.022495   -3010.318751672618   -3010.307536064261
    77.000     31.000     0.083520     0.050184     0.022495   -3010.318361492810   -3010.307058682422
    77.000     32.000     0.082631     0.051634     0.022495   -3010.317957010271   -3010.306583558587
    77.000     33.000     0.081718     0.053068     0.022495   -3010.317538737756   -3010.306111197141
    77.000     34.000     0.080779     0.054486     0.022495   -3010.317107206352   -3010.305642100915
    77.000     35.000     0.079816     0.055888     0.022495   -3010.316662964611   -3010.305176770908
    77.000     36.000     0.078828     0.057272     0.022495   -3010.316206577530   -3010.304715706049
    77.000     37.000     0.077817     0.058639     0.022495   -3010.315738625573   -3010.304259402921
    77.000     38.000     0.076781     0.059988     0.022495   -3010.315259703695   -3010.303808355391
    77.000     39.000     0.075723     0.061319     0.022495   -3010.314770420349   -3010.303363054382
    77.000     40.000     0.074641     0.062631     0.022495   -3010.314271396459   -3010.302923987434
    77.000     41.000     0.073537     0.063924     0.022495   -3010.313763264472   -3010.302491638379
    77.000     42.000     0.072410     0.065198     0.022495   -3010.313246667316   -3010.302066486924
    77.000     43.000     0.071261     0.066452     0.022495   -3010.312722257481   -3010.301649008207
    77.000     44.000     0.070090     0.067685     0.022495   -3010.312190696004   -3010.301239672354
    77.000     45.000     0.068898     0.068898     0.022495   -3010.311652651535   -3010.300838943971
    77.000     46.000     0.067685     0.070090     0.022495   -3010.311108799386   -3010.300447281653
    78.000     26.000     0.087915     0.042879     0.020791   -3010.319974987748   -3010.309383994216
    78.000     27.000     0.087154     0.044407     0.020791   -3010.319649052391   -3010.308900991410
    78.000     28.000     0.086365     0.045921     0.020791   -3010.319306825029   -3010.308418159668
    78.000     29.000     0.085551     0.047422     0.020791   -3010.318948735827   -3010.307936011470
    78.000     30.000     0.084710     0.048907     0.020791   -3010.318575237048   -3010.307455058665
    78.000     31.000     0.083844     0.050378     0.020791   -3010.318186802223   -3010.306975812282
    78.000     32.000     0.082952     0.051834     0.020791   -3010.317783925307   -3010.306498782237
    78.000     33.000     0.082034     0.053274     0.020791   -3010.317367119833   -3010.306024477099
    78.000     34.000     0.081092     0.054697     0.020791   -3010.316936917914   -3010.305553403887
    78.000     35.000     0.080125     0.056104     0.020791   -3010.316493869384   -3010.305086067788
    78.000     36.000     0.079134     0.057494     0.020791   -3010.316038540790   -3010.304622971888
    78.000     37.000     0.078118     0.058866     0.020791   -3010.315571514406   -3010.304164616904
    78.000     38.000     0.077079     0.060221     0.020791   -3010.315093387263   -3010.303711500871
    78.000     39.000     0.076016     0.061557     0.020791   -3010.314604770125   -3010.303264118830
    78.000     40.000     0.074930     0.062874     0.020791   -3010.314106286523   -3010.302822962462
    78.000     41.000     0.073822     0.064172     0.020791   -3010.313598571716   -3010.302388519691
    78.000     42.000     0.072691     0.065451     0.020791   -3010.313082271731   -3010.301961274346
    78.000     43.000     0.071537     0.066710     0.020791   -3010.312558042364   -3010.301541705633
    78.000     44.000     0.070362     0.067948     0.020791   -3010.312026548205   -3010.301130287736
    78.000     45.000     0.069165     0.069165     0.020791   -3010.311488461688   -3010.300727489303
    78.000     46.000     0.067948     0.070362     0.020791   -3010.310944462101   -3010.300333772924
    79.000     26.000     0.088228     0.043032     0.019081   -3010.319801820442   -3010.309333870535
    79.000     27.000     0.087464     0.044565     0.019081   -3010.319478434400   -3010.308849521414
    79.000     28.000     0.086673     0.046085     0.019081   -3010.319138628085   -3010.308365283854
    79.000     29.000     0.085855     0.047590     0.019081   -3010.318782831098   -3010.307881674350
    79.000     30.000     0.085011     0.049081     0.019081   -3010.318411495352   -3010.307399208737
    79.000     31.000     0.084142     0.050558     0.019081   -3010.318025094243   -3010.306918401999
    79.000     32.000     0.083247     0.052018     0.019081   -3010.317624121820   -3010.306439767991
    79.000     33.000     0.082326     0.053463     0.019081   -3010.317209091938   -3010.305963819214
    79.000     34.000     0.081381     0.054892     0.019081   -3010.316780537300   -3010.305491066596
    79.000     35.000     0.080410     0.056304     0.019081   -3010.316339008537   -3010.305022019219
    79.000     36.000     0.079415     0.057699     0.019081   -3010.315885073258   -3010.304557184065
    79.000     37.000     0.078396     0.059076     0.019081   -3010.315419315071   -3010.304097065721
    79.000     38.000     0.077353     0.060435     0.019081   -3010.314942332563   -3010.303642166107
    79.000     39.000     0.076287     0.061776     0.019081   -3010.314454738349   -3010.303192984105
    79.000     40.000     0.075197     0.063098     0.019081   -3010.313957158029   -3010.302750015257
    79.000     41.000     0.074084     0.064401     0.019081   -3010.313450229188   -3010.302313751333
    79.000     42.000     0.072949     0.065684     0.019081   -3010.312934600438   -3010.301884679962
    79.000     43.000     0.071792     0.066947     0.019081   -3010.312410930379   -3010.301463284180
    79.000     44.000     0.070612     0.068190     0.019081   -3010.311879886646   -3010.301050041955
    79.000     45.000     0.069412     0.069412     0.019081   -3010.311342144933   -3010.300645425679
    79.000     46.000     0.068190     0.070612     0.019081   -3010.310798388023   -3010.300249901677
    80.000     26.000     0.088514     0.043171     0.017365   -3010.319640467831   -3010.309307726151
    80.000     27.000     0.087747     0.044709     0.017365   -3010.319319871197   -3010.308822343013
    80.000     28.000     0.086953     0.046234     0.017365   -3010.318982737966   -3010.308337011173
    80.000     29.000     0.086133     0.047744     0.017365   -3010.318629496826   -3010.307852250831
    80.000     30.000     0.085287     0.049240     0.017365   -3010.318260598939   -3010.307368581547
    80.000     31.000     0.084415     0.050721     0.017365   -3010.317876517167   -3010.306886521952
    80.000     32.000     0.083516     0.052187     0.017365   -3010.317477745242   -3010.306406589581
    80.000     33.000     0.082593     0.053636     0.017365   -3010.317064796881   -3010.305929300589
    80.000     34.000     0.081644     0.055070     0.017365   -3010.316638204896   -3010.305455169533
    80.000     35.000     0.080671     0.056486     0.017365   -3010.316198520276   -3010.304984709103
    80.000     36.000     0.079673     0.057886     0.017365   -3010.315746311227   -3010.304518429902
    80.000     37.000     0.078650     0.059267     0.017365   -3010.315282162165   -3010.304056840118
    80.000     38.000     0.077604     0.060631     0.017365   -3010.314806672788   -3010.303600445252
    80.000     39.000     0.076534     0.061976     0.017365   -3010.314320456999   -3010.303149747778
    80.000     40.000     0.075441     0.063302     0.017365   -3010.313824142000   -3010.302705246792
    80.000     41.000     0.074324     0.064609     0.017365   -3010.313318367190   -3010.302267437636
    80.000     42.000     0.073185     0.065897     0.017365   -3010.312803783227   -3010.301836811483
    80.000     43.000     0.072024     0.067164     0.017365   -3010.312281051030   -3010.301413854889
    80.000     44.000     0.070841     0.068410     0.017365   -3010.311750840760   -3010.300999049326
    80.000     45.000     0.069636     0.069636     0.017365   -3010.311213830857   -3010.300592870673
    80.000     46.000     0.068410     0.070841     0.017365   -3010.310670707099   -3010.300195788691
    81.000     26.000     0.088773     0.043297     0.015643   -3010.319491086198   -3010.309305587509
    81.000     27.000     0.088004     0.044840     0.015643   -3010.319173514743   -3010.308819485406
    81.000     28.000     0.087208     0.046369     0.015643   -3010.318839302502   -3010.308333373602
    81.000     29.000     0.086385     0.047884     0.015643   -3010.318488876896   -3010.307847775727
    81.000     30.000     0.085536     0.049384     0.015643   -3010.318122687970   -3010.307363214765
    81.000     31.000     0.084661     0.050870     0.015643   -3010.317741207635   -3010.306880212743
    81.000     32.000     0.083761     0.052340     0.015643   -3010.317344928870   -3010.306399290571
    81.000     33.000     0.082835     0.053793     0.015643   -3010.316934364845   -3010.305920967767
    81.000     34.000     0.081883     0.055231     0.015643   -3010.316510048031   -3010.305445762232
    81.000     35.000     0.080907     0.056651     0.015643   -3010.316072529301   -3010.304974190000
    81.000     36.000     0.079906     0.058055     0.015643   -3010.315622376960   -3010.304506764996
    81.000     37.000     0.078880     0.059441     0.015643   -3010.315160175776   -3010.304043998720
    81.000     38.000     0.077831     0.060808     0.015643   -3010.314686526023   -3010.303586399991
    81.000     39.000     0.076758     0.062157     0.015643   -3010.314202042443   -3010.303134474571
    81.000     40.000     0.075661     0.063487     0.015643   -3010.313707353286   -3010.302688724841
    81.000     41.000     0.074542     0.064798     0.015643   -3010.313203099269   -3010.302249649412
    81.000     42.000     0.073400     0.066089     0.015643   -3010.312689932600   -3010.301817742713
    81.000     43.000     0.072235     0.067360     0.015643   -3010.312168515971   -3010.301393494548
    81.000     44.000     0.071048     0.068611     0.015643   -3010.311639521557   -3010.300977389604
    81.000     45.000     0.069840     0.069840     0.015643   -3010.311103630048   -3010.300569906955
    81.000     46.000     0.068611     0.071048     0.015643   -3010.310561529672   -3010.300171519524
    82.000     26.000     0.089005     0.043410     0.013917   -3010.319353821902   -3010.309327453339
    82.000     27.000     0.088234     0.044957     0.013917   -3010.319039506737   -3010.308840949638
    82.000     28.000     0.087435     0.046490     0.013917   -3010.318708458928   -3010.308354374559
    82.000     29.000     0.086611     0.048009     0.013917   -3010.318361104245   -3010.307868254898
    82.000     30.000     0.085760     0.049513     0.013917   -3010.317997891247   -3010.307383116727
    82.000     31.000     0.084883     0.051003     0.013917   -3010.317619290503   -3010.306899485215
    82.000     32.000     0.083979     0.052476     0.013917   -3010.317225793835   -3010.306417884337
    82.000     33.000     0.083051     0.053934     0.013917   -3010.316817913426   -3010.305938836695
    82.000     34.000     0.082097     0.055375     0.013917   -3010.316396180961   -3010.305462863259
    82.000     35.000     0.081118     0.056799     0.013917   -3010.315961146727   -3010.304990483105
    82.000     36.000     0.080114     0.058206     0.013917   -3010.315513378666   -3010.304522213183
    82.000     37.000     0.079086     0.059596     0.013917   -3010.315053461411   -3010.304058568047
    82.000     38.000     0.078034     0.060967     0.013917   -3010.314581995312   -3010.303600059497
    82.000     39.000     0.076958     0.062320     0.013917   -3010.314099595445   -3010.303147196328
    82.000     40.000     0.075859     0.063653     0.013917   -3010.313606890607   -3010.302700483904
    82.000     41.000     0.074736     0.064967     0.013917   -3010.313104522313   -3010.302260423823
    82.000     42.000     0.073591     0.066262     0.013917   -3010.312593143806   -3010.301827513484
    82.000     43.000     0.072424     0.067536     0.013917   -3010.312073419033   -3010.301402245625
    82.000     44.000     0.071234     0.068790     0.013917   -3010.311546021669   -3010.300985107867
    82.000     45.000     0.070023     0.070023     0.013917   -3010.311011634116   -3010.300576582187
    82.000     46.000     0.068790     0.071234     0.013917   -3010.310470946550   -3010.300177144370
    83.000     26.000     0.089209     0.043510     0.012187   -3010.319228811248   -3010.309373294757
    83.000     27.000     0.088437     0.045061     0.012187   -3010.318917978578   -3010.308886708714
    83.000     28.000     0.087637     0.046597     0.012187   -3010.318590333830   -3010.308399989013
    83.000     29.000     0.086810     0.048120     0.012187   -3010.318246300806   -3010.307913665285
    83.000     30.000     0.085957     0.049627     0.012187   -3010.317886326208   -3010.307428266445
    83.000     31.000     0.085078     0.051120     0.012187   -3010.317510878886   -3010.306944320460
    83.000     32.000     0.084173     0.052597     0.012187   -3010.317120449094   -3010.306462354132
    83.000     33.000     0.083242     0.054058     0.012187   -3010.316715547605   -3010.305982892809
    83.000     34.000     0.082286     0.055502     0.012187   -3010.316296704873   -3010.305506460234
    83.000     35.000     0.081305     0.056930     0.012187   -3010.315864470147   -3010.305033578253
    83.000     36.000     0.080299     0.058340     0.012187   -3010.315419410536   -3010.304564766569
    83.000     37.000     0.079268     0.059733     0.012187   -3010.314962110059   -3010.304100542444
    83.000     38.000     0.078214     0.061107     0.012187   -3010.314493168641   -3010.303641420422
    83.000     39.000     0.077135     0.062463     0.012187   -3010.314013201192   -3010.303187911989
    83.000     40.000     0.076033     0.063800     0.012187   -3010.313522836562   -3010.302740525227
    83.000     41.000     0.074908     0.065117     0.012187   -3010.313022716541   -3010.302299764408
    83.000     42.000     0.073761     0.066414     0.012187   -3010.312513494876   -3010.301866129606
    83.000     43.000     0.072590     0.067691     0.012187   -3010.311995836267   -3010.301440116201
    83.000     44.000     0.071398     0.068948     0.012187   -3010.311470415365   -3010.301022214458
    83.000     45.000     0.070184     0.070184     0.012187   -3010.310937915759   -3010.300612908951
    83.000     46.000     0.068948     0.071398     0.012187   -3010.310399029040   -3010.300212678041
