&FCI NORB=9,NELEC=0,MS2=0
ORBSYM=1,1,1,1,
ISYM=1,
/
      3.98520784007707518093e-01 	 1 1 1 1
     -5.25395477168413404384e-04 	 1 1 2 1
      1.67396011609624834060e-01 	 1 1 2 2
     -4.55150484865153841935e-03 	 1 1 3 1
     -1.91812485762509637478e-03 	 1 1 3 2
      2.29497766979428224898e-01 	 1 1 3 3
      5.73348061021253761760e-03 	 1 1 4 1
     -7.96689930172340683538e-04 	 1 1 4 2
      7.34748970643908476397e-04 	 1 1 4 3
      1.52233340085842272504e-01 	 1 1 4 4
     -1.27837064235053754491e-02 	 1 1 5 1
      3.40610942282848234292e-03 	 1 1 5 2
     -1.99133663238432742984e-03 	 1 1 5 3
     -2.49383414157764143199e-03 	 1 1 5 4
      1.82399681682240855096e-01 	 1 1 5 5
     -4.37666575904891146792e-03 	 1 1 6 1
      2.23160579655295706128e-03 	 1 1 6 2
      2.45204405422371971013e-03 	 1 1 6 3
      3.60646328358349844544e-04 	 1 1 6 4
      3.15405027875360855980e-03 	 1 1 6 5
      2.01818450181319164471e-01 	 1 1 6 6
     -2.25577423871533948307e-03 	 1 1 7 1
      1.19903062600684056672e-03 	 1 1 7 2
      3.04793963314348517486e-05 	 1 1 7 3
     -7.78961888862074024881e-03 	 1 1 7 4
      2.52365305495642596248e-03 	 1 1 7 5
      1.57103869622226438064e-03 	 1 1 7 6
      1.74365591469054809215e-01 	 1 1 7 7
     -9.27170499027571079487e-03 	 1 1 8 1
      1.33675287971510379365e-03 	 1 1 8 2
     -1.93036480185614480257e-03 	 1 1 8 3
     -3.65420180900162940105e-04 	 1 1 8 4
      8.43402409341710741775e-03 	 1 1 8 5
      1.13425491374019426355e-02 	 1 1 8 6
      4.47513688613245441596e-04 	 1 1 8 7
      2.09090842317884523238e-01 	 1 1 8 8
      2.69515371558288509279e-03 	 1 1 9 1
     -1.79314527876149576967e-03 	 1 1 9 2
      3.55823788906049981798e-03 	 1 1 9 3
      1.46217097739889515841e-03 	 1 1 9 4
     -3.54537959137463673867e-03 	 1 1 9 5
     -5.57336824867371138231e-03 	 1 1 9 6
     -3.39813247197320433129e-03 	 1 1 9 7
     -2.48834991383534587933e-03 	 1 1 9 8
      2.62724759615048875094e-01 	 1 1 9 9
     -5.25395477168423053783e-04 	 2 1 1 1
      7.89747035896003982819e-04 	 2 1 2 1
     -4.86897718479027425548e-03 	 2 1 2 2
      9.42189604550432712479e-06 	 2 1 3 1
      7.16094301355250559792e-06 	 2 1 3 2
      5.67851572406196346277e-03 	 2 1 3 3
     -1.55771377632314087522e-04 	 2 1 4 1
      1.09138678753131632615e-04 	 2 1 4 2
     -5.32774877603272146407e-06 	 2 1 4 3
     -4.91497231252018603603e-03 	 2 1 4 4
      1.27623011604403825345e-03 	 2 1 5 1
      2.42451270513648672184e-04 	 2 1 5 2
      5.24593214721796126301e-05 	 2 1 5 3
     -1.16672720146639773511e-04 	 2 1 5 4
      1.28383126590860398124e-03 	 2 1 5 5
      2.67410196101017249865e-04 	 2 1 6 1
      2.57293652547965605044e-04 	 2 1 6 2
     -3.64299929299345147718e-05 	 2 1 6 3
      4.76462346975911117024e-05 	 2 1 6 4
     -5.46065374295289041669e-05 	 2 1 6 5
     -2.50875114889570634789e-04 	 2 1 6 6
      2.60455080430405160139e-04 	 2 1 7 1
     -1.09558861598104288000e-04 	 2 1 7 2
      1.45848255273299697894e-05 	 2 1 7 3
     -2.54987560831555488787e-04 	 2 1 7 4
      2.90711402854158156364e-04 	 2 1 7 5
      1.57642489658975820969e-04 	 2 1 7 6
     -2.71475975024036697558e-03 	 2 1 7 7
      8.37931355460073252171e-04 	 2 1 8 1
      1.51979270032407841242e-04 	 2 1 8 2
     -3.08612409722408540295e-05 	 2 1 8 3
      4.26517919236337950313e-05 	 2 1 8 4
      4.06049759783285075816e-04 	 2 1 8 5
      3.15910222343166152258e-04 	 2 1 8 6
     -3.96100251762149152047e-05 	 2 1 8 7
      1.15435620917615495810e-03 	 2 1 8 8
     -8.14814730281379065099e-04 	 2 1 9 1
      3.21381813311596216832e-04 	 2 1 9 2
      4.79073351771065427578e-05 	 2 1 9 3
     -3.30719334082019416222e-04 	 2 1 9 4
     -7.53018940851616497278e-04 	 2 1 9 5
     -3.59517601392499283521e-04 	 2 1 9 6
     -1.90916060688184579912e-04 	 2 1 9 7
     -6.57100858218112441646e-04 	 2 1 9 8
     -1.42240325819866148850e-03 	 2 1 9 9
      1.67396011609624695282e-01 	 2 2 1 1
     -4.86897718479027512284e-03 	 2 2 2 1
      4.54846465436402780380e-01 	 2 2 2 2
     -9.98775944065088180229e-04 	 2 2 3 1
      1.33813566320087665683e-03 	 2 2 3 2
      1.06223215889543656787e-01 	 2 2 3 3
      4.94289248876150777434e-03 	 2 2 4 1
      1.22184955542874130671e-03 	 2 2 4 2
     -1.06118502946160445967e-03 	 2 2 4 3
      4.36330521184669195556e-01 	 2 2 4 4
     -7.62001660615240026392e-03 	 2 2 5 1
     -7.05399374725420788557e-03 	 2 2 5 2
     -6.08222952558826147548e-04 	 2 2 5 3
      8.23692906540194474951e-03 	 2 2 5 4
      1.29045350225790028675e-01 	 2 2 5 5
     -2.23261243787809026198e-03 	 2 2 6 1
     -3.65836941687555433286e-03 	 2 2 6 2
      7.98283315584287001855e-04 	 2 2 6 3
     -2.00232254579248191220e-03 	 2 2 6 4
      9.72530917885784402382e-04 	 2 2 6 5
      1.80245889642139445197e-01 	 2 2 6 6
     -8.74998238249265550270e-03 	 2 2 7 1
     -5.79525784017579422697e-03 	 2 2 7 2
      1.05510309346878755794e-03 	 2 2 7 3
      2.30032579438758343071e-02 	 2 2 7 4
     -8.95018183827796763585e-03 	 2 2 7 5
     -5.21951765480203975361e-03 	 2 2 7 6
      3.50454464563694556567e-01 	 2 2 7 7
     -4.01564448224184938896e-03 	 2 2 8 1
     -2.19645891045467745242e-03 	 2 2 8 2
      1.11424538270172895828e-04 	 2 2 8 3
     -6.82663945113847620005e-03 	 2 2 8 4
     -2.93865341420953371141e-05 	 2 2 8 5
     -1.72532373184864154525e-03 	 2 2 8 6
      6.27526576179585418580e-03 	 2 2 8 7
      1.19685867748288668477e-01 	 2 2 8 8
      6.42416519895442489352e-03 	 2 2 9 1
      6.34745020937586314214e-03 	 2 2 9 2
      8.69658882502104746068e-04 	 2 2 9 3
      1.77181819090130344974e-02 	 2 2 9 4
      8.19077624413544307103e-03 	 2 2 9 5
      2.51483631284476040826e-03 	 2 2 9 6
     -7.55654861563450274894e-04 	 2 2 9 7
      1.19876690487153766268e-02 	 2 2 9 8
      2.43591155354074800909e-01 	 2 2 9 9
     -4.55150484865153408254e-03 	 3 1 1 1
      9.42189604550466932610e-06 	 3 1 2 1
     -9.98775944065075386644e-04 	 3 1 2 2
      5.32437437988706168540e-03 	 3 1 3 1
      6.17815765449326718441e-04 	 3 1 3 2
      3.06230571638916541227e-03 	 3 1 3 3
     -1.85401357541794317013e-04 	 3 1 4 1
      3.45870908510294398591e-06 	 3 1 4 2
     -2.87446453680680600630e-04 	 3 1 4 3
     -6.44837197565120397516e-04 	 3 1 4 4
      7.25183738360024067460e-04 	 3 1 5 1
     -1.64768745212207854511e-06 	 3 1 5 2
      4.08544133790344522750e-03 	 3 1 5 3
     -7.40065655219371228190e-05 	 3 1 5 4
      1.38834140479403007722e-03 	 3 1 5 5
      5.45098269808093989150e-04 	 3 1 6 1
      1.51491361574507873294e-04 	 3 1 6 2
      1.96346929551902675158e-04 	 3 1 6 3
     -5.09071721690035537103e-05 	 3 1 6 4
     -3.16532918134307430223e-05 	 3 1 6 5
      6.48579080741784716642e-04 	 3 1 6 6
      1.81923156251246004398e-04 	 3 1 7 1
      7.57498742942738420830e-05 	 3 1 7 2
      3.86477781840247741878e-04 	 3 1 7 3
      9.70799578559802795298e-05 	 3 1 7 4
      6.50198607753372338292e-05 	 3 1 7 5
      1.89162843051879245261e-04 	 3 1 7 6
     -8.38452790744505845749e-04 	 3 1 7 7
      5.35217909711182843885e-04 	 3 1 8 1
      1.33572816615948271367e-04 	 3 1 8 2
      1.82605493385575002284e-03 	 3 1 8 3
      3.19210524058803976491e-05 	 3 1 8 4
     -2.21124154110823609252e-04 	 3 1 8 5
      4.94220475157508237047e-05 	 3 1 8 6
      4.52175112818802477132e-05 	 3 1 8 7
      4.54017992250636305551e-03 	 3 1 8 8
     -2.33033710820938598377e-04 	 3 1 9 1
     -1.98481504705750661692e-04 	 3 1 9 2
     -2.33578415970410327787e-03 	 3 1 9 3
     -4.35092751707425690424e-05 	 3 1 9 4
     -2.50435057926826716481e-04 	 3 1 9 5
     -5.13575903420412753497e-04 	 3 1 9 6
     -3.84029836175499072809e-05 	 3 1 9 7
     -1.05298178659429759801e-04 	 3 1 9 8
     -2.19422954732066992009e-03 	 3 1 9 9
     -1.91812485762510331368e-03 	 3 2 1 1
      7.16094301355196857903e-06 	 3 2 2 1
      1.33813566320087448842e-03 	 3 2 2 2
      6.17815765449328561584e-04 	 3 2 3 1
      3.53542421343050223149e-04 	 3 2 3 2
      5.07400986277526378746e-05 	 3 2 3 3
     -3.84501650204249095007e-06 	 3 2 4 1
     -4.42874148164233894963e-05 	 3 2 4 2
      9.49908731468780524482e-05 	 3 2 4 3
     -2.39645563345014354787e-04 	 3 2 4 4
      2.35426472771309790687e-04 	 3 2 5 1
     -7.04328220220923686967e-05 	 3 2 5 2
      6.41863237139593772844e-04 	 3 2 5 3
      1.28058634205928726073e-05 	 3 2 5 4
     -1.03938505854854089036e-03 	 3 2 5 5
      1.50689893788464701185e-04 	 3 2 6 1
     -3.85731101578586698460e-05 	 3 2 6 2
      3.34287560603342128948e-04 	 3 2 6 3
      1.21986914693007704501e-04 	 3 2 6 4
     -7.29119384581741476325e-05 	 3 2 6 5
     -1.10230792589411014971e-03 	 3 2 6 6
      8.24978120638403998816e-05 	 3 2 7 1
     -2.31884761131008715167e-05 	 3 2 7 2
      3.45180732588860287452e-04 	 3 2 7 3
      4.98555239404173161817e-04 	 3 2 7 4
     -1.73773311206908121461e-04 	 3 2 7 5
      4.76249367737885891767e-05 	 3 2 7 6
      4.45636419162282436390e-03 	 3 2 7 7
      2.44373872816505417326e-04 	 3 2 8 1
     -4.32657377040471206463e-05 	 3 2 8 2
      3.05809755103052932895e-04 	 3 2 8 3
     -2.02713522703558735624e-05 	 3 2 8 4
      2.86131188356971440480e-05 	 3 2 8 5
     -1.00677304366611082543e-04 	 3 2 8 6
      6.61533618157243827242e-05 	 3 2 8 7
     -9.44542657000195929988e-04 	 3 2 8 8
     -1.70068461229767132819e-04 	 3 2 9 1
     -1.92324756877963647995e-05 	 3 2 9 2
     -5.16550847562157453875e-04 	 3 2 9 3
     -2.35031710467289891697e-04 	 3 2 9 4
     -9.37007845209097842360e-05 	 3 2 9 5
      1.32866740934583745567e-04 	 3 2 9 6
     -3.86170287625683440486e-04 	 3 2 9 7
      4.71237374160542949798e-05 	 3 2 9 8
     -6.98258446675446191668e-04 	 3 2 9 9
      2.29497766979428113876e-01 	 3 3 1 1
      5.67851572406195912596e-03 	 3 3 2 1
      1.06223215889543601276e-01 	 3 3 2 2
      3.06230571638918406055e-03 	 3 3 3 1
      5.07400986277527598473e-05 	 3 3 3 2
      4.56495416466519754461e-01 	 3 3 3 3
     -2.16750402202947481736e-03 	 3 3 4 1
      6.55496016574725194441e-04 	 3 3 4 2
     -8.08884344817545016849e-04 	 3 3 4 3
      1.03662310668536650216e-01 	 3 3 4 4
      3.61116123943421851727e-02 	 3 3 5 1
      7.47981882732390301882e-03 	 3 3 5 2
      6.81415737713930952206e-04 	 3 3 5 3
     -2.22077192432702102964e-03 	 3 3 5 4
      1.88669202144828102030e-01 	 3 3 5 5
      4.15926575333745284641e-03 	 3 3 6 1
      3.84538821028852133635e-03 	 3 3 6 2
     -8.46014714541803406096e-04 	 3 3 6 3
      3.94002139849512883463e-05 	 3 3 6 4
     -3.01007612587286593406e-03 	 3 3 6 5
      1.58885573481830383313e-01 	 3 3 6 6
      4.22390085120721240491e-03 	 3 3 7 1
      3.86763692684906562960e-03 	 3 3 7 2
      6.13487299145834964580e-04 	 3 3 7 3
     -1.59494587928989692630e-03 	 3 3 7 4
      8.77578079272281312562e-03 	 3 3 7 5
      5.83225851230788697177e-03 	 3 3 7 6
      1.16756743668430043592e-01 	 3 3 7 7
      2.12567931592424347320e-02 	 3 3 8 1
      3.62947901353853370071e-03 	 3 3 8 2
     -3.64904034910372475700e-03 	 3 3 8 3
     -1.28918433527414554550e-03 	 3 3 8 4
      1.49499158700070102629e-02 	 3 3 8 5
      1.38699420700144661345e-02 	 3 3 8 6
     -5.34493227188319664010e-05 	 3 3 8 7
      2.11715862364016044195e-01 	 3 3 8 8
     -2.22516646442721260923e-02 	 3 3 9 1
     -6.31175514695854391473e-03 	 3 3 9 2
      1.34172140439501414930e-03 	 3 3 9 3
     -1.74368756636453258770e-03 	 3 3 9 4
     -2.83029388466788552059e-02 	 3 3 9 5
     -1.11763339865314972194e-02 	 3 3 9 6
     -5.91916254665671506818e-03 	 3 3 9 7
     -1.58082376438322541601e-02 	 3 3 9 8
      1.64374649151448476436e-01 	 3 3 9 9
      5.73348061021251680092e-03 	 4 1 1 1
     -1.55771377632315822246e-04 	 4 1 2 1
      4.94289248876152251949e-03 	 4 1 2 2
     -1.85401357541796729363e-04 	 4 1 3 1
     -3.84501650204353195357e-06 	 4 1 3 2
     -2.16750402202947134792e-03 	 4 1 3 3
      1.10156891721207303783e-03 	 4 1 4 1
     -2.80141070810646761365e-04 	 4 1 4 2
      2.75986074101941356192e-05 	 4 1 4 3
      3.52736436658444754005e-03 	 4 1 4 4
     -1.16923697898120354174e-03 	 4 1 5 1
     -7.97074863541145619194e-05 	 4 1 5 2
     -1.40291421932322294590e-04 	 4 1 5 3
      1.96358709988347864038e-04 	 4 1 5 4
      2.14406429442616660273e-04 	 4 1 5 5
     -4.82162555840169365553e-04 	 4 1 6 1
     -6.37943905646844411058e-05 	 4 1 6 2
      1.04504917311056379561e-04 	 4 1 6 3
      5.94314750260781861531e-04 	 4 1 6 4
      1.28399999074923988791e-04 	 4 1 6 5
      2.87194044777302516513e-03 	 4 1 6 6
     -8.28705136801776397204e-04 	 4 1 7 1
     -1.07115645824101073081e-04 	 4 1 7 2
      6.33417823915681743813e-05 	 4 1 7 3
     -2.29566335555600681620e-03 	 4 1 7 4
     -4.28942492358535859727e-04 	 4 1 7 5
     -4.42232990705447234769e-04 	 4 1 7 6
      8.69794948090707280286e-03 	 4 1 7 7
     -7.15034135267821925608e-04 	 4 1 8 1
     -6.22090243451135717530e-05 	 4 1 8 2
      7.96402610112550087751e-07 	 4 1 8 3
     -2.81063127426654259505e-04 	 4 1 8 4
     -3.58605556590933349358e-05 	 4 1 8 5
     -5.40765339335531818412e-05 	 4 1 8 6
      4.03541381856513034759e-04 	 4 1 8 7
     -6.52222687993866674476e-04 	 4 1 8 8
      4.93614867123786044481e-04 	 4 1 9 1
      2.83148397562625846050e-05 	 4 1 9 2
      1.59748507023779056941e-04 	 4 1 9 3
     -6.69417866039984901967e-04 	 4 1 9 4
      5.73502168234643486602e-04 	 4 1 9 5
      3.51495598841154678268e-04 	 4 1 9 6
      5.77361339965108314549e-05 	 4 1 9 7
      9.82102828471249390818e-04 	 4 1 9 8
      8.42150251762720063187e-03 	 4 1 9 9
     -7.96689930172328757314e-04 	 4 2 1 1
      1.09138678753131415774e-04 	 4 2 2 1
      1.22184955542874065619e-03 	 4 2 2 2
      3.45870908510367031666e-06 	 4 2 3 1
     -4.42874148164237079806e-05 	 4 2 3 2
      6.55496016574720098691e-04 	 4 2 3 3
     -2.80141070810647195045e-04 	 4 2 4 1
      1.63127021277734707283e-02 	 4 2 4 2
     -1.14593506978773122915e-04 	 4 2 4 3
      1.44132847257312231119e-03 	 4 2 4 4
      2.41345430084835462772e-04 	 4 2 5 1
      3.61810910410246709332e-04 	 4 2 5 2
      1.94004403364958907731e-05 	 4 2 5 3
     -2.96167688415920310040e-04 	 4 2 5 4
     -3.09095128349335507810e-04 	 4 2 5 5
      5.21196463205603988610e-05 	 4 2 6 1
     -2.16606065342191204384e-04 	 4 2 6 2
     -3.80867501371708956742e-06 	 4 2 6 3
     -1.23096991638329937308e-04 	 4 2 6 4
     -8.25591357110000618504e-05 	 4 2 6 5
     -7.13819239158713968532e-04 	 4 2 6 6
     -3.72071877881418935636e-05 	 4 2 7 1
      2.45190240881114481994e-03 	 4 2 7 2
      7.06516085917011755439e-05 	 4 2 7 3
     -1.89418577284425389685e-05 	 4 2 7 4
     -2.00443611245661736607e-05 	 4 2 7 5
     -9.45287471286886013229e-05 	 4 2 7 6
      6.84249515973250400404e-04 	 4 2 7 7
      1.35331326276098352131e-04 	 4 2 8 1
     -1.10319195621421390469e-04 	 4 2 8 2
      4.62957879524551329798e-06 	 4 2 8 3
     -3.89850231116895508334e-05 	 4 2 8 4
      6.29333165146388955145e-05 	 4 2 8 5
     -1.11171808626472452743e-05 	 4 2 8 6
     -5.55385473838760352467e-05 	 4 2 8 7
     -4.58116527585763707881e-04 	 4 2 8 8
     -2.22053564650413309519e-04 	 4 2 9 1
      2.51579342666553417568e-03 	 4 2 9 2
      4.81583344990022226961e-05 	 4 2 9 3
      4.02239939378362188274e-04 	 4 2 9 4
     -9.23253499509806366003e-05 	 4 2 9 5
     -1.34982858513783897207e-04 	 4 2 9 6
      4.48821354275130503827e-05 	 4 2 9 7
     -1.56101749581924784767e-04 	 4 2 9 8
     -5.46927365780469610344e-04 	 4 2 9 9
      7.34748970643905982732e-04 	 4 3 1 1
     -5.32774877603215310496e-06 	 4 3 2 1
     -1.06118502946160727859e-03 	 4 3 2 2
     -2.87446453680681739042e-04 	 4 3 3 1
      9.49908731468780660008e-05 	 4 3 3 2
     -8.08884344817550437860e-04 	 4 3 3 3
      2.75986074101911201819e-05 	 4 3 4 1
     -1.14593506978772784102e-04 	 4 3 4 2
      3.87990979819807378821e-04 	 4 3 4 3
     -1.72666087281542570721e-03 	 4 3 4 4
     -1.58540989368539659947e-04 	 4 3 5 1
      2.50213127462616407605e-05 	 4 3 5 2
     -2.62598729688719883558e-05 	 4 3 5 3
     -5.82517596179877214491e-05 	 4 3 5 4
     -3.53019089049920367206e-04 	 4 3 5 5
     -1.97010029584719615313e-05 	 4 3 6 1
      7.63332821594264243137e-06 	 4 3 6 2
     -1.61564430994489473823e-04 	 4 3 6 3
      3.89932016640852019342e-05 	 4 3 6 4
      2.14831294101019623774e-06 	 4 3 6 5
     -2.10650674635638908688e-04 	 4 3 6 6
      3.35873104961802081895e-05 	 4 3 7 1
      7.54364916430174086825e-05 	 4 3 7 2
      2.77478387206878650013e-04 	 4 3 7 3
     -1.14490075009637034403e-04 	 4 3 7 4
     -2.69511644027312763892e-06 	 4 3 7 5
      2.35992114393949085980e-05 	 4 3 7 6
      4.02798936477977395319e-07 	 4 3 7 7
     -7.62823107470848014479e-05 	 4 3 8 1
     -6.90613748238899824406e-06 	 4 3 8 2
     -3.25187999335683000646e-04 	 4 3 8 3
      5.11607091845618224359e-05 	 4 3 8 4
      1.32808220402471704395e-05 	 4 3 8 5
      7.67810520203279415043e-05 	 4 3 8 6
     -2.86158153353836635074e-05 	 4 3 8 7
     -9.13017827555136956066e-04 	 4 3 8 8
      1.91033730799530874350e-04 	 4 3 9 1
     -3.02612404449458179698e-05 	 4 3 9 2
      4.30819481570018220345e-05 	 4 3 9 3
     -1.75274014467417799243e-04 	 4 3 9 4
      4.94966465237543006635e-05 	 4 3 9 5
      4.09115724068338885164e-05 	 4 3 9 6
     -6.07711307311708344089e-05 	 4 3 9 7
     -8.46053024164245649286e-05 	 4 3 9 8
     -3.67314411845677177542e-05 	 4 3 9 9
      1.52233340085842105971e-01 	 4 4 1 1
     -4.91497231252019384229e-03 	 4 4 2 1
      4.36330521184669473111e-01 	 4 4 2 2
     -6.44837197565102399760e-04 	 4 4 3 1
     -2.39645563345018881331e-04 	 4 4 3 2
      1.03662310668536553071e-01 	 4 4 3 3
      3.52736436658445664735e-03 	 4 4 4 1
      1.44132847257312925009e-03 	 4 4 4 2
     -1.72666087281542982718e-03 	 4 4 4 3
      5.45172367821962322587e-01 	 4 4 4 4
     -5.85687033004193054880e-03 	 4 4 5 1
     -6.83796060215443625430e-03 	 4 4 5 2
     -3.87629504684389343538e-04 	 4 4 5 3
      1.17538490152606298067e-02 	 4 4 5 4
      1.24678526334728784208e-01 	 4 4 5 5
     -1.40330281031813370804e-03 	 4 4 6 1
     -3.17156989638090434924e-03 	 4 4 6 2
      6.13792731855286599618e-04 	 4 4 6 3
     -5.72719296045056357192e-03 	 4 4 6 4
      2.25989847395790941680e-04 	 4 4 6 5
      1.73621685348155002648e-01 	 4 4 6 6
     -1.15471737908932527844e-02 	 4 4 7 1
     -5.05722097985992526115e-03 	 4 4 7 2
      6.39220525584040721520e-04 	 4 4 7 3
      2.00020027722803590831e-02 	 4 4 7 4
     -6.64342618282911644839e-03 	 4 4 7 5
     -7.81814798699633287105e-03 	 4 4 7 6
      2.87570686206270798024e-01 	 4 4 7 7
     -3.32530887971323099034e-03 	 4 4 8 1
     -1.19564884866420976378e-03 	 4 4 8 2
      8.81248045477704450464e-05 	 4 4 8 3
     -9.14207105906534450712e-03 	 4 4 8 4
     -4.82393119211629243636e-04 	 4 4 8 5
     -2.06028377933628907212e-03 	 4 4 8 6
      6.40799171083785042147e-03 	 4 4 8 7
      1.16696546582581758833e-01 	 4 4 8 8
      4.75432227399189000216e-03 	 4 4 9 1
      6.79233996643695617235e-03 	 4 4 9 2
      5.28370876189287043238e-04 	 4 4 9 3
      2.49316337897780536392e-02 	 4 4 9 4
      7.03703865702159751805e-03 	 4 4 9 5
      6.21913580842948913487e-04 	 4 4 9 6
      1.37376833110383535924e-02 	 4 4 9 7
      1.04153702497835048274e-02 	 4 4 9 8
      2.22817093828869661198e-01 	 4 4 9 9
     -1.27837064235053112643e-02 	 5 1 1 1
      1.27623011604403781977e-03 	 5 1 2 1
     -7.62001660615239939656e-03 	 5 1 2 2
      7.25183738360029813731e-04 	 5 1 3 1
      2.35426472771308164383e-04 	 5 1 3 2
      3.61116123943422268061e-02 	 5 1 3 3
     -1.16923697898121113116e-03 	 5 1 4 1
      2.41345430084838010647e-04 	 5 1 4 2
     -1.58540989368536732601e-04 	 5 1 4 3
     -5.85687033004190626267e-03 	 5 1 4 4
      1.38639637032305276104e-02 	 5 1 5 1
      1.55571032484399639911e-03 	 5 1 5 2
      3.77575572480642646274e-04 	 5 1 5 3
     -2.97274028631190612420e-04 	 5 1 5 4
     -2.38560151057144904929e-02 	 5 1 5 5
      1.50025542098866757242e-03 	 5 1 6 1
      6.56766871510380714598e-04 	 5 1 6 2
     -7.45651897474316604358e-04 	 5 1 6 3
     -1.35330784504021010665e-04 	 5 1 6 4
     -2.59092308917630411227e-03 	 5 1 6 5
     -1.29374118140949210393e-02 	 5 1 6 6
      1.16927969944230730585e-03 	 5 1 7 1
      4.45834794949023045449e-04 	 5 1 7 2
      2.99594515168455412528e-05 	 5 1 7 3
      5.77679708719235963411e-04 	 5 1 7 4
      2.09192170781519063208e-03 	 5 1 7 5
      1.18628795728067948367e-03 	 5 1 7 6
     -5.78647427197603175797e-03 	 5 1 7 7
      6.34048974907541491169e-03 	 5 1 8 1
      6.47255061618619395754e-04 	 5 1 8 2
     -7.02340343499614902165e-04 	 5 1 8 3
     -2.61387068238450232839e-04 	 5 1 8 4
      1.98926518783300396859e-03 	 5 1 8 5
      3.29152257026681625829e-03 	 5 1 8 6
      1.00854572022617621180e-04 	 5 1 8 7
     -4.67082799001375479492e-03 	 5 1 8 8
     -4.95388121383011879872e-03 	 5 1 9 1
     -1.08873320139784017686e-03 	 5 1 9 2
     -2.39650352902446818959e-04 	 5 1 9 3
     -5.26515260917163278181e-04 	 5 1 9 4
     -8.05747088051772530903e-03 	 5 1 9 5
     -2.47039306160322293809e-03 	 5 1 9 6
     -6.65100210118406247328e-04 	 5 1 9 7
     -3.71536448393637239174e-03 	 5 1 9 8
     -1.01777010849164947781e-02 	 5 1 9 9
      3.40610942282849969015e-03 	 5 2 1 1
      2.42451270513646774830e-04 	 5 2 2 1
     -7.05399374725420615084e-03 	 5 2 2 2
     -1.64768745212041878405e-06 	 5 2 3 1
     -7.04328220220920434361e-05 	 5 2 3 2
      7.47981882732389781465e-03 	 5 2 3 3
     -7.97074863541146703396e-05 	 5 2 4 1
      3.61810910410246329861e-04 	 5 2 4 2
      2.50213127462626809170e-05 	 5 2 4 3
     -6.83796060215444059111e-03 	 5 2 4 4
      1.55571032484399596543e-03 	 5 2 5 1
      6.81428239480907525435e-04 	 5 2 5 2
     -6.03815103030006853605e-05 	 5 2 5 3
     -2.29288541873890367199e-04 	 5 2 5 4
     -1.67876115402267175533e-03 	 5 2 5 5
      7.72449085841694568777e-05 	 5 2 6 1
      2.17694635107459834485e-04 	 5 2 6 2
     -3.12499955387097902394e-05 	 5 2 6 3
      2.91983420364246964432e-05 	 5 2 6 4
     -2.61292438199346103555e-04 	 5 2 6 5
     -1.07672402930679075861e-03 	 5 2 6 6
      2.68122996285504323465e-04 	 5 2 7 1
     -3.57548934894895656281e-05 	 5 2 7 2
     -2.93624737990715988650e-05 	 5 2 7 3
     -5.67987170234673195354e-04 	 5 2 7 4
      5.89474624387875049784e-04 	 5 2 7 5
      2.81580144829536951380e-04 	 5 2 7 6
     -5.36617901945425461452e-03 	 5 2 7 7
      6.58589672685056101362e-04 	 5 2 8 1
      1.19251204245420815478e-04 	 5 2 8 2
     -6.29524961758885190670e-05 	 5 2 8 3
      1.35847911554407262949e-04 	 5 2 8 4
      4.88927351932870110640e-04 	 5 2 8 5
      6.85098610053632805887e-04 	 5 2 8 6
     -1.37744473786613377386e-04 	 5 2 8 7
      8.59701964685376978162e-04 	 5 2 8 8
     -6.51561227143299006963e-04 	 5 2 9 1
     -9.43315139239679184254e-05 	 5 2 9 2
      4.12978490147973710924e-05 	 5 2 9 3
     -2.38259313748233580695e-04 	 5 2 9 4
     -1.25867439555913773579e-03 	 5 2 9 5
     -3.58217130194729267787e-04 	 5 2 9 6
     -2.21597870711146032645e-04 	 5 2 9 7
     -6.80318975914393528175e-04 	 5 2 9 8
      4.97316624596982350369e-04 	 5 2 9 9
     -1.99133663238430878156e-03 	 5 3 1 1
      5.24593214721787520446e-05 	 5 3 2 1
     -6.08222952558824304405e-04 	 5 3 2 2
      4.08544133790344089069e-03 	 5 3 3 1
      6.41863237139594206525e-04 	 5 3 3 2
      6.81415737713929759584e-04 	 5 3 3 3
     -1.40291421932322321695e-04 	 5 3 4 1
      1.94004403364966158333e-05 	 5 3 4 2
     -2.62598729688705653405e-05 	 5 3 4 3
     -3.87629504684392975616e-04 	 5 3 4 4
      3.77575572480643730476e-04 	 5 3 5 1
     -6.03815103030017018000e-05 	 5 3 5 2
      5.19930853573894857095e-03 	 5 3 5 3
     -2.61941668300158937537e-05 	 5 3 5 4
      2.49424058605371727279e-03 	 5 3 5 5
      7.94972072285957619651e-05 	 5 3 6 1
      8.53573426571192480153e-05 	 5 3 6 2
     -8.96725449600738926462e-04 	 5 3 6 3
     -2.95399754612311577320e-05 	 5 3 6 4
      5.84416990484997145002e-05 	 5 3 6 5
      7.11898014062439343612e-04 	 5 3 6 6
      5.51445426015147370058e-05 	 5 3 7 1
     -1.34219044615748229907e-05 	 5 3 7 2
      6.62030612891064914639e-04 	 5 3 7 3
     -9.88090531276296238708e-05 	 5 3 7 4
     -1.85266110546791275846e-05 	 5 3 7 5
      2.13518337581228410829e-05 	 5 3 7 6
     -9.79652991041224472518e-04 	 5 3 7 7
     -1.27055653490156135466e-04 	 5 3 8 1
      7.53246333312916253140e-05 	 5 3 8 2
      1.23621864642874004607e-03 	 5 3 8 3
      6.85139292076446254501e-05 	 5 3 8 4
     -2.47793168997011647135e-04 	 5 3 8 5
     -3.40216052553525126912e-04 	 5 3 8 6
      2.49607891593908482212e-05 	 5 3 8 7
      6.52246792911729492831e-03 	 5 3 8 8
     -6.37644947948160217138e-04 	 5 3 9 1
     -5.43696653665715529157e-05 	 5 3 9 2
     -2.76553626653407635602e-03 	 5 3 9 3
     -1.45115298684396730195e-05 	 5 3 9 4
      1.44441107126283573882e-04 	 5 3 9 5
     -2.38385664683034065228e-04 	 5 3 9 6
      4.14993773586926303931e-05 	 5 3 9 7
      6.03839095028465677045e-04 	 5 3 9 8
     -4.76568560776792808035e-04 	 5 3 9 9
     -2.49383414157756987464e-03 	 5 4 1 1
     -1.16672720146641684417e-04 	 5 4 2 1
      8.23692906540195689258e-03 	 5 4 2 2
     -7.40065655219396571415e-05 	 5 4 3 1
      1.28058634205936383251e-05 	 5 4 3 2
     -2.22077192432702883590e-03 	 5 4 3 3
      1.96358709988355534769e-04 	 5 4 4 1
     -2.96167688415921068982e-04 	 5 4 4 2
     -5.82517596179856885700e-05 	 5 4 4 3
      1.17538490152606211331e-02 	 5 4 4 4
     -2.97274028631187793494e-04 	 5 4 5 1
     -2.29288541873892129028e-04 	 5 4 5 2
     -2.61941668300177131804e-05 	 5 4 5 3
      5.69472735588768185985e-04 	 5 4 5 4
     -3.76134057389817264352e-05 	 5 4 5 5
     -1.06899908852591731131e-04 	 5 4 6 1
     -1.71180391073833497581e-04 	 5 4 6 2
     -1.69061955232701043852e-05 	 5 4 6 3
     -6.95111553979094307001e-05 	 5 4 6 4
      2.56028462896104756969e-05 	 5 4 6 5
      3.22601820881222205520e-04 	 5 4 6 6
     -4.17320139542324793688e-04 	 5 4 7 1
     -1.67911509465349301001e-04 	 5 4 7 2
      1.97285389017124814014e-05 	 5 4 7 3
      2.02860519999432963902e-04 	 5 4 7 4
     -2.89676745790464374320e-04 	 5 4 7 5
     -3.73155058209298127418e-04 	 5 4 7 6
      3.32523102759485532712e-03 	 5 4 7 7
     -7.81552783464075409006e-05 	 5 4 8 1
     -4.07568448222061976288e-05 	 5 4 8 2
      9.19877699155459210238e-05 	 5 4 8 3
     -3.49946140874890650966e-04 	 5 4 8 4
     -4.62810171664049276844e-05 	 5 4 8 5
     -3.43458238983623787791e-04 	 5 4 8 6
      2.76092635021247092067e-04 	 5 4 8 7
     -2.58857673745216138733e-03 	 5 4 8 8
      1.16453482751243092130e-04 	 5 4 9 1
      1.63140349439202874630e-04 	 5 4 9 2
     -1.98857295650737321286e-06 	 5 4 9 3
      6.70870837593833435793e-04 	 5 4 9 4
      2.89993157782425688140e-04 	 5 4 9 5
      3.56106895629915685703e-04 	 5 4 9 6
      5.13201147593440854498e-04 	 5 4 9 7
      5.72913055775277498503e-04 	 5 4 9 8
      1.78004896598875253337e-03 	 5 4 9 9
      1.82399681682240910607e-01 	 5 5 1 1
      1.28383126590861438958e-03 	 5 5 2 1
      1.29045350225789945409e-01 	 5 5 2 2
      1.38834140479403679927e-03 	 5 5 3 1
     -1.03938505854853655355e-03 	 5 5 3 2
      1.88669202144828046519e-01 	 5 5 3 3
      2.14406429442609721379e-04 	 5 5 4 1
     -3.09095128349346946143e-04 	 5 5 4 2
     -3.53019089049930179236e-04 	 5 5 4 3
      1.24678526334728548286e-01 	 5 5 4 4
     -2.38560151057145841680e-02 	 5 5 5 1
     -1.67876115402267479110e-03 	 5 5 5 2
      2.49424058605371250230e-03 	 5 5 5 3
     -3.76134057389251243056e-05 	 5 5 5 4
      3.80960653745860633457e-01 	 5 5 5 5
     -1.43691348149901920728e-03 	 5 5 6 1
      2.51731289055084609025e-05 	 5 5 6 2
     -1.13669071516528863083e-03 	 5 5 6 3
     -2.77326843371383194997e-04 	 5 5 6 4
      1.53211752282630623428e-02 	 5 5 6 5
      2.48575137330272755154e-01 	 5 5 6 6
      8.90031915072381045462e-04 	 5 5 7 1
      1.38287849372646849157e-03 	 5 5 7 2
     -1.89139595059238272909e-04 	 5 5 7 3
     -4.94178744817627430691e-03 	 5 5 7 4
     -2.72523324629334430871e-03 	 5 5 7 5
     -1.44377732264608761928e-03 	 5 5 7 6
      1.19277870087765316964e-01 	 5 5 7 7
     -1.90312822083540055494e-03 	 5 5 8 1
      6.45455112291099452823e-04 	 5 5 8 2
      1.06600214530660000745e-03 	 5 5 8 3
      4.02191787436291287201e-04 	 5 5 8 4
      4.33857339840475718373e-03 	 5 5 8 5
     -1.10538377679356425443e-02 	 5 5 8 6
     -1.60963839946072435937e-04 	 5 5 8 7
      2.60448658844110780830e-01 	 5 5 8 8
     -6.35079683421653756054e-03 	 5 5 9 1
     -1.10698584438772272033e-03 	 5 5 9 2
     -2.60768162301561331421e-04 	 5 5 9 3
      8.99568179769510479528e-04 	 5 5 9 4
      1.58792816896754819533e-02 	 5 5 9 5
      1.09563424433609156797e-03 	 5 5 9 6
     -1.34418051222359074062e-03 	 5 5 9 7
      3.44558402273348633391e-03 	 5 5 9 8
      1.84344455362525611042e-01 	 5 5 9 9
     -4.37666575904882820119e-03 	 6 1 1 1
      2.67410196101021315623e-04 	 6 1 2 1
     -2.23261243787811758388e-03 	 6 1 2 2
      5.45098269808082930288e-04 	 6 1 3 1
      1.50689893788463671193e-04 	 6 1 3 2
      4.15926575333745024432e-03 	 6 1 3 3
     -4.82162555840189043822e-04 	 6 1 4 1
      5.21196463205574715151e-05 	 6 1 4 2
     -1.97010029584733269484e-05 	 6 1 4 3
     -1.40330281031812373338e-03 	 6 1 4 4
      1.50025542098864870730e-03 	 6 1 5 1
      7.72449085841657705903e-05 	 6 1 5 2
      7.94972072285958703854e-05 	 6 1 5 3
     -1.06899908852583992638e-04 	 6 1 5 4
     -1.43691348149904522813e-03 	 6 1 5 5
      2.24227150853005714748e-03 	 6 1 6 1
      2.74571686637043973264e-04 	 6 1 6 2
      3.40146522463416597828e-04 	 6 1 6 3
     -1.80259747047229059542e-04 	 6 1 6 4
     -3.51431623534150883517e-04 	 6 1 6 5
     -5.51120550202717062599e-03 	 6 1 6 6
      6.66260342381341168043e-04 	 6 1 7 1
      5.96079883555773124828e-05 	 6 1 7 2
      5.37599031028292796480e-05 	 6 1 7 3
     -6.17872413740930997213e-05 	 6 1 7 4
      3.72912071894927928117e-04 	 6 1 7 5
      4.53770532062573673984e-04 	 6 1 7 6
     -7.39008435233988805746e-04 	 6 1 7 7
      1.77405374638963525546e-03 	 6 1 8 1
      1.86476169694683850155e-04 	 6 1 8 2
     -5.84483527799869111803e-05 	 6 1 8 3
      7.76379721140221757888e-05 	 6 1 8 4
      2.00970529019859977344e-04 	 6 1 8 5
      1.50885760801332279891e-03 	 6 1 8 6
      2.99321477150243899694e-05 	 6 1 8 7
      4.30222991199894193998e-03 	 6 1 8 8
     -6.39255628097077201535e-04 	 6 1 9 1
     -2.49870417376781321032e-04 	 6 1 9 2
     -1.55357379373546557926e-04 	 6 1 9 3
     -4.36810951893474403666e-04 	 6 1 9 4
     -1.02264385623597312859e-03 	 6 1 9 5
     -8.67905392601916450199e-04 	 6 1 9 6
      1.23113364007361252538e-04 	 6 1 9 7
     -1.44547943031430171749e-03 	 6 1 9 8
     -6.50222487274050488931e-03 	 6 1 9 9
      2.23160579655294968870e-03 	 6 2 1 1
      2.57293652547965821884e-04 	 6 2 2 1
     -3.65836941687554956237e-03 	 6 2 2 2
      1.51491361574505081474e-04 	 6 2 3 1
     -3.85731101578587714900e-05 	 6 2 3 2
      3.84538821028852133635e-03 	 6 2 3 3
     -6.37943905646885746265e-05 	 6 2 4 1
     -2.16606065342190147287e-04 	 6 2 4 2
      7.63332821594239340369e-06 	 6 2 4 3
     -3.17156989638089524194e-03 	 6 2 4 4
      6.56766871510376811470e-04 	 6 2 5 1
      2.17694635107458397917e-04 	 6 2 5 2
      8.53573426571183671010e-05 	 6 2 5 3
     -1.71180391073830028134e-04 	 6 2 5 4
      2.51731289054927162541e-05 	 6 2 5 5
      2.74571686637052592671e-04 	 6 2 6 1
      7.60090520463861836487e-04 	 6 2 6 2
      6.21067194136998850407e-06 	 6 2 6 3
     -4.45024681825914047192e-05 	 6 2 6 4
     -1.76173972706190911817e-04 	 6 2 6 5
     -1.38973768012038562114e-03 	 6 2 6 6
      1.83337528343821868585e-04 	 6 2 7 1
     -1.03401210475625556970e-04 	 6 2 7 2
     -2.81363007953267487812e-06 	 6 2 7 3
     -5.07489310196782938793e-04 	 6 2 7 4
      3.21335799897647209251e-04 	 6 2 7 5
      2.58578718960077484027e-04 	 6 2 7 6
     -2.30077484401556469143e-03 	 6 2 7 7
      3.13067652542425519952e-04 	 6 2 8 1
      1.94540086147940497179e-04 	 6 2 8 2
     -1.20158703318831787095e-04 	 6 2 8 3
      4.56885050533077085862e-05 	 6 2 8 4
      2.37736903873095350211e-04 	 6 2 8 5
      6.83013387862457972688e-04 	 6 2 8 6
     -3.25815960671032941076e-05 	 6 2 8 7
      2.49092423757512042987e-03 	 6 2 8 8
     -4.29841307295186401093e-04 	 6 2 9 1
      2.47485580963261798167e-04 	 6 2 9 2
      5.38659862697706532764e-05 	 6 2 9 3
     -3.29504863073755037070e-04 	 6 2 9 4
     -5.40087965322782505295e-04 	 6 2 9 5
     -7.15813239957037027346e-04 	 6 2 9 6
      6.09807011000227798840e-05 	 6 2 9 7
     -6.48386467059417436441e-04 	 6 2 9 8
     -1.08987179855414995783e-03 	 6 2 9 9
      2.45204405422372404694e-03 	 6 3 1 1
     -3.64299929299334441222e-05 	 6 3 2 1
      7.98283315584285158711e-04 	 6 3 2 2
      1.96346929551902973313e-04 	 6 3 3 1
      3.34287560603342725259e-04 	 6 3 3 2
     -8.46014714541794949319e-04 	 6 3 3 3
      1.04504917311056000091e-04 	 6 3 4 1
     -3.80867501371790526015e-06 	 6 3 4 2
     -1.61564430994490829075e-04 	 6 3 4 3
      6.13792731855289960645e-04 	 6 3 4 4
     -7.45651897474318339082e-04 	 6 3 5 1
     -3.12499955387090177453e-05 	 6 3 5 2
     -8.96725449600741311706e-04 	 6 3 5 3
     -1.69061955232705821118e-05 	 6 3 5 4
     -1.13669071516530597807e-03 	 6 3 5 5
      3.40146522463428307211e-04 	 6 3 6 1
      6.21067194137044166670e-06 	 6 3 6 2
      3.41412151619092029894e-03 	 6 3 6 3
     -1.18005355197759479537e-05 	 6 3 6 4
     -7.45543781282876651378e-05 	 6 3 6 5
     -7.41444970628645882819e-04 	 6 3 6 6
      3.28992717831514631184e-05 	 6 3 7 1
     -9.08918237174213707161e-06 	 6 3 7 2
      6.17776121014165270628e-04 	 6 3 7 3
      7.92045219049109299142e-06 	 6 3 7 4
     -4.12543667195192205835e-07 	 6 3 7 5
      7.14239915548323112127e-05 	 6 3 7 6
      1.23633647213712669251e-03 	 6 3 7 7
      7.87381362297416841382e-05 	 6 3 8 1
     -5.80634917679873982922e-05 	 6 3 8 2
      1.28994691203253709737e-03 	 6 3 8 3
     -5.35125620097497381347e-05 	 6 3 8 4
      4.72675541887679839196e-04 	 6 3 8 5
      1.82354755060053837657e-04 	 6 3 8 6
     -4.28401380826766097995e-05 	 6 3 8 7
     -1.16375999724860107638e-03 	 6 3 8 8
      4.00027346402713707228e-04 	 6 3 9 1
      3.96880899142436295492e-05 	 6 3 9 2
     -5.75763497960549391723e-04 	 6 3 9 3
      5.70447401692223993609e-05 	 6 3 9 4
     -6.55831582698831192305e-05 	 6 3 9 5
     -1.63822602097930369435e-04 	 6 3 9 6
     -2.20467210711910907009e-05 	 6 3 9 7
     -3.47890173526505127287e-04 	 6 3 9 8
      1.15209300606567560665e-03 	 6 3 9 9
      3.60646328358268854642e-04 	 6 4 1 1
      4.76462346975891940198e-05 	 6 4 2 1
     -2.00232254579248624901e-03 	 6 4 2 2
     -5.09071721690015818176e-05 	 6 4 3 1
      1.21986914693006877797e-04 	 6 4 3 2
      3.94002139849566483708e-05 	 6 4 3 3
      5.94314750260781102589e-04 	 6 4 4 1
     -1.23096991638327497853e-04 	 6 4 4 2
      3.89932016640849512124e-05 	 6 4 4 3
     -5.72719296045055229621e-03 	 6 4 4 4
     -1.35330784504019384362e-04 	 6 4 5 1
      2.91983420364237342137e-05 	 6 4 5 2
     -2.95399754612325095965e-05 	 6 4 5 3
     -6.95111553979169388001e-05 	 6 4 5 4
     -2.77326843371375388742e-04 	 6 4 5 5
     -1.80259747047222229068e-04 	 6 4 6 1
     -4.45024681825837475414e-05 	 6 4 6 2
     -1.18005355197717500584e-05 	 6 4 6 3
      1.04780827020910043655e-03 	 6 4 6 4
     -1.26278665189716500115e-04 	 6 4 6 5
     -1.13089950472975851910e-03 	 6 4 6 6
     -4.22396139560956554102e-04 	 6 4 7 1
     -7.37266942608266084196e-05 	 6 4 7 2
      5.30204507820691877317e-05 	 6 4 7 3
     -2.54076350724128686986e-03 	 6 4 7 4
     -3.51199137592098152398e-04 	 6 4 7 5
     -3.16304095527834882098e-04 	 6 4 7 6
      6.16714650881846314368e-03 	 6 4 7 7
     -5.83459175747399758972e-05 	 6 4 8 1
     -6.22275437180525546610e-05 	 6 4 8 2
      7.10309219163676629558e-06 	 6 4 8 3
     -4.47706783490732225343e-05 	 6 4 8 4
      2.70996235481489185465e-05 	 6 4 8 5
     -2.26630179379042046408e-04 	 6 4 8 6
      1.87442945847221629357e-04 	 6 4 8 7
     -1.64256432677783201050e-03 	 6 4 8 8
      1.56627300704604882804e-04 	 6 4 9 1
     -5.00661112607602803949e-05 	 6 4 9 2
      7.76917201446648874111e-05 	 6 4 9 3
     -1.38114334382910064827e-03 	 6 4 9 4
      1.17520408898591919764e-04 	 6 4 9 5
      6.57487321891584352782e-04 	 6 4 9 6
     -3.10900760272192879310e-04 	 6 4 9 7
      7.67507201508287116402e-04 	 6 4 9 8
      4.63964722670261089238e-03 	 6 4 9 9
      3.15405027875335789225e-03 	 6 5 1 1
     -5.46065374295312352016e-05 	 6 5 2 1
      9.72530917885843166140e-04 	 6 5 2 2
     -3.16532918134427234563e-05 	 6 5 3 1
     -7.29119384581711254189e-05 	 6 5 3 2
     -3.01007612587283731112e-03 	 6 5 3 3
      1.28399999074959794568e-04 	 6 5 4 1
     -8.25591357109992215937e-05 	 6 5 4 2
      2.14831294101681241209e-06 	 6 5 4 3
      2.25989847395744646247e-04 	 6 5 4 4
     -2.59092308917625120321e-03 	 6 5 5 1
     -2.61292438199345832504e-04 	 6 5 5 2
      5.84416990484958588062e-05 	 6 5 5 3
      2.56028462895688897673e-05 	 6 5 5 4
      1.53211752282632375499e-02 	 6 5 5 5
     -3.51431623534229867645e-04 	 6 5 6 1
     -1.76173972706189664985e-04 	 6 5 6 2
     -7.45543781282824338623e-05 	 6 5 6 3
     -1.26278665189700616553e-04 	 6 5 6 4
      5.41471518989105650432e-03 	 6 5 6 5
      1.52494251567757456434e-02 	 6 5 6 6
      6.46013173509555189934e-05 	 6 5 7 1
      5.65685773337989907146e-05 	 6 5 7 2
     -8.60124331446039810337e-06 	 6 5 7 3
     -3.86179492152736590811e-04 	 6 5 7 4
     -4.44785117281201139872e-04 	 6 5 7 5
     -4.15532936115670689485e-04 	 6 5 7 6
      6.10930829610145968364e-04 	 6 5 7 7
     -4.34155537052814688177e-04 	 6 5 8 1
     -4.76643457046071762065e-05 	 6 5 8 2
      6.71354431475616693142e-05 	 6 5 8 3
      1.47733269702534573660e-04 	 6 5 8 4
     -1.07513080860977537113e-03 	 6 5 8 5
     -1.76619708006878249965e-03 	 6 5 8 6
      2.30365798463040295221e-05 	 6 5 8 7
      4.89602310762846191367e-03 	 6 5 8 8
     -2.82632581082667479984e-07 	 6 5 9 1
      6.66114393869246204259e-05 	 6 5 9 2
     -1.86557950790958635941e-05 	 6 5 9 3
     -4.42393309481797777981e-05 	 6 5 9 4
      2.48840766618936949997e-03 	 6 5 9 5
      1.25968948041077998500e-03 	 6 5 9 6
      1.32076922696431440650e-05 	 6 5 9 7
      1.35826481530137510925e-04 	 6 5 9 8
      4.57676097208340598721e-03 	 6 5 9 9
      2.01818450181319636316e-01 	 6 6 1 1
     -2.50875114889571935832e-04 	 6 6 2 1
      1.80245889642139306419e-01 	 6 6 2 2
      6.48579080741800654414e-04 	 6 6 3 1
     -1.10230792589411080024e-03 	 6 6 3 2
      1.58885573481830189024e-01 	 6 6 3 3
      2.87194044777297138871e-03 	 6 6 4 1
     -7.13819239158714076952e-04 	 6 6 4 2
     -2.10650674635640778936e-04 	 6 6 4 3
      1.73621685348155002648e-01 	 6 6 4 4
     -1.29374118140949383865e-02 	 6 6 5 1
     -1.07672402930679054177e-03 	 6 6 5 2
      7.11898014062441186756e-04 	 6 6 5 3
      3.22601820881261833109e-04 	 6 6 5 4
      2.48575137330272671887e-01 	 6 6 5 5
     -5.51120550202714460514e-03 	 6 6 6 1
     -1.38973768012040969043e-03 	 6 6 6 2
     -7.41444970628656399581e-04 	 6 6 6 3
     -1.13089950472977890210e-03 	 6 6 6 4
      1.52494251567757491128e-02 	 6 6 6 5
      4.00461594426128608681e-01 	 6 6 6 6
     -2.98580554088431196144e-03 	 6 6 7 1
      6.07387686750823448979e-04 	 6 6 7 2
      1.09266751394338737947e-04 	 6 6 7 3
     -6.52896078966092811152e-03 	 6 6 7 4
     -2.46094012763691709703e-03 	 6 6 7 5
     -5.09985797869718423397e-03 	 6 6 7 6
      1.53332070289644684102e-01 	 6 6 7 7
     -1.98361280813707466925e-03 	 6 6 8 1
      1.78462629155616683612e-04 	 6 6 8 2
     -2.83688038516155690248e-04 	 6 6 8 3
     -3.01058947601225829465e-04 	 6 6 8 4
     -1.13323956746286735528e-03 	 6 6 8 5
     -1.33744087111144736857e-02 	 6 6 8 6
      1.13764058492857159967e-03 	 6 6 8 7
      2.08409524455027445056e-01 	 6 6 8 8
      4.89291910628137163841e-03 	 6 6 9 1
      8.82603820721884367237e-04 	 6 6 9 2
      6.32741612391201258166e-04 	 6 6 9 3
      5.50493198880430169295e-03 	 6 6 9 4
      1.53975448886146410593e-02 	 6 6 9 5
      2.77446461144794818618e-03 	 6 6 9 6
     -1.89693103363829411109e-03 	 6 6 9 7
      6.52400000969963807934e-03 	 6 6 9 8
      2.56962026646715913092e-01 	 6 6 9 9
     -2.25577423871533297786e-03 	 7 1 1 1
      2.60455080430405864871e-04 	 7 1 2 1
     -8.74998238249267111522e-03 	 7 1 2 2
      1.81923156251244676250e-04 	 7 1 3 1
      8.24978120638415518464e-05 	 7 1 3 2
      4.22390085120722541534e-03 	 7 1 3 3
     -8.28705136801778782449e-04 	 7 1 4 1
     -3.72071877881417173808e-05 	 7 1 4 2
      3.35873104961801539794e-05 	 7 1 4 3
     -1.15471737908932683969e-02 	 7 1 4 4
      1.16927969944230058380e-03 	 7 1 5 1
      2.68122996285501612960e-04 	 7 1 5 2
      5.51445426015154417372e-05 	 7 1 5 3
     -4.17320139542318938996e-04 	 7 1 5 4
      8.90031915072369769759e-04 	 7 1 5 5
      6.66260342381326314473e-04 	 7 1 6 1
      1.83337528343821136749e-04 	 7 1 6 2
      3.28992717831477226209e-05 	 7 1 6 3
     -4.22396139560958830926e-04 	 7 1 6 4
      6.46013173509903760932e-05 	 7 1 6 5
     -2.98580554088435966634e-03 	 7 1 6 6
      1.39880752063184401850e-03 	 7 1 7 1
      1.15023302591476695865e-04 	 7 1 7 2
     -3.85137119474085270164e-05 	 7 1 7 3
      2.31738968649076787151e-03 	 7 1 7 4
      5.54512652511401958957e-04 	 7 1 7 5
      7.81170818984884660248e-04 	 7 1 7 6
     -4.46443518037617764066e-03 	 7 1 7 7
      7.75791361354846286530e-04 	 7 1 8 1
      1.08278755411402697359e-04 	 7 1 8 2
     -7.73831072454565823261e-06 	 7 1 8 3
      4.96528797731098938371e-04 	 7 1 8 4
      2.09392750692728198255e-04 	 7 1 8 5
      5.45521243056840154408e-04 	 7 1 8 6
     -3.59428355133684790390e-04 	 7 1 8 7
      2.48824813225156970045e-03 	 7 1 8 8
     -6.98663002487295826080e-04 	 7 1 9 1
     -3.39293214369646984989e-04 	 7 1 9 2
     -1.35970452957299287045e-04 	 7 1 9 3
     -4.48340248177572005955e-04 	 7 1 9 4
     -9.18499809985294469669e-04 	 7 1 9 5
     -7.11644751209965426876e-04 	 7 1 9 6
     -9.84187517233269752032e-04 	 7 1 9 7
     -1.48871503576794832896e-03 	 7 1 9 8
     -8.77318232546710902175e-03 	 7 1 9 9
      1.19903062600682950786e-03 	 7 2 1 1
     -1.09558861598105399308e-04 	 7 2 2 1
     -5.79525784017579509433e-03 	 7 2 2 2
      7.57498742942735574799e-05 	 7 2 3 1
     -2.31884761131003937901e-05 	 7 2 3 2
      3.86763692684906823169e-03 	 7 2 3 3
     -1.07115645824100232824e-04 	 7 2 4 1
      2.45190240881114828939e-03 	 7 2 4 2
      7.54364916430177746007e-05 	 7 2 4 3
     -5.05722097985992526115e-03 	 7 2 4 4
      4.45834794949023424920e-04 	 7 2 5 1
     -3.57548934894899315463e-05 	 7 2 5 2
     -1.34219044615742707252e-05 	 7 2 5 3
     -1.67911509465349761787e-04 	 7 2 5 4
      1.38287849372647564730e-03 	 7 2 5 5
      5.96079883555747917128e-05 	 7 2 6 1
     -1.03401210475625407893e-04 	 7 2 6 2
     -9.08918237174321449752e-06 	 7 2 6 3
     -7.37266942608243858051e-05 	 7 2 6 4
      5.65685773337934680598e-05 	 7 2 6 5
      6.07387686750827135267e-04 	 7 2 6 6
      1.15023302591479189530e-04 	 7 2 7 1
      9.22019575074094557832e-03 	 7 2 7 2
      2.80637611955474877094e-04 	 7 2 7 3
     -5.30792042223186626669e-04 	 7 2 7 4
      3.71340430398918008425e-05 	 7 2 7 5
      7.75114379163997270234e-05 	 7 2 7 6
     -5.80627835780027010126e-03 	 7 2 7 7
      2.95464666231245792413e-04 	 7 2 8 1
      1.22223404598571306137e-04 	 7 2 8 2
     -4.55710874628495658345e-05 	 7 2 8 3
      3.71244105129942564432e-05 	 7 2 8 4
      1.80582917135240026557e-04 	 7 2 8 5
      1.84850419725856061426e-04 	 7 2 8 6
     -2.37517406639015479135e-04 	 7 2 8 7
      1.51780638260258461322e-03 	 7 2 8 8
     -2.85297934482209986345e-04 	 7 2 9 1
     -1.52001551295337985342e-03 	 7 2 9 2
     -9.03688479760829328812e-05 	 7 2 9 3
     -1.05941216268890363588e-04 	 7 2 9 4
     -4.49821306793754614305e-04 	 7 2 9 5
     -4.35804573769467000531e-05 	 7 2 9 6
      3.62351766351223013936e-05 	 7 2 9 7
     -2.17882688868050735601e-04 	 7 2 9 8
     -3.91618227780925675860e-04 	 7 2 9 9
      3.04793963314498340673e-05 	 7 3 1 1
      1.45848255273295547433e-05 	 7 3 2 1
      1.05510309346878755794e-03 	 7 3 2 2
      3.86477781840247958719e-04 	 7 3 3 1
      3.45180732588860070612e-04 	 7 3 3 2
      6.13487299145829543569e-04 	 7 3 3 3
      6.33417823915689875329e-05 	 7 3 4 1
      7.06516085917009180458e-05 	 7 3 4 2
      2.77478387206879571585e-04 	 7 3 4 3
      6.39220525584038769956e-04 	 7 3 4 4
      2.99594515168482009363e-05 	 7 3 5 1
     -2.93624737990708805811e-05 	 7 3 5 2
      6.62030612891063830437e-04 	 7 3 5 3
      1.97285389017131217583e-05 	 7 3 5 4
     -1.89139595059238218699e-04 	 7 3 5 5
      5.37599031028302486537e-05 	 7 3 6 1
     -2.81363007953303613767e-06 	 7 3 6 2
      6.17776121014163752745e-04 	 7 3 6 3
      5.30204507820665788703e-05 	 7 3 6 4
     -8.60124331445229538620e-06 	 7 3 6 5
      1.09266751394330891034e-04 	 7 3 6 6
     -3.85137119474075783395e-05 	 7 3 7 1
      2.80637611955475093934e-04 	 7 3 7 2
      6.68927411243383355545e-04 	 7 3 7 3
      1.20358255239162150949e-04 	 7 3 7 4
     -8.54774809514046872341e-05 	 7 3 7 5
     -3.91455319485225576153e-06 	 7 3 7 6
      2.09025411492626440879e-03 	 7 3 7 7
      9.68725490691111853787e-05 	 7 3 8 1
     -1.16516741139050227096e-05 	 7 3 8 2
      1.44881217332581182502e-04 	 7 3 8 3
     -6.60383953049859906241e-05 	 7 3 8 4
      4.85248222737602558996e-05 	 7 3 8 5
     -8.40776008293601701156e-05 	 7 3 8 6
      5.41908729132494428765e-05 	 7 3 8 7
     -1.78184731424644741743e-04 	 7 3 8 8
     -1.21564322674846495031e-04 	 7 3 9 1
     -3.48580184684621965517e-05 	 7 3 9 2
     -6.05640416930369306775e-04 	 7 3 9 3
     -2.20228559879016303543e-05 	 7 3 9 4
     -6.99607958008916159306e-05 	 7 3 9 5
      5.40335189485999695157e-05 	 7 3 9 6
     -1.60555192477079979691e-04 	 7 3 9 7
      1.12332564992039476049e-04 	 7 3 9 8
      5.60062361675641318809e-04 	 7 3 9 9
     -7.78961888862077060647e-03 	 7 4 1 1
     -2.54987560831559120864e-04 	 7 4 2 1
      2.30032579438758967572e-02 	 7 4 2 2
      9.70799578559805234753e-05 	 7 4 3 1
      4.98555239404173053397e-04 	 7 4 3 2
     -1.59494587928988521691e-03 	 7 4 3 3
     -2.29566335555600594884e-03 	 7 4 4 1
     -1.89418577284470011381e-05 	 7 4 4 2
     -1.14490075009635611388e-04 	 7 4 4 3
      2.00020027722802515302e-02 	 7 4 4 4
      5.77679708719235204470e-04 	 7 4 5 1
     -5.67987170234667015402e-04 	 7 4 5 2
     -9.88090531276289191394e-05 	 7 4 5 3
      2.02860519999439929901e-04 	 7 4 5 4
     -4.94178744817626476593e-03 	 7 4 5 5
     -6.17872413740840059756e-05 	 7 4 6 1
     -5.07489310196782721953e-04 	 7 4 6 2
      7.92045219049010873914e-06 	 7 4 6 3
     -2.54076350724128426778e-03 	 7 4 6 4
     -3.86179492152761852722e-04 	 7 4 6 5
     -6.52896078966086479412e-03 	 7 4 6 6
      2.31738968649076657047e-03 	 7 4 7 1
     -5.30792042223183590903e-04 	 7 4 7 2
      1.20358255239165430660e-04 	 7 4 7 3
      2.06957243376665392387e-02 	 7 4 7 4
     -3.90131102566011452124e-04 	 7 4 7 5
      1.79743699625286613986e-03 	 7 4 7 6
      1.94587589414339477700e-02 	 7 4 7 7
      5.76870791954819592262e-04 	 7 4 8 1
     -3.57650128405984947793e-04 	 7 4 8 2
      3.70372647549005028656e-05 	 7 4 8 3
      4.72844935237646916970e-04 	 7 4 8 4
      1.61705926540356073736e-04 	 7 4 8 5
     -2.95326542244893353040e-05 	 7 4 8 6
     -5.59194425486536574217e-04 	 7 4 8 7
     -7.40022369163214309429e-03 	 7 4 8 8
     -7.90213070943163674829e-04 	 7 4 9 1
      2.86130366966107837091e-04 	 7 4 9 2
     -1.17484210459927794034e-04 	 7 4 9 3
      6.14215630071618650526e-03 	 7 4 9 4
     -4.47417016526988357752e-04 	 7 4 9 5
     -2.04068513893046265617e-04 	 7 4 9 6
     -5.80793096758765777649e-03 	 7 4 9 7
     -1.41299961185266343897e-03 	 7 4 9 8
     -1.54511349819502694092e-02 	 7 4 9 9
      2.52365305495639907427e-03 	 7 5 1 1
      2.90711402854157668473e-04 	 7 5 2 1
     -8.95018183827795375807e-03 	 7 5 2 2
      6.50198607753343606934e-05 	 7 5 3 1
     -1.73773311206908771982e-04 	 7 5 3 2
      8.77578079272282526868e-03 	 7 5 3 3
     -4.28942492358539491804e-04 	 7 5 4 1
     -2.00443611245650996230e-05 	 7 5 4 2
     -2.69511644027404666967e-06 	 7 5 4 3
     -6.64342618282911644839e-03 	 7 5 4 4
      2.09192170781520017306e-03 	 7 5 5 1
      5.89474624387872664540e-04 	 7 5 5 2
     -1.85266110546790632100e-05 	 7 5 5 3
     -2.89676745790478739999e-04 	 7 5 5 4
     -2.72523324629334951288e-03 	 7 5 5 5
      3.72912071894919146080e-04 	 7 5 6 1
      3.21335799897651546060e-04 	 7 5 6 2
     -4.12543667194091910037e-07 	 7 5 6 3
     -3.51199137592089532991e-04 	 7 5 6 4
     -4.44785117281215288711e-04 	 7 5 6 5
     -2.46094012763692490328e-03 	 7 5 6 6
      5.54512652511399898973e-04 	 7 5 7 1
      3.71340430398902423019e-05 	 7 5 7 2
     -8.54774809514050938099e-05 	 7 5 7 3
     -3.90131102566012861587e-04 	 7 5 7 4
      1.23662498681800618605e-03 	 7 5 7 5
      3.83546098023074266692e-04 	 7 5 7 6
     -1.52134890659470448787e-02 	 7 5 7 7
      8.81998242160322225118e-04 	 7 5 8 1
      2.29158952015551953133e-04 	 7 5 8 2
     -1.15307323983704839787e-04 	 7 5 8 3
      3.14211513533906592124e-04 	 7 5 8 4
      4.06900160544760127520e-04 	 7 5 8 5
      1.00237692570510927327e-03 	 7 5 8 6
     -4.04403551974091715702e-04 	 7 5 8 7
      1.98432967679045219392e-03 	 7 5 8 8
     -8.66555564682074184850e-04 	 7 5 9 1
     -3.05905214915432488876e-04 	 7 5 9 2
     -1.47956638402619184433e-05 	 7 5 9 3
      2.63940697625606964828e-04 	 7 5 9 4
     -1.66295104529440469776e-03 	 7 5 9 5
     -8.26137488842982920141e-04 	 7 5 9 6
      3.83968406110315508845e-04 	 7 5 9 7
     -1.26339073879000408571e-03 	 7 5 9 8
     -3.25790315656183633933e-03 	 7 5 9 9
      1.57103869622230297824e-03 	 7 6 1 1
      1.57642489658976905171e-04 	 7 6 2 1
     -5.21951765480205449876e-03 	 7 6 2 2
      1.89162843051880383673e-04 	 7 6 3 1
      4.76249367737898631142e-05 	 7 6 3 2
      5.83225851230788090024e-03 	 7 6 3 3
     -4.42232990705446963719e-04 	 7 6 4 1
     -9.45287471286895093422e-05 	 7 6 4 2
      2.35992114393958132292e-05 	 7 6 4 3
     -7.81814798699635195300e-03 	 7 6 4 4
      1.18628795728067276162e-03 	 7 6 5 1
      2.81580144829535921388e-04 	 7 6 5 2
      2.13518337581241489018e-05 	 7 6 5 3
     -3.73155058209287122765e-04 	 7 6 5 4
     -1.44377732264608436667e-03 	 7 6 5 5
      4.53770532062570041906e-04 	 7 6 6 1
      2.58578718960073255639e-04 	 7 6 6 2
      7.14239915548276762484e-05 	 7 6 6 3
     -3.16304095527843880976e-04 	 7 6 6 4
     -4.15532936115634802393e-04 	 7 6 6 5
     -5.09985797869720158121e-03 	 7 6 6 6
      7.81170818984887587594e-04 	 7 6 7 1
      7.75114379163991578173e-05 	 7 6 7 2
     -3.91455319485275974613e-06 	 7 6 7 3
      1.79743699625286462197e-03 	 7 6 7 4
      3.83546098023076435096e-04 	 7 6 7 5
      9.29346905007497167857e-04 	 7 6 7 6
     -5.97484009529882973376e-04 	 7 6 7 7
      5.56355207795475510159e-04 	 7 6 8 1
      1.06213983070749622942e-04 	 7 6 8 2
     -1.78977371455421222337e-04 	 7 6 8 3
      2.16067861995953772311e-04 	 7 6 8 4
      3.73218906361657523814e-04 	 7 6 8 5
      1.04866898273744501950e-03 	 7 6 8 6
     -1.49124957674107405355e-04 	 7 6 8 7
      2.01117251693291908612e-03 	 7 6 8 8
     -7.01461861166131255343e-04 	 7 6 9 1
     -3.39765103686921255723e-04 	 7 6 9 2
      3.74529761302153335438e-06 	 7 6 9 3
     -3.21766228926118806695e-04 	 7 6 9 4
     -1.17511850876039465955e-03 	 7 6 9 5
     -9.40546919304269214354e-04 	 7 6 9 6
     -9.83530206164133762731e-04 	 7 6 9 7
     -1.22218122350183696495e-03 	 7 6 9 8
     -5.52091089679884565455e-03 	 7 6 9 9
      1.74365591469054836971e-01 	 7 7 1 1
     -2.71475975024037478184e-03 	 7 7 2 1
      3.50454464563695000656e-01 	 7 7 2 2
     -8.38452790744495871089e-04 	 7 7 3 1
      4.45636419162282089446e-03 	 7 7 3 2
      1.16756743668429960326e-01 	 7 7 3 3
      8.69794948090707974175e-03 	 7 7 4 1
      6.84249515973246822537e-04 	 7 7 4 2
      4.02798936477327032835e-07 	 7 7 4 3
      2.87570686206270853535e-01 	 7 7 4 4
     -5.78647427197601527810e-03 	 7 7 5 1
     -5.36617901945426328814e-03 	 7 7 5 2
     -9.79652991041233796657e-04 	 7 7 5 3
      3.32523102759484665350e-03 	 7 7 5 4
      1.19277870087765386353e-01 	 7 7 5 5
     -7.39008435233995094119e-04 	 7 7 6 1
     -2.30077484401556946192e-03 	 7 7 6 2
      1.23633647213712864407e-03 	 7 7 6 3
      6.16714650881847094993e-03 	 7 7 6 4
      6.10930829610129271651e-04 	 7 7 6 5
      1.53332070289644850636e-01 	 7 7 6 6
     -4.46443518037617677330e-03 	 7 7 7 1
     -5.80627835780027096862e-03 	 7 7 7 2
      2.09025411492626310775e-03 	 7 7 7 3
      1.94587589414339269533e-02 	 7 7 7 4
     -1.52134890659470292662e-02 	 7 7 7 5
     -5.97484009529881889174e-04 	 7 7 7 6
      5.36808192981408249800e-01 	 7 7 7 7
     -3.59034609678889971365e-03 	 7 7 8 1
     -2.51423139559205999563e-03 	 7 7 8 2
      1.31328254739074263115e-04 	 7 7 8 3
     -5.71011210552715541694e-03 	 7 7 8 4
      5.79866822261999111283e-04 	 7 7 8 5
      5.55350871156019528299e-04 	 7 7 8 6
      9.10921463331509917438e-03 	 7 7 8 7
      1.18967322171793496444e-01 	 7 7 8 8
      3.73763648428731198523e-03 	 7 7 9 1
      2.45073599391801592515e-03 	 7 7 9 2
      7.70158646016398315548e-04 	 7 7 9 3
     -1.02858231012120104886e-02 	 7 7 9 4
      4.78701599366904411575e-03 	 7 7 9 5
      1.05612898377177035457e-03 	 7 7 9 6
     -1.68872727717779974599e-02 	 7 7 9 7
      8.89831023553556629824e-03 	 7 7 9 8
      2.22572138381641387861e-01 	 7 7 9 9
     -9.27170499027563793648e-03 	 8 1 1 1
      8.37931355460076721618e-04 	 8 1 2 1
     -4.01564448224185806258e-03 	 8 1 2 2
      5.35217909711173845007e-04 	 8 1 3 1
      2.44373872816503032081e-04 	 8 1 3 2
      2.12567931592424902432e-02 	 8 1 3 3
     -7.15034135267828213980e-04 	 8 1 4 1
      1.35331326276094855579e-04 	 8 1 4 2
     -7.62823107470863464360e-05 	 8 1 4 3
     -3.32530887971321451047e-03 	 8 1 4 4
      6.34048974907543659574e-03 	 8 1 5 1
      6.58589672685052848755e-04 	 8 1 5 2
     -1.27055653490150253669e-04 	 8 1 5 3
     -7.81552783464081914219e-05 	 8 1 5 4
     -1.90312822083546669127e-03 	 8 1 5 5
      1.77405374638963633967e-03 	 8 1 6 1
      3.13067652542424164699e-04 	 8 1 6 2
      7.87381362297297037042e-05 	 8 1 6 3
     -5.83459175747463659138e-05 	 8 1 6 4
     -4.34155537052773054813e-04 	 8 1 6 5
     -1.98361280813705038312e-03 	 8 1 6 6
      7.75791361354858863275e-04 	 8 1 7 1
      2.95464666231248557129e-04 	 8 1 7 2
      9.68725490691101147290e-05 	 8 1 7 3
      5.76870791954808099719e-04 	 8 1 7 4
      8.81998242160325477725e-04 	 8 1 7 5
      5.56355207795483533255e-04 	 8 1 7 6
     -3.59034609678887586121e-03 	 8 1 7 7
      5.93850059380863441044e-03 	 8 1 8 1
      4.28600099119379597361e-04 	 8 1 8 2
     -2.28790583327547923306e-04 	 8 1 8 3
     -1.72238285663549957252e-04 	 8 1 8 4
      1.16929728115553127968e-03 	 8 1 8 5
      2.70410297926421041431e-03 	 8 1 8 6
      1.26098884308541674256e-04 	 8 1 8 7
     -8.19265648987994692110e-03 	 8 1 8 8
     -3.27297078894600492610e-03 	 8 1 9 1
     -5.83477121838979766351e-04 	 8 1 9 2
     -1.04239791892029044751e-04 	 8 1 9 3
     -8.38104454540217582489e-05 	 8 1 9 4
     -3.21439976618227013505e-03 	 8 1 9 5
     -1.26828323472830974648e-03 	 8 1 9 6
     -5.73896873060284612444e-04 	 8 1 9 7
     -3.36839557312009667614e-03 	 8 1 9 8
     -5.11333283464440648686e-03 	 8 1 9 9
      1.33675287971510270944e-03 	 8 2 1 1
      1.51979270032409359125e-04 	 8 2 2 1
     -2.19645891045468178923e-03 	 8 2 2 2
      1.33572816615945642177e-04 	 8 2 3 1
     -4.32657377040479609030e-05 	 8 2 3 2
      3.62947901353852893022e-03 	 8 2 3 3
     -6.22090243451152929239e-05 	 8 2 4 1
     -1.10319195621421404022e-04 	 8 2 4 2
     -6.90613748238905499527e-06 	 8 2 4 3
     -1.19564884866421388375e-03 	 8 2 4 4
      6.47255061618620588376e-04 	 8 2 5 1
      1.19251204245421086529e-04 	 8 2 5 2
      7.53246333312902971663e-05 	 8 2 5 3
     -4.07568448222099584551e-05 	 8 2 5 4
      6.45455112291084707674e-04 	 8 2 5 5
      1.86476169694684446466e-04 	 8 2 6 1
      1.94540086147939819553e-04 	 8 2 6 2
     -5.80634917679867342184e-05 	 8 2 6 3
     -6.22275437180517415094e-05 	 8 2 6 4
     -4.76643457046032798549e-05 	 8 2 6 5
      1.78462629155612265489e-04 	 8 2 6 6
      1.08278755411402873542e-04 	 8 2 7 1
      1.22223404598571441662e-04 	 8 2 7 2
     -1.16516741139047635175e-05 	 8 2 7 3
     -3.57650128405983592540e-04 	 8 2 7 4
      2.29158952015553714961e-04 	 8 2 7 5
      1.06213983070747197040e-04 	 8 2 7 6
     -2.51423139559205912827e-03 	 8 2 7 7
      4.28600099119380464723e-04 	 8 2 8 1
      2.62003388440329237300e-04 	 8 2 8 2
     -6.89594241350067262445e-05 	 8 2 8 3
     -5.43723438968639823945e-05 	 8 2 8 4
      1.90269969898142747187e-04 	 8 2 8 5
      4.93713027532353900158e-04 	 8 2 8 6
      3.94437416864650672896e-05 	 8 2 8 7
      1.27937898224094858540e-03 	 8 2 8 8
     -4.52038683581973833436e-04 	 8 2 9 1
      1.23893091399521578693e-04 	 8 2 9 2
      2.29660481075853583415e-06 	 8 2 9 3
     -1.22308612348108453451e-04 	 8 2 9 4
     -4.96693680316527487635e-04 	 8 2 9 5
     -4.62260515439754174349e-04 	 8 2 9 6
      1.54438279294750617282e-04 	 8 2 9 7
     -5.73546521768101896441e-04 	 8 2 9 8
     -1.22170037318453301479e-03 	 8 2 9 9
     -1.93036480185616952238e-03 	 8 3 1 1
     -3.08612409722385839812e-05 	 8 3 2 1
      1.11424538270176934482e-04 	 8 3 2 2
      1.82605493385574958916e-03 	 8 3 3 1
      3.05809755103052661844e-04 	 8 3 3 2
     -3.64904034910371218026e-03 	 8 3 3 3
      7.96402610114295399139e-07 	 8 3 4 1
      4.62957879524510248700e-06 	 8 3 4 2
     -3.25187999335682079074e-04 	 8 3 4 3
      8.81248045477650782456e-05 	 8 3 4 4
     -7.02340343499597121249e-04 	 8 3 5 1
     -6.29524961758891695883e-05 	 8 3 5 2
      1.23621864642874720180e-03 	 8 3 5 3
      9.19877699155417875030e-05 	 8 3 5 4
      1.06600214530658721386e-03 	 8 3 5 5
     -5.84483527799955441401e-05 	 8 3 6 1
     -1.20158703318830472500e-04 	 8 3 6 2
      1.28994691203252907427e-03 	 8 3 6 3
      7.10309219164002144319e-06 	 8 3 6 4
      6.71354431475468021919e-05 	 8 3 6 5
     -2.83688038516149022405e-04 	 8 3 6 6
     -7.73831072454197872149e-06 	 8 3 7 1
     -4.55710874628497894512e-05 	 8 3 7 2
      1.44881217332582998541e-04 	 8 3 7 3
      3.70372647549016006203e-05 	 8 3 7 4
     -1.15307323983701993757e-04 	 8 3 7 5
     -1.78977371455421710228e-04 	 8 3 7 6
      1.31328254739068950524e-04 	 8 3 7 7
     -2.28790583327541445198e-04 	 8 3 8 1
     -6.89594241350067126920e-05 	 8 3 8 2
      3.10440071551217099469e-03 	 8 3 8 3
     -8.55879501239565948674e-05 	 8 3 8 4
      6.77387504728692432451e-04 	 8 3 8 5
     -8.44553990184905914451e-04 	 8 3 8 6
     -8.11493931393919093681e-05 	 8 3 8 7
      1.16317998540536545783e-03 	 8 3 8 8
      1.63496544566805801025e-04 	 8 3 9 1
      8.58418014899954188264e-05 	 8 3 9 2
     -1.52576189036447316602e-03 	 8 3 9 3
      2.34092058805859285805e-07 	 8 3 9 4
      3.65995440145845153668e-04 	 8 3 9 5
      4.11582575394644763038e-04 	 8 3 9 6
      7.96514049394484011015e-05 	 8 3 9 7
      3.64063801267493030150e-04 	 8 3 9 8
     -3.72128076896299222684e-04 	 8 3 9 9
     -3.65420180900204844519e-04 	 8 4 1 1
      4.26517919236341541732e-05 	 8 4 2 1
     -6.82663945113847099588e-03 	 8 4 2 2
      3.19210524058832369036e-05 	 8 4 3 1
     -2.02713522703552908037e-05 	 8 4 3 2
     -1.28918433527413448664e-03 	 8 4 3 3
     -2.81063127426661144188e-04 	 8 4 4 1
     -3.89850231116896592536e-05 	 8 4 4 2
      5.11607091845627846654e-05 	 8 4 4 3
     -9.14207105906534450712e-03 	 8 4 4 4
     -2.61387068238457334363e-04 	 8 4 5 1
      1.35847911554407805050e-04 	 8 4 5 2
      6.85139292076400718010e-05 	 8 4 5 3
     -3.49946140874900842466e-04 	 8 4 5 4
      4.02191787436335847911e-04 	 8 4 5 5
      7.76379721140244661659e-05 	 8 4 6 1
      4.56885050533092535742e-05 	 8 4 6 2
     -5.35125620097441206122e-05 	 8 4 6 3
     -4.47706783490722535286e-05 	 8 4 6 4
      1.47733269702504622575e-04 	 8 4 6 5
     -3.01058947601189291852e-04 	 8 4 6 6
      4.96528797731104684643e-04 	 8 4 7 1
      3.71244105129932196749e-05 	 8 4 7 2
     -6.60383953049875085071e-05 	 8 4 7 3
      4.72844935237645507507e-04 	 8 4 7 4
      3.14211513533907947377e-04 	 8 4 7 5
      2.16067861995953501260e-04 	 8 4 7 6
     -5.71011210552716235583e-03 	 8 4 7 7
     -1.72238285663553236963e-04 	 8 4 8 1
     -5.43723438968671536858e-05 	 8 4 8 2
     -8.55879501239502251796e-05 	 8 4 8 3
      7.09967764746471160370e-04 	 8 4 8 4
     -2.03398520028794826302e-04 	 8 4 8 5
     -1.20729230592047086798e-04 	 8 4 8 6
     -5.25710326770195625519e-04 	 8 4 8 7
      9.33227243616963748028e-04 	 8 4 8 8
      3.14351326876379519662e-04 	 8 4 9 1
     -7.21662865399905331448e-05 	 8 4 9 2
     -4.50902183573769290998e-05 	 8 4 9 3
      3.15178343440390203533e-06 	 8 4 9 4
      2.63243231822259983466e-04 	 8 4 9 5
      8.86677906593725379241e-05 	 8 4 9 6
     -4.90038109226529445747e-04 	 8 4 9 7
     -3.04300674187102273942e-04 	 8 4 9 8
     -1.48053619007175972511e-03 	 8 4 9 9
      8.43402409341721323588e-03 	 8 5 1 1
      4.06049759783281877419e-04 	 8 5 2 1
     -2.93865341420922674667e-05 	 8 5 2 2
     -2.21124154110821169797e-04 	 8 5 3 1
      2.86131188357001493209e-05 	 8 5 3 2
      1.49499158700070050587e-02 	 8 5 3 3
     -3.58605556590843021765e-05 	 8 5 4 1
      6.29333165146452516497e-05 	 8 5 4 2
      1.32808220402516088921e-05 	 8 5 4 3
     -4.82393119211636236740e-04 	 8 5 4 4
      1.98926518783294065118e-03 	 8 5 5 1
      4.88927351932872821146e-04 	 8 5 5 2
     -2.47793168997031704875e-04 	 8 5 5 3
     -4.62810171663945261198e-05 	 8 5 5 4
      4.33857339840501218808e-03 	 8 5 5 5
      2.00970529019875589856e-04 	 8 5 6 1
      2.37736903873091989185e-04 	 8 5 6 2
      4.72675541887698433263e-04 	 8 5 6 3
      2.70996235481204616276e-05 	 8 5 6 4
     -1.07513080860984302535e-03 	 8 5 6 5
     -1.13323956746284675544e-03 	 8 5 6 6
      2.09392750692703424236e-04 	 8 5 7 1
      1.80582917135241137864e-04 	 8 5 7 2
      4.85248222737591039348e-05 	 8 5 7 3
      1.61705926540374884644e-04 	 8 5 7 4
      4.06900160544728956707e-04 	 8 5 7 5
      3.73218906361664950599e-04 	 8 5 7 6
      5.79866822262006158598e-04 	 8 5 7 7
      1.16929728115555036164e-03 	 8 5 8 1
      1.90269969898136838285e-04 	 8 5 8 2
      6.77387504728726476400e-04 	 8 5 8 3
     -2.03398520028830144188e-04 	 8 5 8 4
      6.13314307403892838844e-03 	 8 5 8 5
      6.05844952820813265407e-04 	 8 5 8 6
      3.03671086087560091539e-06 	 8 5 8 7
      7.71627352517620639788e-03 	 8 5 8 8
     -1.60141853862059112268e-03 	 8 5 9 1
     -3.92233504454731049440e-04 	 8 5 9 2
      1.55000277805685682123e-04 	 8 5 9 3
      1.25707928336340032027e-04 	 8 5 9 4
     -2.03893365966372657264e-03 	 8 5 9 5
     -1.27030658209546028388e-03 	 8 5 9 6
     -5.30244320575452171042e-04 	 8 5 9 7
     -8.10623950426351993874e-04 	 8 5 9 8
      3.63089790656893202092e-03 	 8 5 9 9
      1.13425491374020085550e-02 	 8 6 1 1
      3.15910222343170597487e-04 	 8 6 2 1
     -1.72532373184864414734e-03 	 8 6 2 2
      4.94220475157566512914e-05 	 8 6 3 1
     -1.00677304366614538437e-04 	 8 6 3 2
      1.38699420700144019497e-02 	 8 6 3 3
     -5.40765339335591381769e-05 	 8 6 4 1
     -1.11171808626522834263e-05 	 8 6 4 2
      7.67810520203242823220e-05 	 8 6 4 3
     -2.06028377933627302593e-03 	 8 6 4 4
      3.29152257026685919269e-03 	 8 6 5 1
      6.85098610053629119600e-04 	 8 6 5 2
     -3.40216052553506316004e-04 	 8 6 5 3
     -3.43458238983628612491e-04 	 8 6 5 4
     -1.10538377679358368333e-02 	 8 6 5 5
      1.50885760801330458432e-03 	 8 6 6 1
      6.83013387862457430587e-04 	 8 6 6 2
      1.82354755060034186493e-04 	 8 6 6 3
     -2.26630179379022151298e-04 	 8 6 6 4
     -1.76619708006871636331e-03 	 8 6 6 5
     -1.33744087111145239927e-02 	 8 6 6 6
      5.45521243056847960663e-04 	 8 6 7 1
      1.84850419725857254049e-04 	 8 6 7 2
     -8.40776008293598448549e-05 	 8 6 7 3
     -2.95326542245000892343e-05 	 8 6 7 4
      1.00237692570513182468e-03 	 8 6 7 5
      1.04866898273743179223e-03 	 8 6 7 6
      5.55350871156016167272e-04 	 8 6 7 7
      2.70410297926420564382e-03 	 8 6 8 1
      4.93713027532357694865e-04 	 8 6 8 2
     -8.44553990184933561607e-04 	 8 6 8 3
     -1.20729230592041855523e-04 	 8 6 8 4
      6.05844952820785076150e-04 	 8 6 8 5
      6.63799689230427925057e-03 	 8 6 8 6
      1.64202315067545875958e-04 	 8 6 8 7
     -8.40759002175712859273e-03 	 8 6 8 8
     -1.25676799996120433164e-03 	 8 6 9 1
     -6.54802638292755574342e-04 	 8 6 9 2
      3.23806622140436007121e-04 	 8 6 9 3
     -1.70913773286284148903e-04 	 8 6 9 4
     -2.95839357437781584267e-03 	 8 6 9 5
     -2.90518094747058662486e-03 	 8 6 9 6
     -4.04695394717101994495e-04 	 8 6 9 7
     -3.86440947606212859347e-03 	 8 6 9 8
     -1.25138036635005772809e-04 	 8 6 9 9
      4.47513688613285502867e-04 	 8 7 1 1
     -3.96100251762163111150e-05 	 8 7 2 1
      6.27526576179585852261e-03 	 8 7 2 2
      4.52175112818793600226e-05 	 8 7 3 1
      6.61533618157243149616e-05 	 8 7 3 2
     -5.34493227188420969151e-05 	 8 7 3 3
      4.03541381856518455769e-04 	 8 7 4 1
     -5.55385473838753576203e-05 	 8 7 4 2
     -2.86158153353839887680e-05 	 8 7 4 3
      6.40799171083785562564e-03 	 8 7 4 4
      1.00854572022616780923e-04 	 8 7 5 1
     -1.37744473786613512911e-04 	 8 7 5 2
      2.49607891593929962968e-05 	 8 7 5 3
      2.76092635021254735692e-04 	 8 7 5 4
     -1.60963839946102305707e-04 	 8 7 5 5
      2.99321477150265549856e-05 	 8 7 6 1
     -3.25815960671052050140e-05 	 8 7 6 2
     -4.28401380826799504974e-05 	 8 7 6 3
      1.87442945847221304097e-04 	 8 7 6 4
      2.30365798463339026801e-05 	 8 7 6 5
      1.13764058492854341041e-03 	 8 7 6 6
     -3.59428355133689506670e-04 	 8 7 7 1
     -2.37517406639014123882e-04 	 8 7 7 2
      5.41908729132500324114e-05 	 8 7 7 3
     -5.59194425486539935244e-04 	 8 7 7 4
     -4.04403551974091553071e-04 	 8 7 7 5
     -1.49124957674107296935e-04 	 8 7 7 6
      9.10921463331511131745e-03 	 8 7 7 7
      1.26098884308547827104e-04 	 8 7 8 1
      3.94437416864677574662e-05 	 8 7 8 2
     -8.11493931393949857918e-05 	 8 7 8 3
     -5.25710326770195517099e-04 	 8 7 8 4
      3.03671086084117664938e-06 	 8 7 8 5
      1.64202315067556826400e-04 	 8 7 8 6
      6.36280200294235542824e-04 	 8 7 8 7
     -4.82745131014415706540e-04 	 8 7 8 8
     -2.16944280597423987209e-04 	 8 7 9 1
      3.36230210839095542785e-05 	 8 7 9 2
      5.55081435119047706035e-05 	 8 7 9 3
     -3.90775841994302349739e-04 	 8 7 9 4
     -8.32895243228134194227e-05 	 8 7 9 5
     -1.30806485932557641253e-04 	 8 7 9 6
      1.99009967989989100100e-04 	 8 7 9 7
      3.44524147719775508929e-04 	 8 7 9 8
      2.18704050925088051838e-03 	 8 7 9 9
      2.09090842317884523238e-01 	 8 8 1 1
      1.15435620917616124648e-03 	 8 8 2 1
      1.19685867748288654600e-01 	 8 8 2 2
      4.54017992250636912704e-03 	 8 8 3 1
     -9.44542657000205037286e-04 	 8 8 3 2
      2.11715862364016127461e-01 	 8 8 3 3
     -6.52222687993880335423e-04 	 8 8 4 1
     -4.58116527585772381499e-04 	 8 8 4 2
     -9.13017827555141509716e-04 	 8 8 4 3
      1.16696546582581814344e-01 	 8 8 4 4
     -4.67082799001368280389e-03 	 8 8 5 1
      8.59701964685377520263e-04 	 8 8 5 2
      6.52246792911732788806e-03 	 8 8 5 3
     -2.58857673745218697450e-03 	 8 8 5 4
      2.60448658844110059185e-01 	 8 8 5 5
      4.30222991199887948993e-03 	 8 8 6 1
      2.49092423757512216459e-03 	 8 8 6 2
     -1.16375999724864010766e-03 	 8 8 6 3
     -1.64256432677777389727e-03 	 8 8 6 4
      4.89602310762854778248e-03 	 8 8 6 5
      2.08409524455027667100e-01 	 8 8 6 6
      2.48824813225161090013e-03 	 8 8 7 1
      1.51780638260258287850e-03 	 8 8 7 2
     -1.78184731424635742865e-04 	 8 8 7 3
     -7.40022369163220554433e-03 	 8 8 7 4
      1.98432967679048125054e-03 	 8 8 7 5
      2.01117251693290737674e-03 	 8 8 7 6
      1.18967322171793524199e-01 	 8 8 7 7
     -8.19265648987996600305e-03 	 8 8 8 1
      1.27937898224095335589e-03 	 8 8 8 2
      1.16317998540533596753e-03 	 8 8 8 3
      9.33227243616995298311e-04 	 8 8 8 4
      7.71627352517601471094e-03 	 8 8 8 5
     -8.40759002175705920379e-03 	 8 8 8 6
     -4.82745131014442161073e-04 	 8 8 8 7
      4.25302284766979343811e-01 	 8 8 8 8
     -6.99568045819271098346e-03 	 8 8 9 1
     -2.40848864028139156984e-03 	 8 8 9 2
     -7.41564697703424552215e-04 	 8 8 9 3
     -1.10645985781441733020e-03 	 8 8 9 4
      2.64184323864459155717e-03 	 8 8 9 5
     -1.22851683289892550655e-02 	 8 8 9 6
      1.52582497155161614510e-06 	 8 8 9 7
      9.93391726615282244506e-03 	 8 8 9 8
      1.82770950404380350118e-01 	 8 8 9 9
      2.69515371558296619112e-03 	 9 1 1 1
     -8.14814730281381016663e-04 	 9 1 2 1
      6.42416519895450469080e-03 	 9 1 2 2
     -2.33033710820959740319e-04 	 9 1 3 1
     -1.70068461229766780454e-04 	 9 1 3 2
     -2.22516646442721226229e-02 	 9 1 3 3
      4.93614867123754927879e-04 	 9 1 4 1
     -2.22053564650413688989e-04 	 9 1 4 2
      1.91033730799535509315e-04 	 9 1 4 3
      4.75432227399189000216e-03 	 9 1 4 4
     -4.95388121383016737098e-03 	 9 1 5 1
     -6.51561227143297163819e-04 	 9 1 5 2
     -6.37644947948154687707e-04 	 9 1 5 3
      1.16453482751237996379e-04 	 9 1 5 4
     -6.35079683421651327441e-03 	 9 1 5 5
     -6.39255628097109185499e-04 	 9 1 6 1
     -4.29841307295200170460e-04 	 9 1 6 2
      4.00027346402707256225e-04 	 9 1 6 3
      1.56627300704602036774e-04 	 9 1 6 4
     -2.82632580971603302330e-07 	 9 1 6 5
      4.89291910628132133143e-03 	 9 1 6 6
     -6.98663002487269588388e-04 	 9 1 7 1
     -2.85297934482210691076e-04 	 9 1 7 2
     -1.21564322674851360388e-04 	 9 1 7 3
     -7.90213070943188177798e-04 	 9 1 7 4
     -8.66555564682069197520e-04 	 9 1 7 5
     -7.01461861166116618614e-04 	 9 1 7 6
      3.73763648428732022516e-03 	 9 1 7 7
     -3.27297078894602444174e-03 	 9 1 8 1
     -4.52038683581982019162e-04 	 9 1 8 2
      1.63496544566818242245e-04 	 9 1 8 3
      3.14351326876373990231e-04 	 9 1 8 4
     -1.60141853862057247440e-03 	 9 1 8 5
     -1.25676799996117180558e-03 	 9 1 8 6
     -2.16944280597424231155e-04 	 9 1 8 7
     -6.99568045819275521890e-03 	 9 1 8 8
      8.45029731922783931830e-03 	 9 1 9 1
      6.80787730540642166237e-04 	 9 1 9 2
      1.19984098605560086416e-04 	 9 1 9 3
      1.12051138709196550225e-03 	 9 1 9 4
      3.37082889261153305707e-03 	 9 1 9 5
      6.66978176190426218055e-04 	 9 1 9 6
     -2.45729421140754463165e-04 	 9 1 9 7
      2.04451510405650582064e-03 	 9 1 9 8
      1.10341718685286957480e-02 	 9 1 9 9
     -1.79314527876151094850e-03 	 9 2 1 1
      3.21381813311596975773e-04 	 9 2 2 1
      6.34745020937586054005e-03 	 9 2 2 2
     -1.98481504705751691684e-04 	 9 2 3 1
     -1.92324756877956736206e-05 	 9 2 3 2
     -6.31175514695854044528e-03 	 9 2 3 3
      2.83148397562642041320e-05 	 9 2 4 1
      2.51579342666553070623e-03 	 9 2 4 2
     -3.02612404449455130379e-05 	 9 2 4 3
      6.79233996643695357026e-03 	 9 2 4 4
     -1.08873320139783930950e-03 	 9 2 5 1
     -9.43315139239680675032e-05 	 9 2 5 2
     -5.43696653665713292990e-05 	 9 2 5 3
      1.63140349439201221221e-04 	 9 2 5 4
     -1.10698584438772098561e-03 	 9 2 5 5
     -2.49870417376779044207e-04 	 9 2 6 1
      2.47485580963258491351e-04 	 9 2 6 2
      3.96880899142431010007e-05 	 9 2 6 3
     -5.00661112607563908196e-05 	 9 2 6 4
      6.66114393869159332560e-05 	 9 2 6 5
      8.82603820721895100838e-04 	 9 2 6 6
     -3.39293214369645412896e-04 	 9 2 7 1
     -1.52001551295337963658e-03 	 9 2 7 2
     -3.48580184684630368084e-05 	 9 2 7 3
      2.86130366966104042383e-04 	 9 2 7 4
     -3.05905214915428802589e-04 	 9 2 7 5
     -3.39765103686924833590e-04 	 9 2 7 6
      2.45073599391801245570e-03 	 9 2 7 7
     -5.83477121838981501074e-04 	 9 2 8 1
      1.23893091399523232101e-04 	 9 2 8 2
      8.58418014899957711921e-05 	 9 2 8 3
     -7.21662865399892998648e-05 	 9 2 8 4
     -3.92233504454729097876e-04 	 9 2 8 5
     -6.54802638292757959587e-04 	 9 2 8 6
      3.36230210839089850724e-05 	 9 2 8 7
     -2.40848864028139417193e-03 	 9 2 8 8
      6.80787730540653441939e-04 	 9 2 9 1
      4.24496494933386016302e-03 	 9 2 9 2
      1.73414359762236891136e-04 	 9 2 9 3
      5.51917419356075657048e-04 	 9 2 9 4
      1.21920103362444420987e-03 	 9 2 9 5
      2.64981114064262121034e-04 	 9 2 9 6
      3.68700033897569826990e-04 	 9 2 9 7
      4.74555642446558556807e-04 	 9 2 9 8
      2.83510294230952201305e-03 	 9 2 9 9
      3.55823788906049504749e-03 	 9 3 1 1
      4.79073351771067867033e-05 	 9 3 2 1
      8.69658882502107564993e-04 	 9 3 2 2
     -2.33578415970410110947e-03 	 9 3 3 1
     -5.16550847562156261253e-04 	 9 3 3 2
      1.34172140439501870295e-03 	 9 3 3 3
      1.59748507023780629034e-04 	 9 3 4 1
      4.81583344990013959919e-05 	 9 3 4 2
      4.30819481570030146569e-05 	 9 3 4 3
      5.28370876189289970584e-04 	 9 3 4 4
     -2.39650352902438985598e-04 	 9 3 5 1
      4.12978490147973304348e-05 	 9 3 5 2
     -2.76553626653407592234e-03 	 9 3 5 3
     -1.98857295651063174861e-06 	 9 3 5 4
     -2.60768162301574179217e-04 	 9 3 5 5
     -1.55357379373544931623e-04 	 9 3 6 1
      5.38659862697714054416e-05 	 9 3 6 2
     -5.75763497960549716984e-04 	 9 3 6 3
      7.76917201446655379324e-05 	 9 3 6 4
     -1.86557950790980218341e-05 	 9 3 6 5
      6.32741612391203643410e-04 	 9 3 6 6
     -1.35970452957298013107e-04 	 9 3 7 1
     -9.03688479760818622315e-05 	 9 3 7 2
     -6.05640416930368981514e-04 	 9 3 7 3
     -1.17484210459929745598e-04 	 9 3 7 4
     -1.47956638402580746078e-05 	 9 3 7 5
      3.74529761301924933004e-06 	 9 3 7 6
      7.70158646016402652357e-04 	 9 3 7 7
     -1.04239791892035427992e-04 	 9 3 8 1
      2.29660481075924098908e-06 	 9 3 8 2
     -1.52576189036447208182e-03 	 9 3 8 3
     -4.50902183573729514331e-05 	 9 3 8 4
      1.55000277805686251329e-04 	 9 3 8 5
      3.23806622140433405035e-04 	 9 3 8 6
      5.55081435119004270185e-05 	 9 3 8 7
     -7.41564697703428346923e-04 	 9 3 8 8
      1.19984098605569668053e-04 	 9 3 9 1
      1.73414359762240008218e-04 	 9 3 9 2
      2.20167090115265572450e-03 	 9 3 9 3
      1.06417049109356752924e-04 	 9 3 9 4
     -1.46288424587415189887e-06 	 9 3 9 5
      4.07209951069197338734e-05 	 9 3 9 6
     -8.63448646467496644689e-05 	 9 3 9 7
     -9.17526971357151069353e-06 	 9 3 9 8
      3.01909437843380160094e-03 	 9 3 9 9
      1.46217097739883487677e-03 	 9 4 1 1
     -3.30719334082025270913e-04 	 9 4 2 1
      1.77181819090130240890e-02 	 9 4 2 2
     -4.35092751707438633087e-05 	 9 4 3 1
     -2.35031710467290298272e-04 	 9 4 3 2
     -1.74368756636450439844e-03 	 9 4 3 3
     -6.69417866039977637813e-04 	 9 4 4 1
      4.02239939378364844570e-04 	 9 4 4 2
     -1.75274014467416281359e-04 	 9 4 4 3
      2.49316337897780293531e-02 	 9 4 4 4
     -5.26515260917128150031e-04 	 9 4 5 1
     -2.38259313748230300983e-04 	 9 4 5 2
     -1.45115298684382008763e-05 	 9 4 5 3
      6.70870837593823244292e-04 	 9 4 5 4
      8.99568179769496710160e-04 	 9 4 5 5
     -4.36810951893478361004e-04 	 9 4 6 1
     -3.29504863073752868666e-04 	 9 4 6 2
      5.70447401692226297538e-05 	 9 4 6 3
     -1.38114334382910021459e-03 	 9 4 6 4
     -4.42393309482109892681e-05 	 9 4 6 5
      5.50493198880433812215e-03 	 9 4 6 6
     -4.48340248177573144368e-04 	 9 4 7 1
     -1.05941216268889943459e-04 	 9 4 7 2
     -2.20228559879009561161e-05 	 9 4 7 3
      6.14215630071620645458e-03 	 9 4 7 4
      2.63940697625609241653e-04 	 9 4 7 5
     -3.21766228926121462990e-04 	 9 4 7 6
     -1.02858231012120451831e-02 	 9 4 7 7
     -8.38104454540227611359e-05 	 9 4 8 1
     -1.22308612348110106859e-04 	 9 4 8 2
      2.34092058800682220432e-07 	 9 4 8 3
      3.15178343441450561728e-06 	 9 4 8 4
      1.25707928336345425933e-04 	 9 4 8 5
     -1.70913773286310901591e-04 	 9 4 8 6
     -3.90775841994308963372e-04 	 9 4 8 7
     -1.10645985781441364391e-03 	 9 4 8 8
      1.12051138709197222430e-03 	 9 4 9 1
      5.51917419356073705485e-04 	 9 4 9 2
      1.06417049109355140173e-04 	 9 4 9 3
      7.21271592449342774378e-03 	 9 4 9 4
      9.82408719779199503253e-04 	 9 4 9 5
      9.58629173721873054613e-04 	 9 4 9 6
     -1.46913287984370326614e-03 	 9 4 9 7
      1.27709279860215149313e-03 	 9 4 9 8
      1.15580783166331167028e-02 	 9 4 9 9
     -3.54537959137477725127e-03 	 9 5 1 1
     -7.53018940851614437294e-04 	 9 5 2 1
      8.19077624413545694881e-03 	 9 5 2 2
     -2.50435057926833330114e-04 	 9 5 3 1
     -9.37007845209086458237e-05 	 9 5 3 2
     -2.83029388466788135725e-02 	 9 5 3 3
      5.73502168234667881151e-04 	 9 5 4 1
     -9.23253499509810973862e-05 	 9 5 4 2
      4.94966465237535620508e-05 	 9 5 4 3
      7.03703865702160272222e-03 	 9 5 4 4
     -8.05747088051769581873e-03 	 9 5 5 1
     -1.25867439555913881999e-03 	 9 5 5 2
      1.44441107126281893368e-04 	 9 5 5 3
      2.89993157782407961435e-04 	 9 5 5 4
      1.58792816896755062395e-02 	 9 5 5 5
     -1.02264385623597486331e-03 	 9 5 6 1
     -5.40087965322774699040e-04 	 9 5 6 2
     -6.55831582698789721571e-05 	 9 5 6 3
      1.17520408898586647831e-04 	 9 5 6 4
      2.48840766618931659090e-03 	 9 5 6 5
      1.53975448886146792232e-02 	 9 5 6 6
     -9.18499809985312684266e-04 	 9 5 7 1
     -4.49821306793756349029e-04 	 9 5 7 2
     -6.99607958008916294831e-05 	 9 5 7 3
     -4.47417016526970251575e-04 	 9 5 7 4
     -1.66295104529441055245e-03 	 9 5 7 5
     -1.17511850876040224896e-03 	 9 5 7 6
      4.78701599366903197269e-03 	 9 5 7 7
     -3.21439976618228010971e-03 	 9 5 8 1
     -4.96693680316525969752e-04 	 9 5 8 2
      3.65995440145847755753e-04 	 9 5 8 3
      2.63243231822252502471e-04 	 9 5 8 4
     -2.03893365966369708234e-03 	 9 5 8 5
     -2.95839357437782191421e-03 	 9 5 8 6
     -8.32895243228078899916e-05 	 9 5 8 7
      2.64184323864452433664e-03 	 9 5 8 8
      3.37082889261151701088e-03 	 9 5 9 1
      1.21920103362444898036e-03 	 9 5 9 2
     -1.46288424587638277189e-06 	 9 5 9 3
      9.82408719779197551689e-04 	 9 5 9 4
      6.86104256345557508845e-03 	 9 5 9 5
      1.80779707803095700605e-03 	 9 5 9 6
      2.99557815908526334312e-04 	 9 5 9 7
      3.35021717918548020756e-03 	 9 5 9 8
      1.24379235928357128466e-02 	 9 5 9 9
     -5.57336824867350061341e-03 	 9 6 1 1
     -3.59517601392503295069e-04 	 9 6 2 1
      2.51483631284485581805e-03 	 9 6 2 2
     -5.13575903420416331364e-04 	 9 6 3 1
      1.32866740934584450298e-04 	 9 6 3 2
     -1.11763339865315058930e-02 	 9 6 3 3
      3.51495598841100522370e-04 	 9 6 4 1
     -1.34982858513781837223e-04 	 9 6 4 2
      4.09115724068389232802e-05 	 9 6 4 3
      6.21913580842953141875e-04 	 9 6 4 4
     -2.47039306160326110201e-03 	 9 6 5 1
     -3.58217130194728563056e-04 	 9 6 5 2
     -2.38385664683027099229e-04 	 9 6 5 3
      3.56106895629932490837e-04 	 9 6 5 4
      1.09563424433603432209e-03 	 9 6 5 5
     -8.67905392601945073136e-04 	 9 6 6 1
     -7.15813239957054374581e-04 	 9 6 6 2
     -1.63822602097942593815e-04 	 9 6 6 3
      6.57487321891587496968e-04 	 9 6 6 4
      1.25968948041091507659e-03 	 9 6 6 5
      2.77446461144782892394e-03 	 9 6 6 6
     -7.11644751209927479800e-04 	 9 6 7 1
     -4.35804573769474793235e-05 	 9 6 7 2
      5.40335189485961680318e-05 	 9 6 7 3
     -2.04068513893076216702e-04 	 9 6 7 4
     -8.26137488842974571784e-04 	 9 6 7 5
     -9.40546919304251975540e-04 	 9 6 7 6
      1.05612898377174324951e-03 	 9 6 7 7
     -1.26828323472831343277e-03 	 9 6 8 1
     -4.62260515439761655344e-04 	 9 6 8 2
      4.11582575394644817248e-04 	 9 6 8 3
      8.86677906593739202819e-05 	 9 6 8 4
     -1.27030658209541279582e-03 	 9 6 8 5
     -2.90518094747061177835e-03 	 9 6 8 6
     -1.30806485932558589930e-04 	 9 6 8 7
     -1.22851683289892238404e-02 	 9 6 8 8
      6.66978176190418303379e-04 	 9 6 9 1
      2.64981114064251387433e-04 	 9 6 9 2
      4.07209951069213737292e-05 	 9 6 9 3
      9.58629173721871319890e-04 	 9 6 9 4
      1.80779707803096828175e-03 	 9 6 9 5
      6.95916825670056873876e-03 	 9 6 9 6
     -6.57862589332945343380e-04 	 9 6 9 7
      2.41070338150383128156e-03 	 9 6 9 8
      6.01386712508456076215e-03 	 9 6 9 9
     -3.39813247197320519866e-03 	 9 7 1 1
     -1.90916060688179592582e-04 	 9 7 2 1
     -7.55654861563464369523e-04 	 9 7 2 2
     -3.84029836175469460537e-05 	 9 7 3 1
     -3.86170287625682681545e-04 	 9 7 3 2
     -5.91916254665674195640e-03 	 9 7 3 3
      5.77361339965092119279e-05 	 9 7 4 1
      4.48821354275109226360e-05 	 9 7 4 2
     -6.07711307311714849302e-05 	 9 7 4 3
      1.37376833110383518577e-02 	 9 7 4 4
     -6.65100210118436604989e-04 	 9 7 5 1
     -2.21597870711149908668e-04 	 9 7 5 2
      4.14993773586918714515e-05 	 9 7 5 3
      5.13201147593446058669e-04 	 9 7 5 4
     -1.34418051222357144182e-03 	 9 7 5 5
      1.23113364007357430725e-04 	 9 7 6 1
      6.09807011000221429152e-05 	 9 7 6 2
     -2.20467210711907213945e-05 	 9 7 6 3
     -3.10900760272188434082e-04 	 9 7 6 4
      1.32076922696676046825e-05 	 9 7 6 5
     -1.89693103363832923924e-03 	 9 7 6 6
     -9.84187517233269968872e-04 	 9 7 7 1
      3.62351766351217186349e-05 	 9 7 7 2
     -1.60555192477081877045e-04 	 9 7 7 3
     -5.80793096758767685844e-03 	 9 7 7 4
      3.83968406110314804114e-04 	 9 7 7 5
     -9.83530206164133545890e-04 	 9 7 7 6
     -1.68872727717779905210e-02 	 9 7 7 7
     -5.73896873060288623992e-04 	 9 7 8 1
      1.54438279294751864114e-04 	 9 7 8 2
      7.96514049394530225133e-05 	 9 7 8 3
     -4.90038109226534975178e-04 	 9 7 8 4
     -5.30244320575444256366e-04 	 9 7 8 5
     -4.04695394717082316226e-04 	 9 7 8 6
      1.99009967989989994567e-04 	 9 7 8 7
      1.52582497153887041683e-06 	 9 7 8 8
     -2.45729421140784387145e-04 	 9 7 9 1
      3.68700033897573404857e-04 	 9 7 9 2
     -8.63448646467488919749e-05 	 9 7 9 3
     -1.46913287984370001353e-03 	 9 7 9 4
      2.99557815908539453158e-04 	 9 7 9 5
     -6.57862589332966268482e-04 	 9 7 9 6
      6.15058939930449282557e-03 	 9 7 9 7
     -2.33236081273045992761e-04 	 9 7 9 8
     -6.94307554133864919532e-03 	 9 7 9 9
     -2.48834991383521794348e-03 	 9 8 1 1
     -6.57100858218112983747e-04 	 9 8 2 1
      1.19876690487153939740e-02 	 9 8 2 2
     -1.05298178659431196369e-04 	 9 8 3 1
      4.71237374160541730070e-05 	 9 8 3 2
     -1.58082376438322576295e-02 	 9 8 3 3
      9.82102828471230308860e-04 	 9 8 4 1
     -1.56101749581925516603e-04 	 9 8 4 2
     -8.46053024164217595555e-05 	 9 8 4 3
      1.04153702497835030927e-02 	 9 8 4 4
     -3.71536448393638973897e-03 	 9 8 5 1
     -6.80318975914390600829e-04 	 9 8 5 2
      6.03839095028460798135e-04 	 9 8 5 3
      5.72913055775285738440e-04 	 9 8 5 4
      3.44558402273347722661e-03 	 9 8 5 5
     -1.44547943031429304388e-03 	 9 8 6 1
     -6.48386467059425567958e-04 	 9 8 6 2
     -3.47890173526501983101e-04 	 9 8 6 3
      7.67507201508294055296e-04 	 9 8 6 4
      1.35826481530174346694e-04 	 9 8 6 5
      6.52400000969960251751e-03 	 9 8 6 6
     -1.48871503576792881332e-03 	 9 8 7 1
     -2.17882688868048079306e-04 	 9 8 7 2
      1.12332564992037890403e-04 	 9 8 7 3
     -1.41299961185267753359e-03 	 9 8 7 4
     -1.26339073878999085844e-03 	 9 8 7 5
     -1.22218122350183501339e-03 	 9 8 7 6
      8.89831023553559058437e-03 	 9 8 7 7
     -3.36839557312009407405e-03 	 9 8 8 1
     -5.73546521768102980643e-04 	 9 8 8 2
      3.64063801267494927504e-04 	 9 8 8 3
     -3.04300674187092136651e-04 	 9 8 8 4
     -8.10623950426351234932e-04 	 9 8 8 5
     -3.86440947606214247126e-03 	 9 8 8 6
      3.44524147719765480059e-04 	 9 8 8 7
      9.93391726615275479084e-03 	 9 8 8 8
      2.04451510405654181615e-03 	 9 8 9 1
      4.74555642446553786317e-04 	 9 8 9 2
     -9.17526971356754149714e-06 	 9 8 9 3
      1.27709279860215170997e-03 	 9 8 9 4
      3.35021717918546849818e-03 	 9 8 9 5
      2.41070338150386120554e-03 	 9 8 9 6
     -2.33236081273038050980e-04 	 9 8 9 7
      6.50788940907534932401e-03 	 9 8 9 8
      2.31806049706502516339e-02 	 9 8 9 9
      2.62724759615049041628e-01 	 9 9 1 1
     -1.42240325819866213902e-03 	 9 9 2 1
      2.43591155354074884176e-01 	 9 9 2 2
     -2.19422954732067859371e-03 	 9 9 3 1
     -6.98258446675450528476e-04 	 9 9 3 2
      1.64374649151448531947e-01 	 9 9 3 3
      8.42150251762710001791e-03 	 9 9 4 1
     -5.46927365780476007137e-04 	 9 9 4 2
     -3.67314411845611380023e-05 	 9 9 4 3
      2.22817093828869661198e-01 	 9 9 4 4
     -1.01777010849165537587e-02 	 9 9 5 1
      4.97316624596986470337e-04 	 9 9 5 2
     -4.76568560776783863367e-04 	 9 9 5 3
      1.78004896598873735454e-03 	 9 9 5 4
      1.84344455362525527775e-01 	 9 9 5 5
     -6.50222487274053004280e-03 	 9 9 6 1
     -1.08987179855417250923e-03 	 9 9 6 2
      1.15209300606565609101e-03 	 9 9 6 3
      4.63964722670260308612e-03 	 9 9 6 4
      4.57676097208363323599e-03 	 9 9 6 5
      2.56962026646715691047e-01 	 9 9 6 6
     -8.77318232546701534669e-03 	 9 9 7 1
     -3.91618227780921718522e-04 	 9 9 7 2
      5.60062361675627766282e-04 	 9 9 7 3
     -1.54511349819503474717e-02 	 9 9 7 4
     -3.25790315656181985945e-03 	 9 9 7 5
     -5.52091089679879534757e-03 	 9 9 7 6
      2.22572138381641415616e-01 	 9 9 7 7
     -5.11333283464446026328e-03 	 9 9 8 1
     -1.22170037318454949467e-03 	 9 9 8 2
     -3.72128076896297325330e-04 	 9 9 8 3
     -1.48053619007175517146e-03 	 9 9 8 4
      3.63089790656895717441e-03 	 9 9 8 5
     -1.25138036634964871282e-04 	 9 9 8 6
      2.18704050925086533955e-03 	 9 9 8 7
      1.82770950404380128074e-01 	 9 9 8 8
      1.10341718685287130952e-02 	 9 9 9 1
      2.83510294230952201305e-03 	 9 9 9 2
      3.01909437843379422836e-03 	 9 9 9 3
      1.15580783166331271111e-02 	 9 9 9 4
      1.24379235928356642743e-02 	 9 9 9 5
      6.01386712508467872335e-03 	 9 9 9 6
     -6.94307554133859802098e-03 	 9 9 9 7
      2.31806049706502377561e-02 	 9 9 9 8
      4.13312435231448727091e-01 	 9 9 9 9
     -2.22259777980012573906e+00 	 1 1 0 0
      5.43762783540217582018e-03 	 1 2 0 0
     -3.21506275130846660981e-02 	 1 3 0 0
     -2.62310475387496008781e-02 	 1 4 0 0
     -1.34560987802948336250e-02 	 1 5 0 0
      4.06803283851375485636e-02 	 1 6 0 0
      4.40700385811857858753e-02 	 1 7 0 0
      2.13441012872296366487e-02 	 1 8 0 0
      1.53845293363802648745e-01 	 1 9 0 0
      5.43762783539964919544e-03 	 2 1 0 0
     -2.85080681657403900431e+00 	 2 2 0 0
     -5.19496381685185474458e-03 	 2 3 0 0
     -3.41166908160019967389e-03 	 2 4 0 0
      3.79713980407896112279e-03 	 2 5 0 0
      3.02569835325990771357e-03 	 2 6 0 0
      4.98210667749411986738e-03 	 2 7 0 0
      6.14314713499737683616e-03 	 2 8 0 0
     -4.57094605509570338364e-03 	 2 9 0 0
     -3.21506275130804819451e-02 	 3 1 0 0
     -5.19496381685276634177e-03 	 3 2 0 0
     -2.25501492400883574163e+00 	 3 3 0 0
      5.11974852787617975419e-03 	 3 4 0 0
     -9.30886312552525220509e-03 	 3 5 0 0
     -2.74860042897738564641e-03 	 3 6 0 0
     -6.05297666608843772107e-03 	 3 7 0 0
      3.94053991360241301356e-02 	 3 8 0 0
     -1.67605752055254679511e-02 	 3 9 0 0
     -2.62310475387748272269e-02 	 4 1 0 0
     -3.41166908160001275743e-03 	 4 2 0 0
      5.11974852787568362328e-03 	 4 3 0 0
     -2.63107278336575856059e+00 	 4 4 0 0
     -1.94782779766775847319e-02 	 4 5 0 0
     -9.42813350829993512825e-03 	 4 6 0 0
     -1.73420319871905259657e-01 	 4 7 0 0
      2.27419730880702684883e-02 	 4 8 0 0
     -1.16272767119481937326e-01 	 4 9 0 0
     -1.34560987803928507056e-02 	 5 1 0 0
      3.79713980407657978114e-03 	 5 2 0 0
     -9.30886312552907206619e-03 	 5 3 0 0
     -1.94782779766830976831e-02 	 5 4 0 0
     -2.03575269032861561058e+00 	 5 5 0 0
     -1.63961441375166411261e-01 	 5 6 0 0
      2.25741411644275295767e-02 	 5 7 0 0
     -1.79351956038258264492e-01 	 5 8 0 0
      5.08665755858436004384e-04 	 5 9 0 0
      4.06803283851429262064e-02 	 6 1 0 0
      3.02569835325960240224e-03 	 6 2 0 0
     -2.74860042897461008884e-03 	 6 3 0 0
     -9.42813350830066544683e-03 	 6 4 0 0
     -1.63961441375158056832e-01 	 6 5 0 0
     -2.17275267878164823898e+00 	 6 6 0 0
      5.97456573990204180269e-03 	 6 7 0 0
      1.99835293086341042601e-02 	 6 8 0 0
      1.58418121095881325733e-01 	 6 9 0 0
      4.40700385811839123740e-02 	 7 1 0 0
      4.98210667749202952559e-03 	 7 2 0 0
     -6.05297666609030168144e-03 	 7 3 0 0
     -1.73420319871890243890e-01 	 7 4 0 0
      2.25741411644343609177e-02 	 7 5 0 0
      5.97456573990913421962e-03 	 7 6 0 0
     -2.48243586544579475373e+00 	 7 7 0 0
     -2.15998801098608375626e-02 	 7 8 0 0
      9.02131931048129193096e-02 	 7 9 0 0
      2.13441012872213516094e-02 	 8 1 0 0
      6.14314713499471837244e-03 	 8 2 0 0
      3.94053991360221317342e-02 	 8 3 0 0
      2.27419730880649324789e-02 	 8 4 0 0
     -1.79351956038259596760e-01 	 8 5 0 0
      1.99835293086630602644e-02 	 8 6 0 0
     -2.15998801098501065632e-02 	 8 7 0 0
     -2.01794140039641023421e+00 	 8 8 0 0
     -3.88611011035570885763e-02 	 8 9 0 0
      1.53845293363807728015e-01 	 9 1 0 0
     -4.57094605509857348363e-03 	 9 2 0 0
     -1.67605752055223662655e-02 	 9 3 0 0
     -1.16272767119502573596e-01 	 9 4 0 0
      5.08665755870886223192e-04 	 9 5 0 0
      1.58418121095855124469e-01 	 9 6 0 0
      9.02131931048306828780e-02 	 9 7 0 0
     -3.88611011035153372517e-02 	 9 8 0 0
     -2.42111840651071652530e+00 	 9 9 0 0
     -2.99048267782239236112e+03 	 0 0 0 0
