0.000000 0.000000  0.0000  0.0000  0.1000 -434.125735627033
0.000000 15.000000  0.0000  0.0000  0.1000 -434.125735627033
0.000000 30.000000  0.0000  0.0000  0.1000 -434.125735627033
0.000000 45.000000  0.0000  0.0000  0.1000 -434.125735627033
0.000000 60.000000  0.0000  0.0000  0.1000 -434.125735627033
0.000000 75.000000  0.0000  0.0000  0.1000 -434.125735627033
0.000000 90.000000  0.0000  0.0000  0.1000 -434.125735627033
0.000000 105.000000  0.0000  0.0000  0.1000 -434.125735627033
0.000000 120.000000  0.0000  0.0000  0.1000 -434.125735627033
0.000000 135.000000  0.0000  0.0000  0.1000 -434.125735627033
0.000000 150.000000  0.0000  0.0000  0.1000 -434.125735627033
0.000000 165.000000  0.0000  0.0000  0.1000 -434.125735627033
0.000000 180.000000  0.0000  0.0000  0.1000 -434.125735627033
0.000000 195.000000  0.0000  0.0000  0.1000 -434.125735627033
0.000000 210.000000  0.0000  0.0000  0.1000 -434.125735627033
0.000000 225.000000  0.0000  0.0000  0.1000 -434.125735627033
0.000000 240.000000  0.0000  0.0000  0.1000 -434.125735627033
0.000000 255.000000  0.0000  0.0000  0.1000 -434.125735627033
0.000000 270.000000  0.0000  0.0000  0.1000 -434.125735627033
0.000000 285.000000  0.0000  0.0000  0.1000 -434.125735627033
0.000000 300.000000  0.0000  0.0000  0.1000 -434.125735627033
0.000000 315.000000  0.0000  0.0000  0.1000 -434.125735627033
0.000000 330.000000  0.0000  0.0000  0.1000 -434.125735627033
0.000000 345.000000  0.0000  0.0000  0.1000 -434.125735627033
0.000000 360.000000  0.0000  0.0000  0.1000 -434.125735627033
7.500000 0.000000  0.0131  0.0000  0.0991 -434.124900804435
7.500000 15.000000  0.0126  0.0034  0.0991 -434.125125782154
7.500000 30.000000  0.0113  0.0065  0.0991 -434.125327757317
7.500000 45.000000  0.0092  0.0092  0.0991 -434.125499174125
7.500000 60.000000  0.0065  0.0113  0.0991 -434.125636754464
7.500000 75.000000  0.0034  0.0126  0.0991 -434.125739418167
7.500000 90.000000  0.0000  0.0131  0.0991 -434.125806157953
7.500000 105.000000 -0.0034  0.0126  0.0991 -434.125834577478
7.500000 120.000000 -0.0065  0.0113  0.0991 -434.125820528634
7.500000 135.000000 -0.0092  0.0092  0.0991 -434.125758966519
7.500000 150.000000 -0.0113  0.0065  0.0991 -434.125645837004
7.500000 165.000000 -0.0126  0.0034  0.0991 -434.125480523461
7.500000 180.000000 -0.0131  0.0000  0.0991 -434.125268142516
7.500000 195.000000 -0.0126 -0.0034  0.0991 -434.125020900230
7.500000 210.000000 -0.0113 -0.0065  0.0991 -434.124757897825
7.500000 225.000000 -0.0092 -0.0092  0.0991 -434.124503196603
7.500000 240.000000 -0.0065 -0.0113  0.0991 -434.124282472878
7.500000 255.000000 -0.0034 -0.0126  0.0991 -434.124119012470
7.500000 270.000000 -0.0000 -0.0131  0.0991 -434.124029956702
7.500000 285.000000  0.0034 -0.0126  0.0991 -434.124023599117
7.500000 300.000000  0.0065 -0.0113  0.0991 -434.124098251993
7.500000 315.000000  0.0092 -0.0092  0.0991 -434.124242877941
7.500000 330.000000  0.0113 -0.0065  0.0991 -434.124439353459
7.500000 345.000000  0.0126 -0.0034  0.0991 -434.124665886917
7.500000 360.000000  0.0131 -0.0000  0.0991 -434.124900804435
15.000000 0.000000  0.0259  0.0000  0.0966 -434.122835751843
15.000000 15.000000  0.0250  0.0067  0.0966 -434.123245938247
15.000000 30.000000  0.0224  0.0129  0.0966 -434.123570938585
15.000000 45.000000  0.0183  0.0183  0.0966 -434.123814445728
15.000000 60.000000  0.0129  0.0224  0.0966 -434.123994059529
15.000000 75.000000  0.0067  0.0250  0.0966 -434.124130224425
15.000000 90.000000  0.0000  0.0259  0.0966 -434.124236418669
15.000000 105.000000 -0.0067  0.0250  0.0966 -434.124313259426
15.000000 120.000000 -0.0129  0.0224  0.0966 -434.124347089239
15.000000 135.000000 -0.0183  0.0183  0.0966 -434.124312717365
15.000000 150.000000 -0.0224  0.0129  0.0966 -434.124180191406
15.000000 165.000000 -0.0250  0.0067  0.0966 -434.123924961455
15.000000 180.000000 -0.0259  0.0000  0.0966 -434.123539022180
15.000000 195.000000 -0.0250 -0.0067  0.0966 -434.123039165441
15.000000 210.000000 -0.0224 -0.0129  0.0966 -434.122468852688
15.000000 225.000000 -0.0183 -0.0183  0.0966 -434.121892341577
15.000000 240.000000 -0.0129 -0.0224  0.0966 -434.121382554976
15.000000 255.000000 -0.0067 -0.0250  0.0966 -434.121006506625
15.000000 270.000000 -0.0000 -0.0259  0.0966 -434.120812590562
15.000000 285.000000  0.0067 -0.0250  0.0966 -434.120822390342
15.000000 300.000000  0.0129 -0.0224  0.0966 -434.121027546688
15.000000 315.000000  0.0183 -0.0183  0.0966 -434.121391626164
15.000000 330.000000  0.0224 -0.0129  0.0966 -434.121857353257
15.000000 345.000000  0.0250 -0.0067  0.0966 -434.122358792825
15.000000 360.000000  0.0259 -0.0000  0.0966 -434.122835751843
22.500000 0.000000  0.0383  0.0000  0.0924 -434.119713693934
22.500000 15.000000  0.0370  0.0099  0.0924 -434.120253420633
22.500000 30.000000  0.0331  0.0191  0.0924 -434.120606756481
22.500000 45.000000  0.0271  0.0271  0.0924 -434.120810160257
22.500000 60.000000  0.0191  0.0331  0.0924 -434.120928159013
22.500000 75.000000  0.0099  0.0370  0.0924 -434.121024587901
22.500000 90.000000  0.0000  0.0383  0.0924 -434.121140030451
22.500000 105.000000 -0.0099  0.0370  0.0924 -434.121281811950
22.500000 120.000000 -0.0191  0.0331  0.0924 -434.121423138857
22.500000 135.000000 -0.0271  0.0271  0.0924 -434.121506948214
22.500000 150.000000 -0.0331  0.0191  0.0924 -434.121457082191
22.500000 165.000000 -0.0370  0.0099  0.0924 -434.121200411079
22.500000 180.000000 -0.0383  0.0000  0.0924 -434.120694986661
22.500000 195.000000 -0.0370 -0.0099  0.0924 -434.119952607667
22.500000 210.000000 -0.0331 -0.0191  0.0924 -434.119045915055
22.500000 225.000000 -0.0271 -0.0271  0.0924 -434.118096238956
22.500000 240.000000 -0.0191 -0.0331  0.0924 -434.117245378817
22.500000 255.000000 -0.0099 -0.0370  0.0924 -434.116621849427
22.500000 270.000000 -0.0000 -0.0383  0.0924 -434.116314889241
22.500000 285.000000  0.0099 -0.0370  0.0924 -434.116362003268
22.500000 300.000000  0.0191 -0.0331  0.0924 -434.116745332935
22.500000 315.000000  0.0271 -0.0271  0.0924 -434.117392854496
22.500000 330.000000  0.0331 -0.0191  0.0924 -434.118189307514
22.500000 345.000000  0.0370 -0.0099  0.0924 -434.119001777319
22.500000 360.000000  0.0383 -0.0000  0.0924 -434.119713693933
30.000000 0.000000  0.0500  0.0000  0.0866 -434.115783960879
30.000000 15.000000  0.0483  0.0129  0.0866 -434.116386043627
30.000000 30.000000  0.0433  0.0250  0.0866 -434.116664241619
30.000000 45.000000  0.0354  0.0354  0.0866 -434.116709792965
30.000000 60.000000  0.0250  0.0433  0.0866 -434.116661021585
30.000000 75.000000  0.0129  0.0483  0.0866 -434.116645705935
30.000000 90.000000  0.0000  0.0500  0.0866 -434.116739790064
30.000000 105.000000 -0.0129  0.0483  0.0866 -434.116958263606
30.000000 120.000000 -0.0250  0.0433  0.0866 -434.117260418739
30.000000 135.000000 -0.0354  0.0354  0.0866 -434.117550629423
30.000000 150.000000 -0.0433  0.0250  0.0866 -434.117688249089
30.000000 165.000000 -0.0483  0.0129  0.0866 -434.117526148735
30.000000 180.000000 -0.0500  0.0000  0.0866 -434.116966688821
30.000000 195.000000 -0.0483 -0.0129  0.0866 -434.116006191209
30.000000 210.000000 -0.0433 -0.0250  0.0866 -434.114749930309
30.000000 225.000000 -0.0354 -0.0354  0.0866 -434.113392610062
30.000000 240.000000 -0.0250 -0.0433  0.0866 -434.112166598994
30.000000 255.000000 -0.0129 -0.0483  0.0866 -434.111276948795
30.000000 270.000000 -0.0000 -0.0500  0.0866 -434.110857108403
30.000000 285.000000  0.0129 -0.0483  0.0866 -434.110959434912
30.000000 300.000000  0.0250 -0.0433  0.0866 -434.111557004632
30.000000 315.000000  0.0354 -0.0354  0.0866 -434.112537855742
30.000000 330.000000  0.0433 -0.0250  0.0866 -434.113712391839
30.000000 345.000000  0.0483 -0.0129  0.0866 -434.114857780447
30.000000 360.000000  0.0500 -0.0000  0.0866 -434.115783960879
37.500000 0.000000  0.0609  0.0000  0.0793 -434.111342323326
37.500000 15.000000  0.0588  0.0158  0.0793 -434.111934504090
37.500000 30.000000  0.0527  0.0304  0.0793 -434.112035735310
37.500000 45.000000  0.0430  0.0430  0.0793 -434.111810581357
37.500000 60.000000  0.0304  0.0527  0.0793 -434.111496734108
37.500000 75.000000  0.0158  0.0588  0.0793 -434.111304833853
37.500000 90.000000  0.0000  0.0609  0.0793 -434.111349309611
37.500000 105.000000 -0.0158  0.0588  0.0793 -434.111650339632
37.500000 120.000000 -0.0304  0.0527  0.0793 -434.112156186090
37.500000 135.000000 -0.0430  0.0430  0.0793 -434.112731786539
37.500000 150.000000 -0.0527  0.0304  0.0793 -434.113155758391
37.500000 165.000000 -0.0588  0.0158  0.0793 -434.113182426262
37.500000 180.000000 -0.0609  0.0000  0.0793 -434.112639513025
37.500000 195.000000 -0.0588 -0.0158  0.0793 -434.111498748912
37.500000 210.000000 -0.0527 -0.0304  0.0793 -434.109898424581
37.500000 225.000000 -0.0430 -0.0430  0.0793 -434.108118960578
37.500000 240.000000 -0.0304 -0.0527  0.0793 -434.106503698401
37.500000 255.000000 -0.0158 -0.0588  0.0793 -434.105346921421
37.500000 270.000000 -0.0000 -0.0609  0.0793 -434.104822959232
37.500000 285.000000  0.0158 -0.0588  0.0793 -434.104993451642
37.500000 300.000000  0.0304 -0.0527  0.0793 -434.105826660611
37.500000 315.000000  0.0430 -0.0430  0.0793 -434.107172774239
37.500000 330.000000  0.0527 -0.0304  0.0793 -434.108753924187
37.500000 345.000000  0.0588 -0.0158  0.0793 -434.110235902745
37.500000 360.000000  0.0609 -0.0000  0.0793 -434.111342323325
45.000000 0.000000  0.0707  0.0000  0.0707 -434.106703759321
45.000000 15.000000  0.0683  0.0183  0.0707 -434.107215715743
45.000000 30.000000  0.0612  0.0354  0.0707 -434.107050806724
45.000000 45.000000  0.0500  0.0500  0.0707 -434.106458303697
45.000000 60.000000  0.0354  0.0612  0.0707 -434.105796868751
45.000000 75.000000  0.0183  0.0683  0.0707 -434.105376510749
45.000000 90.000000  0.0000  0.0707  0.0707 -434.105348025278
45.000000 105.000000 -0.0183  0.0683  0.0707 -434.105730832482
45.000000 120.000000 -0.0354  0.0612  0.0707 -434.106468899506
45.000000 135.000000 -0.0500  0.0500  0.0707 -434.107392548256
45.000000 150.000000 -0.0612  0.0354  0.0707 -434.108185737241
45.000000 165.000000 -0.0683  0.0183  0.0707 -434.108483024500
45.000000 180.000000 -0.0707  0.0000  0.0707 -434.108025262916
45.000000 195.000000 -0.0683 -0.0183  0.0707 -434.106754173634
45.000000 210.000000 -0.0612 -0.0354  0.0707 -434.104837096830
45.000000 225.000000 -0.0500 -0.0500  0.0707 -434.102644947893
45.000000 240.000000 -0.0354 -0.0612  0.0707 -434.100648510936
45.000000 255.000000 -0.0183 -0.0683  0.0707 -434.099241605044
45.000000 270.000000 -0.0000 -0.0707  0.0707 -434.098630384890
45.000000 285.000000  0.0183 -0.0683  0.0707 -434.098876003441
45.000000 300.000000  0.0354 -0.0612  0.0707 -434.099949501952
45.000000 315.000000  0.0500 -0.0500  0.0707 -434.101671018298
45.000000 330.000000  0.0612 -0.0354  0.0707 -434.103663307420
45.000000 345.000000  0.0683 -0.0183  0.0707 -434.105463500513
45.000000 360.000000  0.0707 -0.0000  0.0707 -434.106703759320
52.500000 0.000000  0.0793  0.0000  0.0609 -434.102180412284
52.500000 15.000000  0.0766  0.0205  0.0609 -434.102549888106
52.500000 30.000000  0.0687  0.0397  0.0609 -434.102051234330
52.500000 45.000000  0.0561  0.0561  0.0609 -434.101020902300
52.500000 60.000000  0.0397  0.0687  0.0609 -434.099953375067
52.500000 75.000000  0.0205  0.0766  0.0609 -434.099270317105
52.500000 90.000000  0.0000  0.0793  0.0609 -434.099152186709
52.500000 105.000000 -0.0205  0.0766  0.0609 -434.099609274472
52.500000 120.000000 -0.0397  0.0687  0.0609 -434.100590971466
52.500000 135.000000 -0.0561  0.0561  0.0609 -434.101902382498
52.500000 150.000000 -0.0687  0.0397  0.0609 -434.103122471748
52.500000 165.000000 -0.0766  0.0205  0.0609 -434.103751001129
52.500000 180.000000 -0.0793  0.0000  0.0609 -434.103438669326
52.500000 195.000000 -0.0766 -0.0205  0.0609 -434.102096669534
52.500000 210.000000 -0.0687 -0.0397  0.0609 -434.099913210141
52.500000 225.000000 -0.0561 -0.0561  0.0609 -434.097344982671
52.500000 240.000000 -0.0397 -0.0687  0.0609 -434.094999326269
52.500000 255.000000 -0.0205 -0.0766  0.0609 -434.093376250916
52.500000 270.000000 -0.0000 -0.0793  0.0609 -434.092701277953
52.500000 285.000000  0.0205 -0.0766  0.0609 -434.093022905708
52.500000 300.000000  0.0397 -0.0687  0.0609 -434.094324094435
52.500000 315.000000  0.0561 -0.0561  0.0609 -434.096406360189
52.500000 330.000000  0.0687 -0.0397  0.0609 -434.098786311417
52.500000 345.000000  0.0766 -0.0205  0.0609 -434.100862683423
52.500000 360.000000  0.0793 -0.0000  0.0609 -434.102180412284
60.000000 0.000000  0.0866  0.0000  0.0500 -434.098064319531
60.000000 15.000000  0.0837  0.0224  0.0500 -434.098241497212
60.000000 30.000000  0.0750  0.0433  0.0500 -434.097368484539
60.000000 45.000000  0.0612  0.0612  0.0500 -434.095863212164
60.000000 60.000000  0.0433  0.0750  0.0500 -434.094361431016
60.000000 75.000000  0.0224  0.0837  0.0500 -434.093401725593
60.000000 90.000000  0.0000  0.0866  0.0500 -434.093184554202
60.000000 105.000000 -0.0224  0.0837  0.0500 -434.093702574987
60.000000 120.000000 -0.0433  0.0750  0.0500 -434.094921175888
60.000000 135.000000 -0.0612  0.0612  0.0500 -434.096632053886
60.000000 150.000000 -0.0750  0.0433  0.0500 -434.098304785263
60.000000 165.000000 -0.0837  0.0224  0.0500 -434.099298420423
60.000000 180.000000 -0.0866  0.0000  0.0500 -434.099178944165
60.000000 195.000000 -0.0837 -0.0224  0.0500 -434.097830886318
60.000000 210.000000 -0.0750 -0.0433  0.0500 -434.095452657719
60.000000 225.000000 -0.0612 -0.0612  0.0500 -434.092573124944
60.000000 240.000000 -0.0433 -0.0750  0.0500 -434.089934554633
60.000000 255.000000 -0.0224 -0.0837  0.0500 -434.088143665180
60.000000 270.000000 -0.0000 -0.0866  0.0500 -434.087432675313
60.000000 285.000000  0.0224 -0.0837  0.0500 -434.087825994314
60.000000 300.000000  0.0433 -0.0750  0.0500 -434.089326327786
60.000000 315.000000  0.0612 -0.0612  0.0500 -434.091728518958
60.000000 330.000000  0.0750 -0.0433  0.0500 -434.094443067262
60.000000 345.000000  0.0837 -0.0224  0.0500 -434.096731496751
60.000000 360.000000  0.0866 -0.0000  0.0500 -434.098064319531
67.500000 0.000000  0.0924  0.0000  0.0383 -434.094613458027
67.500000 15.000000  0.0892  0.0239  0.0383 -434.094563389265
67.500000 30.000000  0.0800  0.0462  0.0383 -434.093304282766
67.500000 45.000000  0.0653  0.0653  0.0383 -434.091324194723
67.500000 60.000000  0.0462  0.0800  0.0383 -434.089393920816
67.500000 75.000000  0.0239  0.0892  0.0383 -434.088164196199
67.500000 90.000000  0.0000  0.0924  0.0383 -434.087845367625
67.500000 105.000000 -0.0239  0.0892  0.0383 -434.088406889331
67.500000 120.000000 -0.0462  0.0800  0.0383 -434.089838549754
67.500000 135.000000 -0.0653  0.0653  0.0383 -434.091929916847
67.500000 150.000000 -0.0800  0.0462  0.0383 -434.094045523139
67.500000 165.000000 -0.0892  0.0239  0.0383 -434.095409485670
67.500000 180.000000 -0.0924  0.0000  0.0383 -434.095515027916
67.500000 195.000000 -0.0892 -0.0239  0.0383 -434.094226236289
67.500000 210.000000 -0.0800 -0.0462  0.0383 -434.091741246059
67.500000 225.000000 -0.0653 -0.0653  0.0383 -434.088641404144
67.500000 240.000000 -0.0462 -0.0800  0.0383 -434.085789166452
67.500000 255.000000 -0.0239 -0.0892  0.0383 -434.083889459113
67.500000 270.000000 -0.0000 -0.0924  0.0383 -434.083171481870
67.500000 285.000000  0.0239 -0.0892  0.0383 -434.083628409773
67.500000 300.000000  0.0462 -0.0800  0.0383 -434.085286194437
67.500000 315.000000  0.0653 -0.0653  0.0383 -434.087942182845
67.500000 330.000000  0.0800 -0.0462  0.0383 -434.090910173011
67.500000 345.000000  0.0892 -0.0239  0.0383 -434.093329006866
67.500000 360.000000  0.0924 -0.0000  0.0383 -434.094613458027
75.000000 0.000000  0.0966  0.0000  0.0259 -434.092039992706
75.000000 15.000000  0.0933  0.0250  0.0259 -434.091743461089
75.000000 30.000000  0.0837  0.0483  0.0259 -434.090114562929
75.000000 45.000000  0.0683  0.0683  0.0259 -434.087697396046
75.000000 60.000000  0.0483  0.0837  0.0259 -434.085378555620
75.000000 75.000000  0.0250  0.0933  0.0259 -434.083904176040
75.000000 90.000000  0.0000  0.0966  0.0259 -434.083486693200
75.000000 105.000000 -0.0250  0.0933  0.0259 -434.084072445430
75.000000 120.000000 -0.0483  0.0837  0.0259 -434.085678928568
75.000000 135.000000 -0.0683  0.0683  0.0259 -434.088101401912
75.000000 150.000000 -0.0837  0.0483  0.0259 -434.090614492326
75.000000 165.000000 -0.0933  0.0250  0.0259 -434.092326447700
75.000000 180.000000 -0.0966  0.0000  0.0259 -434.092673254444
75.000000 195.000000 -0.0933 -0.0250  0.0259 -434.091504486688
75.000000 210.000000 -0.0837 -0.0483  0.0259 -434.089010186402
75.000000 225.000000 -0.0683 -0.0683  0.0259 -434.085802116697
75.000000 240.000000 -0.0483 -0.0837  0.0259 -434.082834649999
75.000000 255.000000 -0.0250 -0.0933  0.0259 -434.080891469999
75.000000 270.000000 -0.0000 -0.0966  0.0259 -434.080194050628
75.000000 285.000000  0.0250 -0.0933  0.0259 -434.080704121076
75.000000 300.000000  0.0483 -0.0837  0.0259 -434.082468108478
75.000000 315.000000  0.0683 -0.0683  0.0259 -434.085289939688
75.000000 330.000000  0.0837 -0.0483  0.0259 -434.088406896570
75.000000 345.000000  0.0933 -0.0250  0.0259 -434.090863510211
75.000000 360.000000  0.0966 -0.0000  0.0259 -434.092039992707
82.500000 0.000000  0.0991  0.0000  0.0131 -434.090500388131
82.500000 15.000000  0.0958  0.0257  0.0131 -434.089953846191
82.500000 30.000000  0.0859  0.0496  0.0131 -434.087996926582
82.500000 45.000000  0.0701  0.0701  0.0131 -434.085214939326
82.500000 60.000000  0.0496  0.0859  0.0131 -434.082578329811
82.500000 75.000000  0.0257  0.0958  0.0131 -434.080900193836
82.500000 90.000000  0.0000  0.0991  0.0131 -434.080391547525
82.500000 105.000000 -0.0257  0.0958  0.0131 -434.080982504674
82.500000 120.000000 -0.0496  0.0859  0.0131 -434.082714857336
82.500000 135.000000 -0.0701  0.0701  0.0131 -434.085392090248
82.500000 150.000000 -0.0859  0.0496  0.0131 -434.088224994319
82.500000 165.000000 -0.0958  0.0257  0.0131 -434.090238086907
82.500000 180.000000 -0.0991  0.0000  0.0131 -434.090826887705
82.500000 195.000000 -0.0958 -0.0257  0.0131 -434.089830057649
82.500000 210.000000 -0.0859 -0.0496  0.0131 -434.087425578702
82.500000 225.000000 -0.0701 -0.0701  0.0131 -434.084234392247
82.500000 240.000000 -0.0496 -0.0859  0.0131 -434.081263087901
82.500000 255.000000 -0.0257 -0.0958  0.0131 -434.079343949491
82.500000 270.000000 -0.0000 -0.0991  0.0131 -434.078691170803
82.500000 285.000000  0.0257 -0.0958  0.0131 -434.079242342326
82.500000 300.000000  0.0496 -0.0859  0.0131 -434.081055385703
82.500000 315.000000  0.0701 -0.0701  0.0131 -434.083939382302
82.500000 330.000000  0.0859 -0.0496  0.0131 -434.087085288500
82.500000 345.000000  0.0958 -0.0257  0.0131 -434.089483443481
82.500000 360.000000  0.0991 -0.0000  0.0131 -434.090500388131
90.000000 0.000000  0.1000  0.0000  0.0000 -434.090087723446
90.000000 15.000000  0.0966  0.0259  0.0000 -434.089302864478
90.000000 30.000000  0.0866  0.0500  0.0000 -434.087081579771
90.000000 45.000000  0.0707  0.0707  0.0000 -434.084035208482
90.000000 60.000000  0.0500  0.0866  0.0000 -434.081175970929
90.000000 75.000000  0.0259  0.0966  0.0000 -434.079346824477
90.000000 90.000000  0.0000  0.1000  0.0000 -434.078758417432
90.000000 105.000000 -0.0259  0.0966  0.0000 -434.079337162318
90.000000 120.000000 -0.0500  0.0866  0.0000 -434.081139523740
90.000000 135.000000 -0.0707  0.0707  0.0000 -434.083974586148
90.000000 150.000000 -0.0866  0.0500  0.0000 -434.087023926172
90.000000 165.000000 -0.0966  0.0259  0.0000 -434.089270924665
90.000000 180.000000 -0.1000  0.0000  0.0000 -434.090087723447
90.000000 195.000000 -0.0966 -0.0259  0.0000 -434.089302864478
90.000000 210.000000 -0.0866 -0.0500  0.0000 -434.087081579771
90.000000 225.000000 -0.0707 -0.0707  0.0000 -434.084035208482
90.000000 240.000000 -0.0500 -0.0866  0.0000 -434.081175970929
90.000000 255.000000 -0.0259 -0.0966  0.0000 -434.079346824477
90.000000 270.000000 -0.0000 -0.1000  0.0000 -434.078758417432
90.000000 285.000000  0.0259 -0.0966  0.0000 -434.079337162318
90.000000 300.000000  0.0500 -0.0866  0.0000 -434.081139523739
90.000000 315.000000  0.0707 -0.0707  0.0000 -434.083974586147
90.000000 330.000000  0.0866 -0.0500  0.0000 -434.087023926172
90.000000 345.000000  0.0966 -0.0259  0.0000 -434.089270924666
90.000000 360.000000  0.1000 -0.0000  0.0000 -434.090087723446
97.500000 0.000000  0.0991  0.0000 -0.0131 -434.090826887705
97.500000 15.000000  0.0958  0.0257 -0.0131 -434.089830057648
97.500000 30.000000  0.0859  0.0496 -0.0131 -434.087425578701
97.500000 45.000000  0.0701  0.0701 -0.0131 -434.084234392249
97.500000 60.000000  0.0496  0.0859 -0.0131 -434.081263087901
97.500000 75.000000  0.0257  0.0958 -0.0131 -434.079343949490
97.500000 90.000000  0.0000  0.0991 -0.0131 -434.078691170803
97.500000 105.000000 -0.0257  0.0958 -0.0131 -434.079242342326
97.500000 120.000000 -0.0496  0.0859 -0.0131 -434.081055385704
97.500000 135.000000 -0.0701  0.0701 -0.0131 -434.083939382302
97.500000 150.000000 -0.0859  0.0496 -0.0131 -434.087085288500
97.500000 165.000000 -0.0958  0.0257 -0.0131 -434.089483443481
97.500000 180.000000 -0.0991  0.0000 -0.0131 -434.090500388131
97.500000 195.000000 -0.0958 -0.0257 -0.0131 -434.089953846190
97.500000 210.000000 -0.0859 -0.0496 -0.0131 -434.087996926582
97.500000 225.000000 -0.0701 -0.0701 -0.0131 -434.085214939326
97.500000 240.000000 -0.0496 -0.0859 -0.0131 -434.082578329812
97.500000 255.000000 -0.0257 -0.0958 -0.0131 -434.080900193836
97.500000 270.000000 -0.0000 -0.0991 -0.0131 -434.080391547524
97.500000 285.000000  0.0257 -0.0958 -0.0131 -434.080982504674
97.500000 300.000000  0.0496 -0.0859 -0.0131 -434.082714857336
97.500000 315.000000  0.0701 -0.0701 -0.0131 -434.085392090248
97.500000 330.000000  0.0859 -0.0496 -0.0131 -434.088224994319
97.500000 345.000000  0.0958 -0.0257 -0.0131 -434.090238086907
97.500000 360.000000  0.0991 -0.0000 -0.0131 -434.090826887705
105.000000 0.000000  0.0966  0.0000 -0.0259 -434.092673254444
105.000000 15.000000  0.0933  0.0250 -0.0259 -434.091504486688
105.000000 30.000000  0.0837  0.0483 -0.0259 -434.089010186402
105.000000 45.000000  0.0683  0.0683 -0.0259 -434.085802116697
105.000000 60.000000  0.0483  0.0837 -0.0259 -434.082834650000
105.000000 75.000000  0.0250  0.0933 -0.0259 -434.080891469999
105.000000 90.000000  0.0000  0.0966 -0.0259 -434.080194050628
105.000000 105.000000 -0.0250  0.0933 -0.0259 -434.080704121075
105.000000 120.000000 -0.0483  0.0837 -0.0259 -434.082468108478
105.000000 135.000000 -0.0683  0.0683 -0.0259 -434.085289939688
105.000000 150.000000 -0.0837  0.0483 -0.0259 -434.088406896571
105.000000 165.000000 -0.0933  0.0250 -0.0259 -434.090863510212
105.000000 180.000000 -0.0966  0.0000 -0.0259 -434.092039992707
105.000000 195.000000 -0.0933 -0.0250 -0.0259 -434.091743461089
105.000000 210.000000 -0.0837 -0.0483 -0.0259 -434.090114562929
105.000000 225.000000 -0.0683 -0.0683 -0.0259 -434.087697396046
105.000000 240.000000 -0.0483 -0.0837 -0.0259 -434.085378555620
105.000000 255.000000 -0.0250 -0.0933 -0.0259 -434.083904176040
105.000000 270.000000 -0.0000 -0.0966 -0.0259 -434.083486693200
105.000000 285.000000  0.0250 -0.0933 -0.0259 -434.084072445430
105.000000 300.000000  0.0483 -0.0837 -0.0259 -434.085678928568
105.000000 315.000000  0.0683 -0.0683 -0.0259 -434.088101401912
105.000000 330.000000  0.0837 -0.0483 -0.0259 -434.090614492326
105.000000 345.000000  0.0933 -0.0250 -0.0259 -434.092326447699
105.000000 360.000000  0.0966 -0.0000 -0.0259 -434.092673254444
112.500000 0.000000  0.0924  0.0000 -0.0383 -434.095515027915
112.500000 15.000000  0.0892  0.0239 -0.0383 -434.094226236288
112.500000 30.000000  0.0800  0.0462 -0.0383 -434.091741246058
112.500000 45.000000  0.0653  0.0653 -0.0383 -434.088641404144
112.500000 60.000000  0.0462  0.0800 -0.0383 -434.085789166452
112.500000 75.000000  0.0239  0.0892 -0.0383 -434.083889459113
112.500000 90.000000  0.0000  0.0924 -0.0383 -434.083171481869
112.500000 105.000000 -0.0239  0.0892 -0.0383 -434.083628409772
112.500000 120.000000 -0.0462  0.0800 -0.0383 -434.085286194437
112.500000 135.000000 -0.0653  0.0653 -0.0383 -434.087942182845
112.500000 150.000000 -0.0800  0.0462 -0.0383 -434.090910173012
112.500000 165.000000 -0.0892  0.0239 -0.0383 -434.093329006867
112.500000 180.000000 -0.0924  0.0000 -0.0383 -434.094613458027
112.500000 195.000000 -0.0892 -0.0239 -0.0383 -434.094563389266
112.500000 210.000000 -0.0800 -0.0462 -0.0383 -434.093304282766
112.500000 225.000000 -0.0653 -0.0653 -0.0383 -434.091324194723
112.500000 240.000000 -0.0462 -0.0800 -0.0383 -434.089393920816
112.500000 255.000000 -0.0239 -0.0892 -0.0383 -434.088164196200
112.500000 270.000000 -0.0000 -0.0924 -0.0383 -434.087845367626
112.500000 285.000000  0.0239 -0.0892 -0.0383 -434.088406889331
112.500000 300.000000  0.0462 -0.0800 -0.0383 -434.089838549754
112.500000 315.000000  0.0653 -0.0653 -0.0383 -434.091929916846
112.500000 330.000000  0.0800 -0.0462 -0.0383 -434.094045523139
112.500000 345.000000  0.0892 -0.0239 -0.0383 -434.095409485670
112.500000 360.000000  0.0924 -0.0000 -0.0383 -434.095515027915
120.000000 0.000000  0.0866  0.0000 -0.0500 -434.099178944166
120.000000 15.000000  0.0837  0.0224 -0.0500 -434.097830886318
120.000000 30.000000  0.0750  0.0433 -0.0500 -434.095452657719
120.000000 45.000000  0.0612  0.0612 -0.0500 -434.092573124944
120.000000 60.000000  0.0433  0.0750 -0.0500 -434.089934554632
120.000000 75.000000  0.0224  0.0837 -0.0500 -434.088143665180
120.000000 90.000000  0.0000  0.0866 -0.0500 -434.087432675313
120.000000 105.000000 -0.0224  0.0837 -0.0500 -434.087825994314
120.000000 120.000000 -0.0433  0.0750 -0.0500 -434.089326327786
120.000000 135.000000 -0.0612  0.0612 -0.0500 -434.091728518958
120.000000 150.000000 -0.0750  0.0433 -0.0500 -434.094443067260
120.000000 165.000000 -0.0837  0.0224 -0.0500 -434.096731496751
120.000000 180.000000 -0.0866  0.0000 -0.0500 -434.098064319531
120.000000 195.000000 -0.0837 -0.0224 -0.0500 -434.098241497212
120.000000 210.000000 -0.0750 -0.0433 -0.0500 -434.097368484539
120.000000 225.000000 -0.0612 -0.0612 -0.0500 -434.095863212164
120.000000 240.000000 -0.0433 -0.0750 -0.0500 -434.094361431016
120.000000 255.000000 -0.0224 -0.0837 -0.0500 -434.093401725593
120.000000 270.000000 -0.0000 -0.0866 -0.0500 -434.093184554202
120.000000 285.000000  0.0224 -0.0837 -0.0500 -434.093702574987
120.000000 300.000000  0.0433 -0.0750 -0.0500 -434.094921175889
120.000000 315.000000  0.0612 -0.0612 -0.0500 -434.096632053885
120.000000 330.000000  0.0750 -0.0433 -0.0500 -434.098304785263
120.000000 345.000000  0.0837 -0.0224 -0.0500 -434.099298420424
120.000000 360.000000  0.0866 -0.0000 -0.0500 -434.099178944166
127.500000 0.000000  0.0793  0.0000 -0.0609 -434.103438669326
127.500000 15.000000  0.0766  0.0205 -0.0609 -434.102096669534
127.500000 30.000000  0.0687  0.0397 -0.0609 -434.099913210141
127.500000 45.000000  0.0561  0.0561 -0.0609 -434.097344982672
127.500000 60.000000  0.0397  0.0687 -0.0609 -434.094999326270
127.500000 75.000000  0.0205  0.0766 -0.0609 -434.093376250916
127.500000 90.000000  0.0000  0.0793 -0.0609 -434.092701277953
127.500000 105.000000 -0.0205  0.0766 -0.0609 -434.093022905708
127.500000 120.000000 -0.0397  0.0687 -0.0609 -434.094324094434
127.500000 135.000000 -0.0561  0.0561 -0.0609 -434.096406360189
127.500000 150.000000 -0.0687  0.0397 -0.0609 -434.098786311417
127.500000 165.000000 -0.0766  0.0205 -0.0609 -434.100862683423
127.500000 180.000000 -0.0793  0.0000 -0.0609 -434.102180412285
127.500000 195.000000 -0.0766 -0.0205 -0.0609 -434.102549888107
127.500000 210.000000 -0.0687 -0.0397 -0.0609 -434.102051234329
127.500000 225.000000 -0.0561 -0.0561 -0.0609 -434.101020902300
127.500000 240.000000 -0.0397 -0.0687 -0.0609 -434.099953375066
127.500000 255.000000 -0.0205 -0.0766 -0.0609 -434.099270317105
127.500000 270.000000 -0.0000 -0.0793 -0.0609 -434.099152186709
127.500000 285.000000  0.0205 -0.0766 -0.0609 -434.099609274472
127.500000 300.000000  0.0397 -0.0687 -0.0609 -434.100590971466
127.500000 315.000000  0.0561 -0.0561 -0.0609 -434.101902382497
127.500000 330.000000  0.0687 -0.0397 -0.0609 -434.103122471749
127.500000 345.000000  0.0766 -0.0205 -0.0609 -434.103751001130
127.500000 360.000000  0.0793 -0.0000 -0.0609 -434.103438669326
135.000000 0.000000  0.0707  0.0000 -0.0707 -434.108025262917
135.000000 15.000000  0.0683  0.0183 -0.0707 -434.106754173634
135.000000 30.000000  0.0612  0.0354 -0.0707 -434.104837096830
135.000000 45.000000  0.0500  0.0500 -0.0707 -434.102644947893
135.000000 60.000000  0.0354  0.0612 -0.0707 -434.100648510936
135.000000 75.000000  0.0183  0.0683 -0.0707 -434.099241605044
135.000000 90.000000  0.0000  0.0707 -0.0707 -434.098630384890
135.000000 105.000000 -0.0183  0.0683 -0.0707 -434.098876003442
135.000000 120.000000 -0.0354  0.0612 -0.0707 -434.099949501952
135.000000 135.000000 -0.0500  0.0500 -0.0707 -434.101671018297
135.000000 150.000000 -0.0612  0.0354 -0.0707 -434.103663307420
135.000000 165.000000 -0.0683  0.0183 -0.0707 -434.105463500513
135.000000 180.000000 -0.0707  0.0000 -0.0707 -434.106703759320
135.000000 195.000000 -0.0683 -0.0183 -0.0707 -434.107215715744
135.000000 210.000000 -0.0612 -0.0354 -0.0707 -434.107050806722
135.000000 225.000000 -0.0500 -0.0500 -0.0707 -434.106458303697
135.000000 240.000000 -0.0354 -0.0612 -0.0707 -434.105796868751
135.000000 255.000000 -0.0183 -0.0683 -0.0707 -434.105376510749
135.000000 270.000000 -0.0000 -0.0707 -0.0707 -434.105348025279
135.000000 285.000000  0.0183 -0.0683 -0.0707 -434.105730832482
135.000000 300.000000  0.0354 -0.0612 -0.0707 -434.106468899506
135.000000 315.000000  0.0500 -0.0500 -0.0707 -434.107392548256
135.000000 330.000000  0.0612 -0.0354 -0.0707 -434.108185737242
135.000000 345.000000  0.0683 -0.0183 -0.0707 -434.108483024499
135.000000 360.000000  0.0707 -0.0000 -0.0707 -434.108025262917
142.500000 0.000000  0.0609  0.0000 -0.0793 -434.112639513025
142.500000 15.000000  0.0588  0.0158 -0.0793 -434.111498748911
142.500000 30.000000  0.0527  0.0304 -0.0793 -434.109898424581
142.500000 45.000000  0.0430  0.0430 -0.0793 -434.108118960578
142.500000 60.000000  0.0304  0.0527 -0.0793 -434.106503698401
142.500000 75.000000  0.0158  0.0588 -0.0793 -434.105346921420
142.500000 90.000000  0.0000  0.0609 -0.0793 -434.104822959232
142.500000 105.000000 -0.0158  0.0588 -0.0793 -434.104993451642
142.500000 120.000000 -0.0304  0.0527 -0.0793 -434.105826660611
142.500000 135.000000 -0.0430  0.0430 -0.0793 -434.107172774239
142.500000 150.000000 -0.0527  0.0304 -0.0793 -434.108753924188
142.500000 165.000000 -0.0588  0.0158 -0.0793 -434.110235902746
142.500000 180.000000 -0.0609  0.0000 -0.0793 -434.111342323325
142.500000 195.000000 -0.0588 -0.0158 -0.0793 -434.111934504089
142.500000 210.000000 -0.0527 -0.0304 -0.0793 -434.112035735310
142.500000 225.000000 -0.0430 -0.0430 -0.0793 -434.111810581357
142.500000 240.000000 -0.0304 -0.0527 -0.0793 -434.111496734108
142.500000 255.000000 -0.0158 -0.0588 -0.0793 -434.111304833853
142.500000 270.000000 -0.0000 -0.0609 -0.0793 -434.111349309611
142.500000 285.000000  0.0158 -0.0588 -0.0793 -434.111650339633
142.500000 300.000000  0.0304 -0.0527 -0.0793 -434.112156186090
142.500000 315.000000  0.0430 -0.0430 -0.0793 -434.112731786540
142.500000 330.000000  0.0527 -0.0304 -0.0793 -434.113155758391
142.500000 345.000000  0.0588 -0.0158 -0.0793 -434.113182426262
142.500000 360.000000  0.0609 -0.0000 -0.0793 -434.112639513025
150.000000 0.000000  0.0500  0.0000 -0.0866 -434.116966688820
150.000000 15.000000  0.0483  0.0129 -0.0866 -434.116006191208
150.000000 30.000000  0.0433  0.0250 -0.0866 -434.114749930309
150.000000 45.000000  0.0354  0.0354 -0.0866 -434.113392610062
150.000000 60.000000  0.0250  0.0433 -0.0866 -434.112166598994
150.000000 75.000000  0.0129  0.0483 -0.0866 -434.111276948796
150.000000 90.000000  0.0000  0.0500 -0.0866 -434.110857108403
150.000000 105.000000 -0.0129  0.0483 -0.0866 -434.110959434913
150.000000 120.000000 -0.0250  0.0433 -0.0866 -434.111557004632
150.000000 135.000000 -0.0354  0.0354 -0.0866 -434.112537855742
150.000000 150.000000 -0.0433  0.0250 -0.0866 -434.113712391838
150.000000 165.000000 -0.0483  0.0129 -0.0866 -434.114857780448
150.000000 180.000000 -0.0500  0.0000 -0.0866 -434.115783960879
150.000000 195.000000 -0.0483 -0.0129 -0.0866 -434.116386043627
150.000000 210.000000 -0.0433 -0.0250 -0.0866 -434.116664241619
150.000000 225.000000 -0.0354 -0.0354 -0.0866 -434.116709792966
150.000000 240.000000 -0.0250 -0.0433 -0.0866 -434.116661021585
150.000000 255.000000 -0.0129 -0.0483 -0.0866 -434.116645705935
150.000000 270.000000 -0.0000 -0.0500 -0.0866 -434.116739790064
150.000000 285.000000  0.0129 -0.0483 -0.0866 -434.116958263606
150.000000 300.000000  0.0250 -0.0433 -0.0866 -434.117260418739
150.000000 315.000000  0.0354 -0.0354 -0.0866 -434.117550629423
150.000000 330.000000  0.0433 -0.0250 -0.0866 -434.117688249088
150.000000 345.000000  0.0483 -0.0129 -0.0866 -434.117526148736
150.000000 360.000000  0.0500 -0.0000 -0.0866 -434.116966688820
157.500000 0.000000  0.0383  0.0000 -0.0924 -434.120694986661
157.500000 15.000000  0.0370  0.0099 -0.0924 -434.119952607667
157.500000 30.000000  0.0331  0.0191 -0.0924 -434.119045915054
157.500000 45.000000  0.0271  0.0271 -0.0924 -434.118096238956
157.500000 60.000000  0.0191  0.0331 -0.0924 -434.117245378817
157.500000 75.000000  0.0099  0.0370 -0.0924 -434.116621849427
157.500000 90.000000  0.0000  0.0383 -0.0924 -434.116314889241
157.500000 105.000000 -0.0099  0.0370 -0.0924 -434.116362003268
157.500000 120.000000 -0.0191  0.0331 -0.0924 -434.116745332935
157.500000 135.000000 -0.0271  0.0271 -0.0924 -434.117392854497
157.500000 150.000000 -0.0331  0.0191 -0.0924 -434.118189307514
157.500000 165.000000 -0.0370  0.0099 -0.0924 -434.119001777320
157.500000 180.000000 -0.0383  0.0000 -0.0924 -434.119713693934
157.500000 195.000000 -0.0370 -0.0099 -0.0924 -434.120253420632
157.500000 210.000000 -0.0331 -0.0191 -0.0924 -434.120606756482
157.500000 225.000000 -0.0271 -0.0271 -0.0924 -434.120810160258
157.500000 240.000000 -0.0191 -0.0331 -0.0924 -434.120928159014
157.500000 255.000000 -0.0099 -0.0370 -0.0924 -434.121024587901
157.500000 270.000000 -0.0000 -0.0383 -0.0924 -434.121140030450
157.500000 285.000000  0.0099 -0.0370 -0.0924 -434.121281811950
157.500000 300.000000  0.0191 -0.0331 -0.0924 -434.121423138858
157.500000 315.000000  0.0271 -0.0271 -0.0924 -434.121506948215
157.500000 330.000000  0.0331 -0.0191 -0.0924 -434.121457082191
157.500000 345.000000  0.0370 -0.0099 -0.0924 -434.121200411079
157.500000 360.000000  0.0383 -0.0000 -0.0924 -434.120694986661
165.000000 0.000000  0.0259  0.0000 -0.0966 -434.123539022180
165.000000 15.000000  0.0250  0.0067 -0.0966 -434.123039165441
165.000000 30.000000  0.0224  0.0129 -0.0966 -434.122468852688
165.000000 45.000000  0.0183  0.0183 -0.0966 -434.121892341577
165.000000 60.000000  0.0129  0.0224 -0.0966 -434.121382554976
165.000000 75.000000  0.0067  0.0250 -0.0966 -434.121006506624
165.000000 90.000000  0.0000  0.0259 -0.0966 -434.120812590563
165.000000 105.000000 -0.0067  0.0250 -0.0966 -434.120822390342
165.000000 120.000000 -0.0129  0.0224 -0.0966 -434.121027546688
165.000000 135.000000 -0.0183  0.0183 -0.0966 -434.121391626164
165.000000 150.000000 -0.0224  0.0129 -0.0966 -434.121857353257
165.000000 165.000000 -0.0250  0.0067 -0.0966 -434.122358792825
165.000000 180.000000 -0.0259  0.0000 -0.0966 -434.122835751843
165.000000 195.000000 -0.0250 -0.0067 -0.0966 -434.123245938246
165.000000 210.000000 -0.0224 -0.0129 -0.0966 -434.123570938586
165.000000 225.000000 -0.0183 -0.0183 -0.0966 -434.123814445728
165.000000 240.000000 -0.0129 -0.0224 -0.0966 -434.123994059529
165.000000 255.000000 -0.0067 -0.0250 -0.0966 -434.124130224426
165.000000 270.000000 -0.0000 -0.0259 -0.0966 -434.124236418669
165.000000 285.000000  0.0067 -0.0250 -0.0966 -434.124313259426
165.000000 300.000000  0.0129 -0.0224 -0.0966 -434.124347089238
165.000000 315.000000  0.0183 -0.0183 -0.0966 -434.124312717365
165.000000 330.000000  0.0224 -0.0129 -0.0966 -434.124180191406
165.000000 345.000000  0.0250 -0.0067 -0.0966 -434.123924961455
165.000000 360.000000  0.0259 -0.0000 -0.0966 -434.123539022179
172.500000 0.000000  0.0131  0.0000 -0.0991 -434.125268142516
172.500000 15.000000  0.0126  0.0034 -0.0991 -434.125020900230
172.500000 30.000000  0.0113  0.0065 -0.0991 -434.124757897825
172.500000 45.000000  0.0092  0.0092 -0.0991 -434.124503196601
172.500000 60.000000  0.0065  0.0113 -0.0991 -434.124282472877
172.500000 75.000000  0.0034  0.0126 -0.0991 -434.124119012471
172.500000 90.000000  0.0000  0.0131 -0.0991 -434.124029956702
172.500000 105.000000 -0.0034  0.0126 -0.0991 -434.124023599118
172.500000 120.000000 -0.0065  0.0113 -0.0991 -434.124098251993
172.500000 135.000000 -0.0092  0.0092 -0.0991 -434.124242877941
172.500000 150.000000 -0.0113  0.0065 -0.0991 -434.124439353460
172.500000 165.000000 -0.0126  0.0034 -0.0991 -434.124665886917
172.500000 180.000000 -0.0131  0.0000 -0.0991 -434.124900804435
172.500000 195.000000 -0.0126 -0.0034 -0.0991 -434.125125782154
172.500000 210.000000 -0.0113 -0.0065 -0.0991 -434.125327757317
172.500000 225.000000 -0.0092 -0.0092 -0.0991 -434.125499174126
172.500000 240.000000 -0.0065 -0.0113 -0.0991 -434.125636754464
172.500000 255.000000 -0.0034 -0.0126 -0.0991 -434.125739418166
172.500000 270.000000 -0.0000 -0.0131 -0.0991 -434.125806157953
172.500000 285.000000  0.0034 -0.0126 -0.0991 -434.125834577479
172.500000 300.000000  0.0065 -0.0113 -0.0991 -434.125820528634
172.500000 315.000000  0.0092 -0.0092 -0.0991 -434.125758966519
172.500000 330.000000  0.0113 -0.0065 -0.0991 -434.125645837003
172.500000 345.000000  0.0126 -0.0034 -0.0991 -434.125480523461
172.500000 360.000000  0.0131 -0.0000 -0.0991 -434.125268142516
180.000000 0.000000  0.0000  0.0000 -0.1000 -434.125735627035
180.000000 15.000000  0.0000  0.0000 -0.1000 -434.125735627035
180.000000 30.000000  0.0000  0.0000 -0.1000 -434.125735627035
180.000000 45.000000  0.0000  0.0000 -0.1000 -434.125735627035
180.000000 60.000000  0.0000  0.0000 -0.1000 -434.125735627035
180.000000 75.000000  0.0000  0.0000 -0.1000 -434.125735627035
180.000000 90.000000  0.0000  0.0000 -0.1000 -434.125735627035
180.000000 105.000000  0.0000  0.0000 -0.1000 -434.125735627035
180.000000 120.000000  0.0000  0.0000 -0.1000 -434.125735627035
180.000000 135.000000  0.0000  0.0000 -0.1000 -434.125735627035
180.000000 150.000000  0.0000  0.0000 -0.1000 -434.125735627035
180.000000 165.000000  0.0000  0.0000 -0.1000 -434.125735627035
180.000000 180.000000  0.0000  0.0000 -0.1000 -434.125735627035
180.000000 195.000000  0.0000  0.0000 -0.1000 -434.125735627035
180.000000 210.000000  0.0000  0.0000 -0.1000 -434.125735627035
180.000000 225.000000  0.0000  0.0000 -0.1000 -434.125735627035
180.000000 240.000000  0.0000  0.0000 -0.1000 -434.125735627035
180.000000 255.000000  0.0000  0.0000 -0.1000 -434.125735627035
180.000000 270.000000  0.0000  0.0000 -0.1000 -434.125735627035
180.000000 285.000000  0.0000  0.0000 -0.1000 -434.125735627035
180.000000 300.000000  0.0000  0.0000 -0.1000 -434.125735627035
180.000000 315.000000  0.0000  0.0000 -0.1000 -434.125735627035
180.000000 330.000000  0.0000  0.0000 -0.1000 -434.125735627035
180.000000 345.000000  0.0000  0.0000 -0.1000 -434.125735627035
180.000000 360.000000  0.0000  0.0000 -0.1000 -434.125735627035
