 # Printing electron repulsion integrals in spatial MO basis
      5.47090217713202320304e-01 	 1 1 1 1
      5.44092715557445427699e-03 	 1 1 2 1
      1.50899237324178897568e-01 	 1 1 2 2
      2.34907443834903653657e-02 	 1 1 3 1
     -4.40686097468275233408e-03 	 1 1 3 2
      3.07292273823897787999e-01 	 1 1 3 3
     -5.28011970081239574715e-03 	 1 1 4 1
      1.31532489092210961787e-03 	 1 1 4 2
     -1.22242173139769493700e-02 	 1 1 4 3
      1.88651273707373640098e-01 	 1 1 4 4
      2.34910517463179022157e-02 	 1 1 5 1
     -1.15372640926669368239e-02 	 1 1 5 2
     -1.53117770538006830322e-02 	 1 1 5 3
     -5.59784567170119699842e-03 	 1 1 5 4
      3.07295262923981404857e-01 	 1 1 5 5
      5.42747669898877189987e-03 	 1 1 6 1
     -9.72044978695574702493e-05 	 1 1 6 2
     -1.15304705676248387541e-02 	 1 1 6 3
     -6.64998411026599019202e-03 	 1 1 6 4
     -4.39818753464599025704e-03 	 1 1 6 5
      1.50907465966049175732e-01 	 1 1 6 6
      5.32054383141241510335e-03 	 1 1 7 1
      6.65618745217632160061e-03 	 1 1 7 2
      5.58932984971094188459e-03 	 1 1 7 3
      5.58755154924481418910e-03 	 1 1 7 4
      1.22229622875898637918e-02 	 1 1 7 5
     -1.33014781110245348776e-03 	 1 1 7 6
      1.88637226551640918570e-01 	 1 1 7 7
      4.82177929454317838465e-02 	 1 1 8 1
      3.93557057456067616030e-03 	 1 1 8 2
     -6.93221941604582614360e-03 	 1 1 8 3
     -5.06397838855453968389e-05 	 1 1 8 4
     -6.92944826161450474350e-03 	 1 1 8 5
      3.92766205217080343476e-03 	 1 1 8 6
      3.02503046613271992427e-05 	 1 1 8 7
      2.70565018051789007991e-01 	 1 1 8 8
      5.44092715557446295060e-03 	 2 1 1 1
      1.38649932898614520506e-03 	 2 1 2 1
      1.20366475598383620114e-03 	 2 1 2 2
      5.87397037503748832045e-04 	 2 1 3 1
     -8.35931445559546008016e-04 	 2 1 3 2
      2.81653547212521674498e-03 	 2 1 3 3
      3.54858689178731603452e-04 	 2 1 4 1
      2.87826719145473604376e-05 	 2 1 4 2
     -7.90322144236189276338e-04 	 2 1 4 3
      6.12190979628011284173e-04 	 2 1 4 4
      2.78102630365772941420e-04 	 2 1 5 1
     -1.54668495934190777276e-03 	 2 1 5 2
     -5.75591205094386107292e-04 	 2 1 5 3
     -3.80278970694974927883e-04 	 2 1 5 4
      5.91632227247814238003e-04 	 2 1 5 5
      4.61196317873177087654e-04 	 2 1 6 1
     -4.26636706127010093947e-04 	 2 1 6 2
     -1.13754123291891716917e-03 	 2 1 6 3
     -1.28988359615716911832e-03 	 2 1 6 4
     -4.91690524745781471633e-04 	 2 1 6 5
     -1.99080918092867244868e-04 	 2 1 6 6
     -5.28061421083833733812e-04 	 2 1 7 1
      1.48422955442389817131e-03 	 2 1 7 2
      5.67177523708020073397e-04 	 2 1 7 3
      2.77134553729121101660e-04 	 2 1 7 4
      1.05270746799156363592e-03 	 2 1 7 5
      2.99819136300165974950e-04 	 2 1 7 6
      2.96762711769382736549e-03 	 2 1 7 7
      4.68323703600387515351e-04 	 2 1 8 1
     -6.32180546198788219717e-04 	 2 1 8 2
     -5.40323618801288432290e-05 	 2 1 8 3
      6.00040074445457242942e-06 	 2 1 8 4
     -2.18191958841281748562e-04 	 2 1 8 5
     -7.37673851239500921479e-05 	 2 1 8 6
      2.07521993549694889515e-04 	 2 1 8 7
      3.68251471886317603005e-03 	 2 1 8 8
      1.50899237324178703279e-01 	 2 2 1 1
      1.20366475598388564076e-03 	 2 2 2 1
      3.79520480609054799981e-01 	 2 2 2 2
     -8.14000608310965281800e-03 	 2 2 3 1
     -2.18352279546342020050e-03 	 2 2 3 2
      1.27527060265131081396e-01 	 2 2 3 3
      5.58666408994467136861e-03 	 2 2 4 1
     -3.19900786478463953696e-03 	 2 2 4 2
      6.62876761454040102500e-03 	 2 2 4 3
      1.72511527494837918484e-01 	 2 2 4 4
     -9.92360947740885540602e-03 	 2 2 5 1
     -3.04643424443828492523e-03 	 2 2 5 2
      7.13205147600500487248e-03 	 2 2 5 3
      1.70879101903287822402e-03 	 2 2 5 4
      1.19238191216730460287e-01 	 2 2 5 5
     -1.87991796094945400790e-04 	 2 2 6 1
     -4.11308563916660922810e-03 	 2 2 6 2
      9.51387686018235513574e-03 	 2 2 6 3
      1.21226227614416731670e-02 	 2 2 6 4
      5.37009979437698230231e-03 	 2 2 6 5
      2.09014496991537124249e-01 	 2 2 6 6
     -6.19172188784092650260e-03 	 2 2 7 1
      6.06412622167248980404e-03 	 2 2 7 2
     -1.86451935619643934319e-03 	 2 2 7 3
     -9.47711565912520356725e-04 	 2 2 7 4
     -6.31419464071103064134e-03 	 2 2 7 5
     -2.34228756199179530273e-03 	 2 2 7 6
      2.59055313053932145806e-01 	 2 2 7 7
     -2.03556180482970597301e-02 	 2 2 8 1
      2.78449550203280216110e-03 	 2 2 8 2
      3.16221816991273498368e-03 	 2 2 8 3
     -8.32312129616463725057e-03 	 2 2 8 4
      2.50460824369817250043e-03 	 2 2 8 5
     -5.98563159934202906887e-03 	 2 2 8 6
      7.35814341790239686419e-03 	 2 2 8 7
      1.98959075618960257170e-01 	 2 2 8 8
      2.34907443834903827129e-02 	 3 1 1 1
      5.87397037503742435252e-04 	 3 1 2 1
     -8.14000608310965455272e-03 	 3 1 2 2
      7.72254858484606575980e-03 	 3 1 3 1
     -1.66686339067648745318e-03 	 3 1 3 2
      3.72784848354418413274e-02 	 3 1 3 3
     -7.58814648881141217730e-04 	 3 1 4 1
     -2.65777439514948388925e-04 	 3 1 4 2
     -3.30390209478751860003e-03 	 3 1 4 3
     -3.43274627710759118807e-03 	 3 1 4 4
      1.08638291879376209549e-03 	 3 1 5 1
     -2.00007863021858670396e-03 	 3 1 5 2
     -2.76574347419276554347e-03 	 3 1 5 3
     -6.24322981443951679180e-04 	 3 1 5 4
      7.56189580394927597651e-03 	 3 1 5 5
      2.75931196536142271311e-04 	 3 1 6 1
     -7.42517036737542850643e-04 	 3 1 6 2
     -3.46927472511743186651e-03 	 3 1 6 3
     -1.76850048213994352764e-03 	 3 1 6 4
     -7.89707649085862918581e-04 	 3 1 6 5
     -9.91959386155594202705e-03 	 3 1 6 6
      1.17861931600460388518e-03 	 3 1 7 1
      2.50837869147114544272e-03 	 3 1 7 2
      1.20512225074933588577e-03 	 3 1 7 3
      7.13740286836512258586e-04 	 3 1 7 4
      1.74961594055574260267e-03 	 3 1 7 5
      3.08942803227480117852e-04 	 3 1 7 6
      1.09243331846917797120e-03 	 3 1 7 7
      5.01180335665246234206e-03 	 3 1 8 1
      9.62649141221619025939e-04 	 3 1 8 2
     -9.88454417032923974423e-04 	 3 1 8 3
      1.12053003505586143244e-03 	 3 1 8 4
     -1.09676660036824372146e-03 	 3 1 8 5
      4.87289640064654668798e-04 	 3 1 8 6
     -5.83615488939940511674e-04 	 3 1 8 7
      2.02774064705403935308e-03 	 3 1 8 8
     -4.40686097468274712990e-03 	 3 2 1 1
     -8.35931445559553597431e-04 	 3 2 2 1
     -2.18352279546345706338e-03 	 3 2 2 2
     -1.66686339067649352472e-03 	 3 2 3 1
      1.85457821472758853029e-03 	 3 2 3 2
     -1.65302186327844179148e-02 	 3 2 3 3
     -1.86395863117313630337e-04 	 3 2 4 1
      8.40252867049337158131e-04 	 3 2 4 2
      1.98138720471182239874e-03 	 3 2 4 3
      1.68286316637051582522e-03 	 3 2 4 4
     -7.91272001227991974258e-04 	 3 2 5 1
      2.46747381743141896981e-03 	 3 2 5 2
      1.37118565750816968039e-03 	 3 2 5 3
      6.43993953180756043865e-04 	 3 2 5 4
     -1.34758010625479394094e-03 	 3 2 5 5
     -4.92132442860846461632e-04 	 3 2 6 1
      1.70889514800455760007e-03 	 3 2 6 2
      2.34442192298495643774e-03 	 3 2 6 3
      1.66868901094619696661e-03 	 3 2 6 4
      8.42149051009314763422e-04 	 3 2 6 5
      5.37648475015871634558e-03 	 3 2 6 6
      2.44699406070555188376e-04 	 3 2 7 1
     -2.91443135578727278642e-03 	 3 2 7 2
     -8.39592802218518509741e-04 	 3 2 7 3
     -5.91030151448819615276e-04 	 3 2 7 4
     -1.46119704952322754937e-03 	 3 2 7 5
     -6.25940861249491714048e-04 	 3 2 7 6
     -3.34339827722397947909e-03 	 3 2 7 7
     -1.46559947715084177948e-03 	 3 2 8 1
     -5.69628718151836042037e-04 	 3 2 8 2
      4.27112227489481461988e-04 	 3 2 8 3
     -3.04604363106402407663e-04 	 3 2 8 4
      3.22447147462624371037e-04 	 3 2 8 5
     -2.03665428836970934315e-04 	 3 2 8 6
      3.46514313526186752603e-04 	 3 2 8 7
     -1.82874398653882098281e-03 	 3 2 8 8
      3.07292273823897510443e-01 	 3 3 1 1
      2.81653547212523842902e-03 	 3 3 2 1
      1.27527060265131136907e-01 	 3 3 2 2
      3.72784848354418829608e-02 	 3 3 3 1
     -1.65302186327844248537e-02 	 3 3 3 2
      6.55687867490708176099e-01 	 3 3 3 3
     -3.48861382565791595251e-03 	 3 3 4 1
      1.65064610523584453204e-03 	 3 3 4 2
     -2.90973746549347336843e-02 	 3 3 4 3
      1.41216054696965770399e-01 	 3 3 4 4
      7.56009268801843999086e-03 	 3 3 5 1
     -6.21424665634148689491e-03 	 3 3 5 2
     -2.04626201108875326040e-02 	 3 3 5 3
     -2.02808827540383726160e-03 	 3 3 5 4
      2.04507809776180271566e-01 	 3 3 5 5
      5.84891640980559571888e-04 	 3 3 6 1
      2.17911612437954999282e-04 	 3 3 6 2
     -2.95486565759058641967e-02 	 3 3 6 3
     -8.48364186050192610640e-04 	 3 3 6 4
     -1.34341880164164659620e-03 	 3 3 6 5
      1.19231890116454700146e-01 	 3 3 6 6
      4.57586130099046223263e-03 	 3 3 7 1
      7.66968940604159394453e-03 	 3 3 7 2
      8.01298744153292573367e-03 	 3 3 7 3
      4.13039454308916642589e-03 	 3 3 7 4
      7.26592684424687620948e-03 	 3 3 7 5
     -3.95751489513907449280e-04 	 3 3 7 6
      1.73224142995473173734e-01 	 3 3 7 7
      2.49964766255613493606e-02 	 3 3 8 1
      3.94604316687422428112e-03 	 3 3 8 2
     -8.19101170908583323116e-03 	 3 3 8 3
      2.57893085680694625003e-03 	 3 3 8 4
     -5.15156282349149910460e-03 	 3 3 8 5
      2.37245779644130105543e-03 	 3 3 8 6
      6.41293209149584723418e-04 	 3 3 8 7
      1.92326362809738582449e-01 	 3 3 8 8
     -5.28011970081241309438e-03 	 4 1 1 1
      3.54858689178707967845e-04 	 4 1 2 1
      5.58666408994460544912e-03 	 4 1 2 2
     -7.58814648881138507225e-04 	 4 1 3 1
     -1.86395863117310648781e-04 	 4 1 3 2
     -3.48861382565790337576e-03 	 4 1 3 3
      1.72001697057085002791e-03 	 4 1 4 1
     -1.30235776316569705924e-04 	 4 1 4 2
     -5.76097870669143685522e-04 	 4 1 4 3
      5.70331267262244069605e-03 	 4 1 4 4
     -1.17355590525178537890e-03 	 4 1 5 1
     -4.47529630765631516402e-04 	 4 1 5 2
      2.48612855738751937877e-04 	 4 1 5 3
     -3.37462634923612941808e-04 	 4 1 5 4
     -4.55405156552886932614e-03 	 4 1 5 5
      5.30676448479202125287e-04 	 4 1 6 1
     -1.06031941317010289108e-04 	 4 1 6 2
     -6.88635181175401228995e-04 	 4 1 6 3
     -9.19360565434820201786e-04 	 4 1 6 4
     -2.46429925950857216504e-04 	 4 1 6 5
      6.18673701988925635320e-03 	 4 1 6 6
     -1.11209949189951880395e-03 	 4 1 7 1
      1.05273209387142497283e-03 	 4 1 7 2
      2.43826768546323390105e-04 	 4 1 7 3
      4.65194624513694683079e-05 	 4 1 7 4
      2.00300227337914650647e-04 	 4 1 7 5
     -1.73222831168440398475e-05 	 4 1 7 6
      4.24837951237546675165e-03 	 4 1 7 7
     -2.14367097695026057047e-03 	 4 1 8 1
     -2.41006360302132682360e-04 	 4 1 8 2
      2.24563410157704862599e-04 	 4 1 8 3
     -1.06327062317932135443e-03 	 4 1 8 4
      3.05915251284150416754e-04 	 4 1 8 5
     -4.83723695281661214291e-04 	 4 1 8 6
      8.51897785738369556739e-04 	 4 1 8 7
      6.58250777883321452899e-03 	 4 1 8 8
      1.31532489092212783247e-03 	 4 2 1 1
      2.87826719145364066075e-05 	 4 2 2 1
     -3.19900786478463953696e-03 	 4 2 2 2
     -2.65777439514949473127e-04 	 4 2 3 1
      8.40252867049337158131e-04 	 4 2 3 2
      1.65064610523585819299e-03 	 4 2 3 3
     -1.30235776316573581947e-04 	 4 2 4 1
      1.45858903643793810616e-03 	 4 2 4 2
      7.14252371867241608004e-04 	 4 2 4 3
     -4.11336160209548485495e-03 	 4 2 4 4
     -3.12159282671498950791e-04 	 4 2 5 1
      9.72859329070856573320e-04 	 4 2 5 2
      4.04028270966830368918e-04 	 4 2 5 3
      4.64002965201876140661e-04 	 4 2 5 4
      3.88927026237697790172e-04 	 4 2 5 5
     -3.02767857174830528569e-04 	 4 2 6 1
      1.68850793852339062934e-03 	 4 2 6 2
      5.76153262563677977769e-04 	 4 2 6 3
      4.85715677553536125111e-04 	 4 2 6 4
      6.29470751019995679830e-04 	 4 2 6 5
      2.33958620917365783115e-03 	 4 2 6 6
     -1.43504970519721266573e-05 	 4 2 7 1
     -1.22088591890794745908e-03 	 4 2 7 2
     -3.44793052415513149971e-04 	 4 2 7 3
     -5.80845862145108315228e-04 	 4 2 7 4
     -3.06178564602725515609e-04 	 4 2 7 5
     -5.86589292801082090416e-04 	 4 2 7 6
     -3.26306739226782382968e-04 	 4 2 7 7
     -5.55788071600200580050e-04 	 4 2 8 1
     -6.26967489470896732415e-04 	 4 2 8 2
      1.41565028066341504860e-04 	 4 2 8 3
     -3.06555800468879949879e-04 	 4 2 8 4
      6.04515324170624109078e-05 	 4 2 8 5
     -1.83481562496666365542e-04 	 4 2 8 6
      5.90870517594304723100e-04 	 4 2 8 7
      1.09185436798554824124e-03 	 4 2 8 8
     -1.22242173139769129409e-02 	 4 3 1 1
     -7.90322144236175398550e-04 	 4 3 2 1
      6.62876761454042704585e-03 	 4 3 2 2
     -3.30390209478752380420e-03 	 4 3 3 1
      1.98138720471181936297e-03 	 4 3 3 2
     -2.90973746549347059287e-02 	 4 3 3 3
     -5.76097870669142059219e-04 	 4 3 4 1
      7.14252371867239873281e-04 	 4 3 4 2
      4.67986669222239960036e-03 	 4 3 4 3
     -1.07264727722043186342e-02 	 4 3 4 4
     -1.74985176964429639535e-03 	 4 3 5 1
      3.12608386115692526985e-03 	 4 3 5 2
      2.46794621147690233787e-03 	 4 3 5 3
      1.13026030956061640867e-03 	 4 3 5 4
     -7.26714322270543590376e-03 	 4 3 5 5
     -1.05191336153218832454e-03 	 4 3 6 1
      1.25677420954585180625e-03 	 4 3 6 2
      4.88475540674510651934e-03 	 4 3 6 3
      4.20164836513626550885e-03 	 4 3 6 4
      1.45800963647770768887e-03 	 4 3 6 5
      6.30917996515769751581e-03 	 4 3 6 6
      1.95532829276775203678e-04 	 4 3 7 1
     -3.81127842390928568694e-03 	 4 3 7 2
     -1.21180619234734156427e-03 	 4 3 7 3
     -9.79416387101773259355e-04 	 4 3 7 4
     -2.55459177549077114458e-03 	 4 3 7 5
     -2.98394315567495043828e-04 	 4 3 7 6
     -1.83228940993848004627e-03 	 4 3 7 7
     -3.46800479171821204871e-03 	 4 3 8 1
     -7.70224870432644056692e-04 	 4 3 8 2
      9.91964736465623204628e-04 	 4 3 8 3
     -5.33781763234733217481e-04 	 4 3 8 4
      7.35227965978591142815e-04 	 4 3 8 5
     -8.71648437841618145723e-04 	 4 3 8 6
      5.44823451769542183715e-04 	 4 3 8 7
     -7.67400053199216673067e-03 	 4 3 8 8
      1.88651273707373612343e-01 	 4 4 1 1
      6.12190979628034594520e-04 	 4 4 2 1
      1.72511527494837946239e-01 	 4 4 2 2
     -3.43274627710762631622e-03 	 4 4 3 1
      1.68286316637050975369e-03 	 4 4 3 2
      1.41216054696965936932e-01 	 4 4 3 3
      5.70331267262242681826e-03 	 4 4 4 1
     -4.11336160209547271188e-03 	 4 4 4 2
     -1.07264727722043359814e-02 	 4 4 4 3
      4.13879651468872677977e-01 	 4 4 4 4
      1.09567592983628343817e-03 	 4 4 5 1
     -3.28939597503501743141e-04 	 4 4 5 2
      4.19371524908825098806e-04 	 4 4 5 3
     -1.49559281046955823424e-03 	 4 4 5 4
      1.73245744736244683404e-01 	 4 4 5 5
      2.96412344141726942157e-03 	 4 4 6 1
     -3.50972499913065200117e-03 	 4 4 6 2
     -5.55156880641071489441e-03 	 4 4 6 3
     -1.72527812713112391196e-02 	 4 4 6 4
     -3.33156878595343344113e-03 	 4 4 6 5
      2.59081826056449693318e-01 	 4 4 6 6
     -4.25046796459473651131e-03 	 4 4 7 1
     -1.91951645084221514045e-03 	 4 4 7 2
      5.80324791560376824356e-04 	 4 4 7 3
      8.25396246146177341163e-03 	 4 4 7 4
      1.83609700919331046871e-03 	 4 4 7 5
      3.03133414161898867480e-04 	 4 4 7 6
      1.80003472375605655387e-01 	 4 4 7 7
      2.79332790684892100577e-03 	 4 4 8 1
     -8.18212293887075610248e-04 	 4 4 8 2
     -2.74373296911263261921e-03 	 4 4 8 3
     -4.96066339318221218718e-03 	 4 4 8 4
     -1.52856262993915251007e-03 	 4 4 8 5
      6.95771554382723471377e-03 	 4 4 8 6
      2.46785665088924000953e-04 	 4 4 8 7
      2.61638096316877788450e-01 	 4 4 8 8
      2.34910517463179611963e-02 	 5 1 1 1
      2.78102630365765568846e-04 	 5 1 2 1
     -9.92360947740883632406e-03 	 5 1 2 2
      1.08638291879376751650e-03 	 5 1 3 1
     -7.91272001227988179550e-04 	 5 1 3 2
      7.56009268801845647073e-03 	 5 1 3 3
     -1.17355590525178060841e-03 	 5 1 4 1
     -3.12159282671496999227e-04 	 5 1 4 2
     -1.74985176964429032381e-03 	 5 1 4 3
      1.09567592983626522357e-03 	 5 1 4 4
      7.72329878194521254192e-03 	 5 1 5 1
     -3.47065423447331239393e-03 	 5 1 5 2
     -2.76537947072087991057e-03 	 5 1 5 3
     -1.20797057179185198146e-03 	 5 1 5 4
      3.72799593248073976581e-02 	 5 1 5 5
      5.84696573495009077823e-04 	 5 1 6 1
     -7.42369077364377484389e-04 	 5 1 6 2
     -1.99759183074935987856e-03 	 5 1 6 3
     -2.50628157819624431540e-03 	 5 1 6 4
     -1.66376612032411428689e-03 	 5 1 6 5
     -8.13701441010110035346e-03 	 5 1 6 6
      7.64316139515293217245e-04 	 5 1 7 1
      1.76833266182358970174e-03 	 5 1 7 2
      6.22743622691968555516e-04 	 5 1 7 3
      7.14289729788948569641e-04 	 5 1 7 4
      3.30285797181378458151e-03 	 5 1 7 5
      2.62707581947075913698e-04 	 5 1 7 6
     -3.43480226444354630813e-03 	 5 1 7 7
      5.01220829785863769557e-03 	 5 1 8 1
      4.87407437488279683853e-04 	 5 1 8 2
     -1.09698051797338640839e-03 	 5 1 8 3
      5.78844391278368771390e-04 	 5 1 8 4
     -9.87735768202780903269e-04 	 5 1 8 5
      9.62697647724075318901e-04 	 5 1 8 6
     -1.12458613757336384383e-03 	 5 1 8 7
      2.02703710261038132570e-03 	 5 1 8 8
     -1.15372640926669333544e-02 	 5 2 1 1
     -1.54668495934191861478e-03 	 5 2 2 1
     -3.04643424443828145579e-03 	 5 2 2 2
     -2.00007863021859190814e-03 	 5 2 3 1
      2.46747381743141680141e-03 	 5 2 3 2
     -6.21424665634147301713e-03 	 5 2 3 3
     -4.47529630765633467965e-04 	 5 2 4 1
      9.72859329070853645974e-04 	 5 2 4 2
      3.12608386115692960666e-03 	 5 2 4 3
     -3.28939597503515404088e-04 	 5 2 4 4
     -3.47065423447331846546e-03 	 5 2 5 1
      7.20616769269893323729e-03 	 5 2 5 2
      2.79804335898432626414e-03 	 5 2 5 3
      1.48434800155696367679e-03 	 5 2 5 4
     -2.95615123583211278357e-02 	 5 2 5 5
     -1.13757210992601045726e-03 	 5 2 6 1
      2.63563141271727684536e-03 	 5 2 6 2
      3.91862381796843559090e-03 	 5 2 6 3
      4.80466644190056298841e-03 	 5 2 6 4
      2.34101719119027707611e-03 	 5 2 6 5
      9.51743734893600173974e-03 	 5 2 6 6
      6.83721299305743474180e-04 	 5 2 7 1
     -6.93080386083504747935e-03 	 5 2 7 2
     -1.30815457103086491171e-03 	 5 2 7 3
     -7.73304926881802478372e-04 	 5 2 7 4
     -4.88840941155468337170e-03 	 5 2 7 5
     -5.65590454133394339269e-04 	 5 2 7 6
     -5.56173696483723903339e-03 	 5 2 7 7
     -3.61233740031833292297e-03 	 5 2 8 1
     -1.36104929149181703811e-03 	 5 2 8 2
      7.47378505957385077738e-04 	 5 2 8 3
     -4.29456556153992639966e-04 	 5 2 8 4
      9.41157833905288546475e-04 	 5 2 8 5
     -7.01445138739955481588e-04 	 5 2 8 6
      8.48088201893658680773e-04 	 5 2 8 7
     -5.94418259237522016852e-03 	 5 2 8 8
     -1.53117770538006760933e-02 	 5 3 1 1
     -5.75591205094386432553e-04 	 5 3 2 1
      7.13205147600499446414e-03 	 5 3 2 2
     -2.76574347419275990562e-03 	 5 3 3 1
      1.37118565750816772883e-03 	 5 3 3 2
     -2.04626201108875499513e-02 	 5 3 3 3
      2.48612855738748360010e-04 	 5 3 4 1
      4.04028270966831344699e-04 	 5 3 4 2
      2.46794621147690147051e-03 	 5 3 4 3
      4.19371524908817455181e-04 	 5 3 4 4
     -2.76537947072088468106e-03 	 5 3 5 1
      2.79804335898431975893e-03 	 5 3 5 2
      2.43931897289811298185e-03 	 5 3 5 3
      9.51454390084134822049e-04 	 5 3 5 4
     -2.04625380926061091469e-02 	 5 3 5 5
     -5.74049143925531627462e-04 	 5 3 6 1
      8.69206281847983617227e-04 	 5 3 6 2
      2.79582277588503536406e-03 	 5 3 6 3
      2.29265673190727232306e-03 	 5 3 6 4
      1.36861430731702923141e-03 	 5 3 6 5
      7.12640563342668321989e-03 	 5 3 6 6
     -2.52421009729868021931e-04 	 5 3 7 1
     -2.29418299921121168067e-03 	 5 3 7 2
     -9.49486221314115507938e-04 	 5 3 7 3
     -7.50485751102235049831e-04 	 5 3 7 4
     -2.46700452142356672219e-03 	 5 3 7 5
     -3.99849023174239464034e-04 	 5 3 7 6
      4.24177265896473487412e-04 	 5 3 7 7
     -3.78733101807208561232e-03 	 5 3 8 1
     -5.44753412872403292196e-04 	 5 3 8 2
      7.98818864397193872419e-04 	 5 3 8 3
     -5.41406423730064517881e-04 	 5 3 8 4
      7.98607762396795115532e-04 	 5 3 8 5
     -5.43881905753952057600e-04 	 5 3 8 6
      5.45191018901814241672e-04 	 5 3 8 7
     -3.35375561038982238429e-03 	 5 3 8 8
     -5.59784567170117011020e-03 	 5 4 1 1
     -3.80278970694969994763e-04 	 5 4 2 1
      1.70879101903287974190e-03 	 5 4 2 2
     -6.24322981443956232829e-04 	 5 4 3 1
      6.43993953180754417562e-04 	 5 4 3 2
     -2.02808827540383552687e-03 	 5 4 3 3
     -3.37462634923626223285e-04 	 5 4 4 1
      4.64002965201872942264e-04 	 5 4 4 2
      1.13026030956062031180e-03 	 5 4 4 3
     -1.49559281046954674170e-03 	 5 4 4 4
     -1.20797057179185718563e-03 	 5 4 5 1
      1.48434800155696280943e-03 	 5 4 5 2
      9.51454390084136123092e-04 	 5 4 5 3
      7.87040425771749589667e-04 	 5 4 5 4
     -8.04055059679794313643e-03 	 5 4 5 5
     -5.67381856527292174723e-04 	 5 4 6 1
      6.78892268060688180292e-04 	 5 4 6 2
      1.30896606668867232851e-03 	 5 4 6 3
      1.50372119871223456494e-03 	 5 4 6 4
      8.39876466865658796723e-04 	 5 4 6 5
      1.86363279062303930853e-03 	 5 4 6 6
      2.42554497911853724238e-04 	 5 4 7 1
     -1.33167234652843214163e-03 	 5 4 7 2
     -5.45522999577520038492e-04 	 5 4 7 3
     -4.98711495879907763286e-04 	 5 4 7 4
     -1.21467712766582728971e-03 	 5 4 7 5
     -3.41990655349913954316e-04 	 5 4 7 6
     -5.76849826862216980526e-04 	 5 4 7 7
     -1.14398968247011968355e-03 	 5 4 8 1
     -1.87492250881045254170e-04 	 5 4 8 2
      2.80249758062949374301e-04 	 5 4 8 3
      3.47726793447018002616e-06 	 5 4 8 4
      2.22906521876594900444e-04 	 5 4 8 5
     -1.38509611430861031460e-04 	 5 4 8 6
      1.20518182668700316105e-04 	 5 4 8 7
     -3.35471081369499669542e-03 	 5 4 8 8
      3.07295262923981904457e-01 	 5 5 1 1
      5.91632227247817490609e-04 	 5 5 2 1
      1.19238191216730404776e-01 	 5 5 2 2
      7.56189580394931067098e-03 	 5 5 3 1
     -1.34758010625479285674e-03 	 5 5 3 2
      2.04507809776180160544e-01 	 5 5 3 3
     -4.55405156552886845878e-03 	 5 5 4 1
      3.88927026237682936603e-04 	 5 5 4 2
     -7.26714322270544284266e-03 	 5 5 4 3
      1.73245744736244405848e-01 	 5 5 4 4
      3.72799593248073421470e-02 	 5 5 5 1
     -2.95615123583211313052e-02 	 5 5 5 2
     -2.04625380926061056774e-02 	 5 5 5 3
     -8.04055059679792578919e-03 	 5 5 5 4
      6.55669904753623966620e-01 	 5 5 5 5
      2.80883937949744739646e-03 	 5 5 6 1
      2.17543673309378684036e-04 	 5 5 6 2
     -6.20903196177099211267e-03 	 5 5 6 3
     -7.66374560065540954418e-03 	 5 5 6 4
     -1.65072487457453669080e-02 	 5 5 6 5
      1.27535482956389112363e-01 	 5 5 6 6
      3.50964311364590107398e-03 	 5 5 7 1
      8.48990684706371233001e-04 	 5 5 7 2
      2.02371318246881990235e-03 	 5 5 7 3
      4.13037625026069655371e-03 	 5 5 7 4
      2.90853496556363680381e-02 	 5 5 7 5
     -1.65750280514652989332e-03 	 5 5 7 6
      1.41212170841809592226e-01 	 5 5 7 7
      2.49968516093996735716e-02 	 5 5 8 1
      2.37423706887120210610e-03 	 5 5 8 2
     -5.15205647539318696559e-03 	 5 5 8 3
     -6.63481611518362802103e-04 	 5 5 8 4
     -8.18333831023452043518e-03 	 5 5 8 5
      3.94326291051342887189e-03 	 5 5 8 6
     -2.59096302711234183214e-03 	 5 5 8 7
      1.92331991380609773623e-01 	 5 5 8 8
      5.42747669898879965544e-03 	 6 1 1 1
      4.61196317873236447723e-04 	 6 1 2 1
     -1.87991796094853487551e-04 	 6 1 2 2
      2.75931196536147800742e-04 	 6 1 3 1
     -4.92132442860845160590e-04 	 6 1 3 2
      5.84891640980572582315e-04 	 6 1 3 3
      5.30676448479191500106e-04 	 6 1 4 1
     -3.02767857174845056879e-04 	 6 1 4 2
     -1.05191336153218463825e-03 	 6 1 4 3
      2.96412344141732059591e-03 	 6 1 4 4
      5.84696573495012005169e-04 	 6 1 5 1
     -1.13757210992601739616e-03 	 6 1 5 2
     -5.74049143925531519042e-04 	 6 1 5 3
     -5.67381856527291957883e-04 	 6 1 5 4
      2.80883937949743004922e-03 	 6 1 5 5
      1.38622340380850921256e-03 	 6 1 6 1
     -4.25336629783221674937e-04 	 6 1 6 2
     -1.54272874401848239523e-03 	 6 1 6 3
     -1.48001213963125334214e-03 	 6 1 6 4
     -8.33074189782458682588e-04 	 6 1 6 5
      1.20518270216943756620e-03 	 6 1 6 6
     -3.55430288334897032023e-04 	 6 1 7 1
      1.28974660188497028401e-03 	 6 1 7 2
      3.79108178371842540789e-04 	 6 1 7 3
      2.75643249658251920323e-04 	 6 1 7 4
      7.88839958875582180492e-04 	 6 1 7 5
     -3.47558946868865969852e-05 	 6 1 7 6
      6.16552668118824399868e-04 	 6 1 7 7
      4.61136256911687518901e-04 	 6 1 8 1
     -7.35695676940574392255e-05 	 6 1 8 2
     -2.17020166337982429181e-04 	 6 1 8 3
     -2.10907507335057135388e-04 	 6 1 8 4
     -5.25853864255173159567e-05 	 6 1 8 5
     -6.35626048483026108611e-04 	 6 1 8 6
     -5.08398993384549955976e-06 	 6 1 8 7
      3.68272561001695792823e-03 	 6 1 8 8
     -9.72044978695985886167e-05 	 6 2 1 1
     -4.26636706126999522976e-04 	 6 2 2 1
     -4.11308563916659795240e-03 	 6 2 2 2
     -7.42517036737537104371e-04 	 6 2 3 1
      1.70889514800456020216e-03 	 6 2 3 2
      2.17911612437950797999e-04 	 6 2 3 3
     -1.06031941317013121587e-04 	 6 2 4 1
      1.68850793852339366510e-03 	 6 2 4 2
      1.25677420954585397465e-03 	 6 2 4 3
     -3.50972499913070187447e-03 	 6 2 4 4
     -7.42369077364374665463e-04 	 6 2 5 1
      2.63563141271728508530e-03 	 6 2 5 2
      8.69206281847984918269e-04 	 6 2 5 3
      6.78892268060689698175e-04 	 6 2 5 4
      2.17543673309369224372e-04 	 6 2 5 5
     -4.25336629783256477827e-04 	 6 2 6 1
      4.77787306811043848559e-03 	 6 2 6 2
      2.63270134017593157236e-03 	 6 2 6 3
      3.15663739366378592877e-03 	 6 2 6 4
      1.70579609674968539490e-03 	 6 2 6 5
     -4.11518310751560895122e-03 	 6 2 6 6
      1.03512114024952505895e-04 	 6 2 7 1
     -3.15869073501849400784e-03 	 6 2 7 2
     -6.77931031536966178901e-04 	 6 2 7 3
     -8.39313113343217358578e-04 	 6 2 7 4
     -1.25529799471660644637e-03 	 6 2 7 5
     -1.68239571860666044592e-03 	 6 2 7 6
     -3.51104416151616985364e-03 	 6 2 7 7
     -1.80387440575315938576e-03 	 6 2 8 1
     -1.44179508036308646687e-03 	 6 2 8 2
      3.11232936727614791297e-04 	 6 2 8 3
     -7.38957755059821571296e-04 	 6 2 8 4
      3.11740357810379544769e-04 	 6 2 8 5
     -1.44035594093529662613e-03 	 6 2 8 6
      7.41716523862148767281e-04 	 6 2 8 7
     -1.60907065639740473433e-03 	 6 2 8 8
     -1.15304705676248352847e-02 	 6 3 1 1
     -1.13754123291894904471e-03 	 6 3 2 1
      9.51387686018232217600e-03 	 6 3 2 2
     -3.46927472511743793804e-03 	 6 3 3 1
      2.34442192298495253461e-03 	 6 3 3 2
     -2.95486565759058954217e-02 	 6 3 3 3
     -6.88635181175394832202e-04 	 6 3 4 1
      5.76153262563682748258e-04 	 6 3 4 2
      4.88475540674510912142e-03 	 6 3 4 3
     -5.55156880641071315968e-03 	 6 3 4 4
     -1.99759183074935597543e-03 	 6 3 5 1
      3.91862381796844079507e-03 	 6 3 5 2
      2.79582277588503579774e-03 	 6 3 5 3
      1.30896606668866972642e-03 	 6 3 5 4
     -6.20903196177098951059e-03 	 6 3 5 5
     -1.54272874401848716572e-03 	 6 3 6 1
      2.63270134017590771991e-03 	 6 3 6 2
      7.19057923766452077030e-03 	 6 3 6 3
      6.91438776689089207306e-03 	 6 3 6 4
      2.45802249637805479004e-03 	 6 3 6 5
     -3.03920184862538095977e-03 	 6 3 6 6
      4.41608627479122390312e-04 	 6 3 7 1
     -4.80367190355971817456e-03 	 6 3 7 2
     -1.47935087000155857800e-03 	 6 3 7 3
     -7.72657031214964043313e-04 	 6 3 7 4
     -3.12191386540418584425e-03 	 6 3 7 5
     -9.57524965441031118349e-04 	 6 3 7 6
     -3.26521135810829026859e-04 	 6 3 7 7
     -3.60949996905152517557e-03 	 6 3 8 1
     -7.05033548782867005959e-04 	 6 3 8 2
      9.41476127028239282747e-04 	 6 3 8 3
     -8.39981890766713381290e-04 	 6 3 8 4
      7.46502969201464651981e-04 	 6 3 8 5
     -1.35398249078659527710e-03 	 6 3 8 6
      4.35760960995459087700e-04 	 6 3 8 7
     -5.93604539904581986198e-03 	 6 3 8 8
     -6.64998411026609861224e-03 	 6 4 1 1
     -1.28988359615723243573e-03 	 6 4 2 1
      1.21226227614416297990e-02 	 6 4 2 2
     -1.76850048213995133389e-03 	 6 4 3 1
      1.66868901094619328032e-03 	 6 4 3 2
     -8.48364186050215270465e-04 	 6 4 3 3
     -9.19360565434805890317e-04 	 6 4 4 1
      4.85715677553564856468e-04 	 6 4 4 2
      4.20164836513626030468e-03 	 6 4 4 3
     -1.72527812713112807530e-02 	 6 4 4 4
     -2.50628157819627033626e-03 	 6 4 5 1
      4.80466644190056645786e-03 	 6 4 5 2
      2.29265673190727449146e-03 	 6 4 5 3
      1.50372119871222328924e-03 	 6 4 5 4
     -7.66374560065537658443e-03 	 6 4 5 5
     -1.48001213963130560068e-03 	 6 4 6 1
      3.15663739366369182002e-03 	 6 4 6 2
      6.91438776689092676753e-03 	 6 4 6 3
      1.41351540085205267666e-02 	 6 4 6 4
      2.90342927482465989683e-03 	 6 4 6 5
     -6.06117411919663683778e-03 	 6 4 6 6
      1.04589416035917766312e-03 	 6 4 7 1
     -5.56921184278098228143e-03 	 6 4 7 2
     -1.32817976095905105824e-03 	 6 4 7 3
     -1.07312276546815276064e-03 	 6 4 7 4
     -3.80716242507965572234e-03 	 6 4 7 5
     -1.20242524357123264922e-03 	 6 4 7 6
      1.92279872816509666417e-03 	 6 4 7 7
     -3.82502054108927857373e-03 	 6 4 8 1
     -6.19606948063547565905e-04 	 6 4 8 2
      7.97006060237341975618e-04 	 6 4 8 3
     -1.33781167208094401398e-04 	 6 4 8 4
      7.54293510831642892087e-04 	 6 4 8 5
     -2.03657684948081946566e-03 	 6 4 8 6
      1.02781608876958995870e-03 	 6 4 8 7
     -1.00106230978338900384e-02 	 6 4 8 8
     -4.39818753464599632858e-03 	 6 5 1 1
     -4.91690524745812696655e-04 	 6 5 2 1
      5.37009979437694066895e-03 	 6 5 2 2
     -7.89707649085864544884e-04 	 6 5 3 1
      8.42149051009312486597e-04 	 6 5 3 2
     -1.34341880164165570349e-03 	 6 5 3 3
     -2.46429925950849843929e-04 	 6 5 4 1
      6.29470751020001209261e-04 	 6 5 4 2
      1.45800963647770421942e-03 	 6 5 4 3
     -3.33156878595342693591e-03 	 6 5 4 4
     -1.66376612032411298585e-03 	 6 5 5 1
      2.34101719119028141292e-03 	 6 5 5 2
      1.36861430731702836405e-03 	 6 5 5 3
      8.39876466865656736739e-04 	 6 5 5 4
     -1.65072487457453634385e-02 	 6 5 5 5
     -8.33074189782469849870e-04 	 6 5 6 1
      1.70579609674966631294e-03 	 6 5 6 2
      2.45802249637806042790e-03 	 6 5 6 3
      2.90342927482464992217e-03 	 6 5 6 4
      1.84787940662566258290e-03 	 6 5 6 5
     -2.17554411782523845695e-03 	 6 5 6 6
      1.83896419725650139571e-04 	 6 5 7 1
     -1.66436427801223843850e-03 	 6 5 7 2
     -6.41732634562003747061e-04 	 6 5 7 3
     -5.90152578182069208375e-04 	 6 5 7 4
     -1.97624679627329434203e-03 	 6 5 7 5
     -8.33236314072164762495e-04 	 6 5 7 6
      1.68129617148194440528e-03 	 6 5 7 7
     -1.46183598099628299198e-03 	 6 5 8 1
     -2.03821553550381258510e-04 	 6 5 8 2
      3.21764037897653159843e-04 	 6 5 8 3
     -3.42635617706712211714e-04 	 6 5 8 4
      4.25908368994249017167e-04 	 6 5 8 5
     -5.66031646112579605624e-04 	 6 5 8 6
      3.05785197402320605125e-04 	 6 5 8 7
     -1.82150351183289717014e-03 	 6 5 8 8
      1.50907465966049231243e-01 	 6 6 1 1
     -1.99080918092782568679e-04 	 6 6 2 1
      2.09014496991537124249e-01 	 6 6 2 2
     -9.91959386155593682288e-03 	 6 6 3 1
      5.37648475015870333515e-03 	 6 6 3 2
      1.19231890116454755657e-01 	 6 6 3 3
      6.18673701988925288375e-03 	 6 6 4 1
      2.33958620917363137662e-03 	 6 6 4 2
      6.30917996515769838317e-03 	 6 6 4 3
      2.59081826056449415763e-01 	 6 6 4 4
     -8.13701441010112117014e-03 	 6 6 5 1
      9.51743734893599306612e-03 	 6 6 5 2
      7.12640563342669102614e-03 	 6 6 5 3
      1.86363279062306424518e-03 	 6 6 5 4
      1.27535482956388890319e-01 	 6 6 5 5
      1.20518270216949936573e-03 	 6 6 6 1
     -4.11518310751553262339e-03 	 6 6 6 2
     -3.03920184862546943066e-03 	 6 6 6 3
     -6.06117411919669842046e-03 	 6 6 6 4
     -2.17554411782529526914e-03 	 6 6 6 5
      3.79622648770964632448e-01 	 6 6 6 6
     -5.61183760245938679373e-03 	 6 6 7 1
     -1.21208785798387203014e-02 	 6 6 7 2
     -1.69287803951134697630e-03 	 6 6 7 3
     -9.33109104341212102808e-04 	 6 6 7 4
     -6.61934885503454202571e-03 	 6 6 7 5
      3.18173460666301309227e-03 	 6 6 7 6
      1.72528244440100120283e-01 	 6 6 7 7
     -2.03551471981766388120e-02 	 6 6 8 1
     -5.97920494695475864683e-03 	 6 6 8 2
      2.50680101717149330168e-03 	 6 6 8 3
     -7.34589702018192871463e-03 	 6 6 8 4
      3.16091673947021612259e-03 	 6 6 8 5
      2.77867441835856184354e-03 	 6 6 8 6
      8.34298726322560933732e-03 	 6 6 8 7
      1.98970010616504239254e-01 	 6 6 8 8
      5.32054383141241770544e-03 	 7 1 1 1
     -5.28061421083825168615e-04 	 7 1 2 1
     -6.19172188784092043107e-03 	 7 1 2 2
      1.17861931600460475254e-03 	 7 1 3 1
      2.44699406070549713155e-04 	 7 1 3 2
      4.57586130099045442637e-03 	 7 1 3 3
     -1.11209949189951251558e-03 	 7 1 4 1
     -1.43504970519609475164e-05 	 7 1 4 2
      1.95532829276773794215e-04 	 7 1 4 3
     -4.25046796459476166480e-03 	 7 1 4 4
      7.64316139515292891984e-04 	 7 1 5 1
      6.83721299305743691020e-04 	 7 1 5 2
     -2.52421009729867479830e-04 	 7 1 5 3
      2.42554497911842421431e-04 	 7 1 5 4
      3.50964311364590020662e-03 	 7 1 5 5
     -3.55430288334922836035e-04 	 7 1 6 1
      1.03512114024940647433e-04 	 7 1 6 2
      4.41608627479138815975e-04 	 7 1 6 3
      1.04589416035923881212e-03 	 7 1 6 4
      1.83896419725662933157e-04 	 7 1 6 5
     -5.61183760245945358058e-03 	 7 1 6 6
      1.72247786582215337524e-03 	 7 1 7 1
     -9.13359890335850165173e-04 	 7 1 7 2
     -3.36161131479056018122e-04 	 7 1 7 3
     -4.48691538380181369249e-05 	 7 1 7 4
     -5.70489573157728722258e-04 	 7 1 7 5
     -1.25253148211202887993e-04 	 7 1 7 6
     -5.67701272809163597077e-03 	 7 1 7 7
      2.15663840644799613758e-03 	 7 1 8 1
      4.84401429766472381780e-04 	 7 1 8 2
     -3.08142453158867545612e-04 	 7 1 8 3
      8.54350508001841904039e-04 	 7 1 8 4
     -2.27180345289561025661e-04 	 7 1 8 5
      2.45124058147128327020e-04 	 7 1 8 6
     -1.06537696952675297463e-03 	 7 1 8 7
     -6.56817928175587682077e-03 	 7 1 8 8
      6.65618745217638058120e-03 	 7 2 1 1
      1.48422955442390792913e-03 	 7 2 2 1
      6.06412622167252970268e-03 	 7 2 2 2
      2.50837869147113503437e-03 	 7 2 3 1
     -2.91443135578726714857e-03 	 7 2 3 2
      7.66968940604156445423e-03 	 7 2 3 3
      1.05273209387142518967e-03 	 7 2 4 1
     -1.22088591890794355595e-03 	 7 2 4 2
     -3.81127842390928048277e-03 	 7 2 4 3
     -1.91951645084220906892e-03 	 7 2 4 4
      1.76833266182357885972e-03 	 7 2 5 1
     -6.93080386083504140782e-03 	 7 2 5 2
     -2.29418299921120387441e-03 	 7 2 5 3
     -1.33167234652843452687e-03 	 7 2 5 4
      8.48990684706316697632e-04 	 7 2 5 5
      1.28974660188494382948e-03 	 7 2 6 1
     -3.15869073501850007937e-03 	 7 2 6 2
     -4.80367190355970516413e-03 	 7 2 6 3
     -5.56921184278094238279e-03 	 7 2 6 4
     -1.66436427801222933121e-03 	 7 2 6 5
     -1.21208785798387289750e-02 	 7 2 6 6
     -9.13359890335858079849e-04 	 7 2 7 1
      1.41540677195197313332e-02 	 7 2 7 2
      1.50126211372599949016e-03 	 7 2 7 3
      1.07146292074816783593e-03 	 7 2 7 4
      4.20555604820851362119e-03 	 7 2 7 5
      4.70615454201901803766e-04 	 7 2 7 6
      1.72670095826211664192e-02 	 7 2 7 7
      3.82588956445999682499e-03 	 7 2 8 1
      2.04531413006479260291e-03 	 7 2 8 2
     -7.54793610314576893412e-04 	 7 2 8 3
      1.01950907243895114510e-03 	 7 2 8 4
     -7.96022187740905899991e-04 	 7 2 8 5
      6.14456998053778064364e-04 	 7 2 8 6
     -1.45561706853791154436e-04 	 7 2 8 7
      1.00203933816404595208e-02 	 7 2 8 8
      5.58932984971094622140e-03 	 7 3 1 1
      5.67177523708021266019e-04 	 7 3 2 1
     -1.86451935619643869267e-03 	 7 3 2 2
      1.20512225074933219948e-03 	 7 3 3 1
     -8.39592802218515690815e-04 	 7 3 3 2
      8.01298744153292399894e-03 	 7 3 3 3
      2.43826768546321438541e-04 	 7 3 4 1
     -3.44793052415518408351e-04 	 7 3 4 2
     -1.21180619234733982954e-03 	 7 3 4 3
      5.80324791560407398858e-04 	 7 3 4 4
      6.22743622691970832340e-04 	 7 3 5 1
     -1.30815457103086404435e-03 	 7 3 5 2
     -9.49486221314116700561e-04 	 7 3 5 3
     -5.45522999577514617481e-04 	 7 3 5 4
      2.02371318246881556555e-03 	 7 3 5 5
      3.79108178371855388585e-04 	 7 3 6 1
     -6.77931031536959456847e-04 	 7 3 6 2
     -1.47935087000156530006e-03 	 7 3 6 3
     -1.32817976095907621173e-03 	 7 3 6 4
     -6.41732634562009493333e-04 	 7 3 6 5
     -1.69287803951132225649e-03 	 7 3 6 6
     -3.36161131479055150760e-04 	 7 3 7 1
      1.50126211372599710492e-03 	 7 3 7 2
      7.85284310827637742347e-04 	 7 3 7 3
      4.98190777663547624404e-04 	 7 3 7 4
      1.12831615945151978071e-03 	 7 3 7 5
      4.60449364347903229537e-04 	 7 3 7 6
      1.48572111365702060407e-03 	 7 3 7 7
      1.14029140474001308009e-03 	 7 3 8 1
      1.38982529024846016355e-04 	 7 3 8 2
     -2.22282977792702461477e-04 	 7 3 8 3
      1.18404685409454317750e-04 	 7 3 8 4
     -2.79232232205413072757e-04 	 7 3 8 5
      1.86433818319708553748e-04 	 7 3 8 6
      2.43761856680910913694e-06 	 7 3 8 7
      3.35035143130362920647e-03 	 7 3 8 8
      5.58755154924478209671e-03 	 7 4 1 1
      2.77134553729110855950e-04 	 7 4 2 1
     -9.47711565912551690168e-04 	 7 4 2 2
      7.13740286836503042868e-04 	 7 4 3 1
     -5.91030151448823084723e-04 	 7 4 3 2
      4.13039454308919678355e-03 	 7 4 3 3
      4.65194624513583078018e-05 	 7 4 4 1
     -5.80845862145120891973e-04 	 7 4 4 2
     -9.79416387101773693036e-04 	 7 4 4 3
      8.25396246146179943248e-03 	 7 4 4 4
      7.14289729788943690732e-04 	 7 4 5 1
     -7.73304926881814946697e-04 	 7 4 5 2
     -7.50485751102234182469e-04 	 7 4 5 3
     -4.98711495879899523349e-04 	 7 4 5 4
      4.13037625026073992179e-03 	 7 4 5 5
      2.75643249658288186886e-04 	 7 4 6 1
     -8.39313113343201854487e-04 	 7 4 6 2
     -7.72657031214982583170e-04 	 7 4 6 3
     -1.07312276546819070772e-03 	 7 4 6 4
     -5.90152578182083953524e-04 	 7 4 6 5
     -9.33109104341169168402e-04 	 7 4 6 6
     -4.48691538380251029238e-05 	 7 4 7 1
      1.07146292074819689255e-03 	 7 4 7 2
      4.98190777663554021197e-04 	 7 4 7 3
      1.67216508947277270325e-03 	 7 4 7 4
      9.78977533990504607611e-04 	 7 4 7 5
      5.79325588135451256810e-04 	 7 4 7 6
      8.23790967600123401338e-03 	 7 4 7 7
      2.37862743663632596539e-03 	 7 4 8 1
      6.73129891509504849068e-04 	 7 4 8 2
     -5.82278164543712623523e-04 	 7 4 8 3
     -7.41745895803237829252e-05 	 7 4 8 4
     -5.82549698168737038577e-04 	 7 4 8 5
      6.74695036801707410251e-04 	 7 4 8 6
      6.92396400854978214716e-05 	 7 4 8 7
      1.14034902950036539510e-02 	 7 4 8 8
      1.22229622875898637918e-02 	 7 5 1 1
      1.05270746799156211804e-03 	 7 5 2 1
     -6.31419464071101155939e-03 	 7 5 2 2
      1.74961594055574477108e-03 	 7 5 3 1
     -1.46119704952322386309e-03 	 7 5 3 2
      7.26592684424685539279e-03 	 7 5 3 3
      2.00300227337912319613e-04 	 7 5 4 1
     -3.06178564602728930846e-04 	 7 5 4 2
     -2.55459177549077027722e-03 	 7 5 4 3
      1.83609700919332911699e-03 	 7 5 4 4
      3.30285797181378414783e-03 	 7 5 5 1
     -4.88840941155468337170e-03 	 7 5 5 2
     -2.46700452142356715587e-03 	 7 5 5 3
     -1.21467712766582035082e-03 	 7 5 5 4
      2.90853496556363264047e-02 	 7 5 5 5
      7.88839958875599094046e-04 	 7 5 6 1
     -1.25529799471659690539e-03 	 7 5 6 2
     -3.12191386540419408419e-03 	 7 5 6 3
     -3.80716242507968564632e-03 	 7 5 6 4
     -1.97624679627330128093e-03 	 7 5 6 5
     -6.61934885503451860694e-03 	 7 5 6 6
     -5.70489573157730782242e-04 	 7 5 7 1
      4.20555604820851015174e-03 	 7 5 7 2
      1.12831615945152129860e-03 	 7 5 7 3
      9.78977533990498319239e-04 	 7 5 7 4
      4.67865829802045253560e-03 	 7 5 7 5
      7.04772413532158488632e-04 	 7 5 7 6
      1.07204068686360294571e-02 	 7 5 7 7
      3.46647029306050699290e-03 	 7 5 8 1
      8.74936296647313579110e-04 	 7 5 8 2
     -7.35020206945091562900e-04 	 7 5 8 3
      5.38168896967748775113e-04 	 7 5 8 4
     -9.90396352355467661163e-04 	 7 5 8 5
      7.67186730598158248516e-04 	 7 5 8 6
     -5.41156968751204140930e-04 	 7 5 8 7
      7.67420408782231930345e-03 	 7 5 8 8
     -1.33014781110246324558e-03 	 7 6 1 1
      2.99819136300183105345e-04 	 7 6 2 1
     -2.34228756199177535341e-03 	 7 6 2 2
      3.08942803227493561959e-04 	 7 6 3 1
     -6.25940861249480980447e-04 	 7 6 3 2
     -3.95751489513941167968e-04 	 7 6 3 3
     -1.73222831168396860981e-05 	 7 6 4 1
     -5.86589292801073091538e-04 	 7 6 4 2
     -2.98394315567495314878e-04 	 7 6 4 3
      3.03133414161916648396e-04 	 7 6 4 4
      2.62707581947080142087e-04 	 7 6 5 1
     -5.65590454133383063566e-04 	 7 6 5 2
     -3.99849023174241252968e-04 	 7 6 5 3
     -3.41990655349916773242e-04 	 7 6 5 4
     -1.65750280514654116902e-03 	 7 6 5 5
     -3.47558946868977168337e-05 	 7 6 6 1
     -1.68239571860666131328e-03 	 7 6 6 2
     -9.57524965441020167907e-04 	 7 6 6 3
     -1.20242524357120727889e-03 	 7 6 6 4
     -8.33236314072159558325e-04 	 7 6 6 5
      3.18173460666297622940e-03 	 7 6 6 6
     -1.25253148211205544288e-04 	 7 6 7 1
      4.70615454201882396548e-04 	 7 6 7 2
      4.60449364347902199545e-04 	 7 6 7 3
      5.79325588135445510539e-04 	 7 6 7 4
      7.04772413532155561286e-04 	 7 6 7 5
      1.45410202799649019428e-03 	 7 6 7 6
      4.08408068214268296647e-03 	 7 6 7 7
      5.52874345778546819573e-04 	 7 6 8 1
      1.81716456294580874830e-04 	 7 6 8 2
     -5.91424920745413013122e-05 	 7 6 8 3
      5.90040730544821260400e-04 	 7 6 8 4
     -1.40798579134250920588e-04 	 7 6 8 5
      6.25940724900902285485e-04 	 7 6 8 6
     -3.08568484505602526075e-04 	 7 6 8 7
     -1.11890956957973273372e-03 	 7 6 8 8
      1.88637226551641001837e-01 	 7 7 1 1
      2.96762711769382649812e-03 	 7 7 2 1
      2.59055313053932145806e-01 	 7 7 2 2
      1.09243331846915845557e-03 	 7 7 3 1
     -3.34339827722396950443e-03 	 7 7 3 2
      1.73224142995472868423e-01 	 7 7 3 3
      4.24837951237546675165e-03 	 7 7 4 1
     -3.26306739226759181041e-04 	 7 7 4 2
     -1.83228940993848655149e-03 	 7 7 4 3
      1.80003472375605738653e-01 	 7 7 4 4
     -3.43480226444359010990e-03 	 7 7 5 1
     -5.56173696483721474726e-03 	 7 7 5 2
      4.24177265896500917727e-04 	 7 7 5 3
     -5.76849826862229123590e-04 	 7 7 5 4
      1.41212170841809758759e-01 	 7 7 5 5
      6.16552668118797294813e-04 	 7 7 6 1
     -3.51104416151620064498e-03 	 7 7 6 2
     -3.26521135810822413226e-04 	 7 7 6 3
      1.92279872816514176698e-03 	 7 7 6 4
      1.68129617148195286205e-03 	 7 7 6 5
      1.72528244440100120283e-01 	 7 7 6 6
     -5.67701272809166806316e-03 	 7 7 7 1
      1.72670095826211351941e-02 	 7 7 7 2
      1.48572111365704011970e-03 	 7 7 7 3
      8.23790967600122707448e-03 	 7 7 7 4
      1.07204068686360606821e-02 	 7 7 7 5
      4.08408068214270378316e-03 	 7 7 7 6
      4.13772088218491040923e-01 	 7 7 7 7
      2.78784193847146904294e-03 	 7 7 8 1
      6.95674800199576597731e-03 	 7 7 8 2
     -1.52504990008877142071e-03 	 7 7 8 3
     -2.63002776543583695161e-04 	 7 7 8 4
     -2.74249191672762231142e-03 	 7 7 8 5
     -8.26444650723639540925e-04 	 7 7 8 6
      4.90995008052201413473e-03 	 7 7 8 7
      2.61615469708901149382e-01 	 7 7 8 8
      4.82177929454317422131e-02 	 8 1 1 1
      4.68323703600358621363e-04 	 8 1 2 1
     -2.03556180482971117718e-02 	 8 1 2 2
      5.01180335665248662819e-03 	 8 1 3 1
     -1.46559947715083614163e-03 	 8 1 3 2
      2.49964766255613771162e-02 	 8 1 3 3
     -2.14367097695023324858e-03 	 8 1 4 1
     -5.55788071600189521188e-04 	 8 1 4 2
     -3.46800479171821812024e-03 	 8 1 4 3
      2.79332790684881128451e-03 	 8 1 4 4
      5.01220829785866024697e-03 	 8 1 5 1
     -3.61233740031832555040e-03 	 8 1 5 2
     -3.78733101807209038281e-03 	 8 1 5 3
     -1.14398968247011816567e-03 	 8 1 5 4
      2.49968516093996145910e-02 	 8 1 5 5
      4.61136256911692397811e-04 	 8 1 6 1
     -1.80387440575316285521e-03 	 8 1 6 2
     -3.60949996905153168078e-03 	 8 1 6 3
     -3.82502054108925211920e-03 	 8 1 6 4
     -1.46183598099628624459e-03 	 8 1 6 5
     -2.03551471981765867703e-02 	 8 1 6 6
      2.15663840644797401985e-03 	 8 1 7 1
      3.82588956446001330486e-03 	 8 1 7 2
      1.14029140474002262107e-03 	 8 1 7 3
      2.37862743663635762409e-03 	 8 1 7 4
      3.46647029306051002867e-03 	 8 1 7 5
      5.52874345778517112433e-04 	 8 1 7 6
      2.78784193847150590581e-03 	 8 1 7 7
      1.91961364791750632719e-02 	 8 1 8 1
      3.08491902224614306452e-03 	 8 1 8 2
     -3.39178860527345566941e-03 	 8 1 8 3
      3.88389586696543656283e-03 	 8 1 8 4
     -3.39167091734607611259e-03 	 8 1 8 5
      3.08761624816887743361e-03 	 8 1 8 6
     -3.89829148464598341031e-03 	 8 1 8 7
      2.47012728959606943369e-02 	 8 1 8 8
      3.93557057456066141515e-03 	 8 2 1 1
     -6.32180546198813590048e-04 	 8 2 2 1
      2.78449550203273971105e-03 	 8 2 2 2
      9.62649141221616207013e-04 	 8 2 3 1
     -5.69628718151842438830e-04 	 8 2 3 2
      3.94604316687427458810e-03 	 8 2 3 3
     -2.41006360302134633924e-04 	 8 2 4 1
     -6.26967489470908550218e-04 	 8 2 4 2
     -7.70224870432643189330e-04 	 8 2 4 3
     -8.18212293887060648258e-04 	 8 2 4 4
      4.87407437488271660757e-04 	 8 2 5 1
     -1.36104929149182354332e-03 	 8 2 5 2
     -5.44753412872403509036e-04 	 8 2 5 3
     -1.87492250881041079991e-04 	 8 2 5 4
      2.37423706887125371412e-03 	 8 2 5 5
     -7.35695676940319740270e-05 	 8 2 6 1
     -1.44179508036309340577e-03 	 8 2 6 2
     -7.05033548782883919513e-04 	 8 2 6 3
     -6.19606948063566973124e-04 	 8 2 6 4
     -2.03821553550396003659e-04 	 8 2 6 5
     -5.97920494695474563640e-03 	 8 2 6 6
      4.84401429766453082981e-04 	 8 2 7 1
      2.04531413006482165953e-03 	 8 2 7 2
      1.38982529024852629988e-04 	 8 2 7 3
      6.73129891509547675053e-04 	 8 2 7 4
      8.74936296647320409584e-04 	 8 2 7 5
      1.81716456294543713800e-04 	 8 2 7 6
      6.95674800199580500859e-03 	 8 2 7 7
      3.08491902224615520758e-03 	 8 2 8 1
      2.37162319479734904487e-03 	 8 2 8 2
     -6.24668952168188251935e-04 	 8 2 8 3
      1.06462131764304963714e-03 	 8 2 8 4
     -5.74048515068121580074e-04 	 8 2 8 5
      7.01952464667495281206e-04 	 8 2 8 6
     -3.00559130800132925064e-04 	 8 2 8 7
      7.08599916232690967000e-03 	 8 2 8 8
     -6.93221941604582093943e-03 	 8 3 1 1
     -5.40323618801221753857e-05 	 8 3 2 1
      3.16221816991275102987e-03 	 8 3 2 2
     -9.88454417032923107062e-04 	 8 3 3 1
      4.27112227489479239374e-04 	 8 3 3 2
     -8.19101170908583149644e-03 	 8 3 3 3
      2.24563410157698194755e-04 	 8 3 4 1
      1.41565028066335650168e-04 	 8 3 4 2
      9.91964736465622987788e-04 	 8 3 4 3
     -2.74373296911260789940e-03 	 8 3 4 4
     -1.09698051797338792628e-03 	 8 3 5 1
      7.47378505957383451434e-04 	 8 3 5 2
      7.98818864397192571376e-04 	 8 3 5 3
      2.80249758062948615359e-04 	 8 3 5 4
     -5.15205647539315053640e-03 	 8 3 5 5
     -2.17020166337985627577e-04 	 8 3 6 1
      3.11232936727615224978e-04 	 8 3 6 2
      9.41476127028241342731e-04 	 8 3 6 3
      7.97006060237337096708e-04 	 8 3 6 4
      3.21764037897655165617e-04 	 8 3 6 5
      2.50680101717148679646e-03 	 8 3 6 6
     -3.08142453158863588274e-04 	 8 3 7 1
     -7.54793610314575158689e-04 	 8 3 7 2
     -2.22282977792703708309e-04 	 8 3 7 3
     -5.82278164543726284470e-04 	 8 3 7 4
     -7.35020206945089936597e-04 	 8 3 7 5
     -5.91424920745272879991e-05 	 8 3 7 6
     -1.52504990008876621654e-03 	 8 3 7 7
     -3.39178860527344482739e-03 	 8 3 8 1
     -6.24668952168181963562e-04 	 8 3 8 2
      9.91309185187283590374e-04 	 8 3 8 3
     -5.14522272489927111165e-04 	 8 3 8 4
      7.64391503800259438511e-04 	 8 3 8 5
     -5.74591173188230956194e-04 	 8 3 8 6
      8.07151477096526874175e-04 	 8 3 8 7
     -8.51997966494123099013e-03 	 8 3 8 8
     -5.06397838853675944589e-05 	 8 4 1 1
      6.00040074449152593581e-06 	 8 4 2 1
     -8.32312129616469102700e-03 	 8 4 2 2
      1.12053003505581416123e-03 	 8 4 3 1
     -3.04604363106399155057e-04 	 8 4 3 2
      2.57893085680683913086e-03 	 8 4 3 3
     -1.06327062317933197962e-03 	 8 4 4 1
     -3.06555800468874095187e-04 	 8 4 4 2
     -5.33781763234715328145e-04 	 8 4 4 3
     -4.96066339318236397549e-03 	 8 4 4 4
      5.78844391278340365294e-04 	 8 4 5 1
     -4.29456556153978436918e-04 	 8 4 5 2
     -5.41406423730046194864e-04 	 8 4 5 3
      3.47726793446754660073e-06 	 8 4 5 4
     -6.63481611518442599383e-04 	 8 4 5 5
     -2.10907507335065700586e-04 	 8 4 6 1
     -7.38957755059818427110e-04 	 8 4 6 2
     -8.39981890766696359316e-04 	 8 4 6 3
     -1.33781167208130451120e-04 	 8 4 6 4
     -3.42635617706703050206e-04 	 8 4 6 5
     -7.34589702018198509315e-03 	 8 4 6 6
      8.54350508001900450956e-04 	 8 4 7 1
      1.01950907243889606762e-03 	 8 4 7 2
      1.18404685409424068510e-04 	 8 4 7 3
     -7.41745895803915455610e-05 	 8 4 7 4
      5.38168896967715164846e-04 	 8 4 7 5
      5.90040730544835897130e-04 	 8 4 7 6
     -2.63002776543682357559e-04 	 8 4 7 7
      3.88389586696541574615e-03 	 8 4 8 1
      1.06462131764309257155e-03 	 8 4 8 2
     -5.14522272489912366016e-04 	 8 4 8 3
      5.50010733184547098013e-03 	 8 4 8 4
     -8.03999973191106922545e-04 	 8 4 8 5
      2.96989164690683832108e-04 	 8 4 8 6
      3.02221604036343924858e-04 	 8 4 8 7
     -3.73365235595583605174e-03 	 8 4 8 8
     -6.92944826161451948865e-03 	 8 5 1 1
     -2.18191958841275433084e-04 	 8 5 2 1
      2.50460824369819548552e-03 	 8 5 2 2
     -1.09676660036824111938e-03 	 8 5 3 1
      3.22447147462622040002e-04 	 8 5 3 2
     -5.15156282349149303307e-03 	 8 5 3 3
      3.05915251284141038405e-04 	 8 5 4 1
      6.04515324170578030485e-05 	 8 5 4 2
      7.35227965978591684916e-04 	 8 5 4 3
     -1.52856262993912453765e-03 	 8 5 4 4
     -9.87735768202777650662e-04 	 8 5 5 1
      9.41157833905287787533e-04 	 8 5 5 2
      7.98607762396791971346e-04 	 8 5 5 3
      2.22906521876594493868e-04 	 8 5 5 4
     -8.18333831023450655739e-03 	 8 5 5 5
     -5.25853864255209615865e-05 	 8 5 6 1
      3.11740357810376617423e-04 	 8 5 6 2
      7.46502969201465736183e-04 	 8 5 6 3
      7.54293510831638988959e-04 	 8 5 6 4
      4.25908368994250209789e-04 	 8 5 6 5
      3.16091673947019227014e-03 	 8 5 6 6
     -2.27180345289554791498e-04 	 8 5 7 1
     -7.96022187740910778901e-04 	 8 5 7 2
     -2.79232232205415349582e-04 	 8 5 7 3
     -5.82549698168746796396e-04 	 8 5 7 4
     -9.90396352355467444323e-04 	 8 5 7 5
     -1.40798579134240268301e-04 	 8 5 7 6
     -2.74249191672764182706e-03 	 8 5 7 7
     -3.39167091734606483688e-03 	 8 5 8 1
     -5.74048515068114641180e-04 	 8 5 8 2
      7.64391503800260414293e-04 	 8 5 8 3
     -8.03999973191128715008e-04 	 8 5 8 4
      9.91567705352211807221e-04 	 8 5 8 5
     -6.25280249043545636491e-04 	 8 5 8 6
      5.18140221649807932933e-04 	 8 5 8 7
     -8.51881078429628062210e-03 	 8 5 8 8
      3.92766205217074011735e-03 	 8 6 1 1
     -7.37673851239929316862e-05 	 8 6 2 1
     -5.98563159934209325364e-03 	 8 6 2 2
      4.87289640064656024050e-04 	 8 6 3 1
     -2.03665428836980231348e-04 	 8 6 3 2
      2.37245779644134789296e-03 	 8 6 3 3
     -4.83723695281661431131e-04 	 8 6 4 1
     -1.83481562496671325767e-04 	 8 6 4 2
     -8.71648437841618470984e-04 	 8 6 4 3
      6.95771554382728155130e-03 	 8 6 4 4
      9.62697647724080197811e-04 	 8 6 5 1
     -7.01445138739963829945e-04 	 8 6 5 2
     -5.43881905753953141802e-04 	 8 6 5 3
     -1.38509611430848942606e-04 	 8 6 5 4
      3.94326291051342366772e-03 	 8 6 5 5
     -6.35626048482999545658e-04 	 8 6 6 1
     -1.44035594093530876919e-03 	 8 6 6 2
     -1.35398249078661912954e-03 	 8 6 6 3
     -2.03657684948079474585e-03 	 8 6 6 4
     -5.66031646112597169700e-04 	 8 6 6 5
      2.77867441835858699703e-03 	 8 6 6 6
      2.45124058147106046665e-04 	 8 6 7 1
      6.14456998053808747286e-04 	 8 6 7 2
      1.86433818319716902105e-04 	 8 6 7 3
      6.74695036801758367753e-04 	 8 6 7 4
      7.67186730598167789495e-04 	 8 6 7 5
      6.25940724900878324617e-04 	 8 6 7 6
     -8.26444650723609291684e-04 	 8 6 7 7
      3.08761624816888393882e-03 	 8 6 8 1
      7.01952464667468067731e-04 	 8 6 8 2
     -5.74591173188227595167e-04 	 8 6 8 3
      2.96989164690655480221e-04 	 8 6 8 4
     -6.25280249043548346996e-04 	 8 6 8 5
      2.37114370400539004394e-03 	 8 6 8 6
     -1.07025667573443119922e-03 	 8 6 8 7
      7.07600420900097309973e-03 	 8 6 8 8
      3.02503046612386233133e-05 	 8 7 1 1
      2.07521993549667296570e-04 	 8 7 2 1
      7.35814341790237951696e-03 	 8 7 2 2
     -5.83615488939903757221e-04 	 8 7 3 1
      3.46514313526183716837e-04 	 8 7 3 2
      6.41293209149641210351e-04 	 8 7 3 3
      8.51897785738392216565e-04 	 8 7 4 1
      5.90870517594296374743e-04 	 8 7 4 2
      5.44823451769514644979e-04 	 8 7 4 3
      2.46785665088980758937e-04 	 8 7 4 4
     -1.12458613757333955770e-03 	 8 7 5 1
      8.48088201893641225118e-04 	 8 7 5 2
      5.45191018901796569177e-04 	 8 7 5 3
      1.20518182668691127492e-04 	 8 7 5 4
     -2.59096302711222690671e-03 	 8 7 5 5
     -5.08398993385091633546e-06 	 8 7 6 1
      7.41716523862126432716e-04 	 8 7 6 2
      4.35760960995452745117e-04 	 8 7 6 3
      1.02781608876961728059e-03 	 8 7 6 4
      3.05785197402316973048e-04 	 8 7 6 5
      8.34298726322554862200e-03 	 8 7 6 6
     -1.06537696952679959532e-03 	 8 7 7 1
     -1.45561706853732255153e-04 	 8 7 7 2
      2.43761856683382089966e-06 	 8 7 7 3
      6.92396400855953454570e-05 	 8 7 7 4
     -5.41156968751179421120e-04 	 8 7 7 5
     -3.08568484505667469785e-04 	 8 7 7 6
      4.90995008052214684108e-03 	 8 7 7 7
     -3.89829148464595088425e-03 	 8 7 8 1
     -3.00559130800138942386e-04 	 8 7 8 2
      8.07151477096495865993e-04 	 8 7 8 3
      3.02221604036246346663e-04 	 8 7 8 4
      5.18140221649778551054e-04 	 8 7 8 5
     -1.07025667573436115976e-03 	 8 7 8 6
      5.50471874547153478680e-03 	 8 7 8 7
      3.67950705086279947903e-03 	 8 7 8 8
      2.70565018051789174525e-01 	 8 8 1 1
      3.68251471886323154120e-03 	 8 8 2 1
      1.98959075618960007370e-01 	 8 8 2 2
      2.02774064705392616237e-03 	 8 8 3 1
     -1.82874398653882618698e-03 	 8 8 3 2
      1.92326362809738526938e-01 	 8 8 3 3
      6.58250777883321279427e-03 	 8 8 4 1
      1.09185436798556493795e-03 	 8 8 4 2
     -7.67400053199215805705e-03 	 8 8 4 3
      2.61638096316877621916e-01 	 8 8 4 4
      2.02703710261034533019e-03 	 8 8 5 1
     -5.94418259237522797478e-03 	 8 8 5 2
     -3.35375561038980416970e-03 	 8 8 5 3
     -3.35471081369500970584e-03 	 8 8 5 4
      1.92331991380609745868e-01 	 8 8 5 5
      3.68272561001695315774e-03 	 8 8 6 1
     -1.60907065639740321644e-03 	 8 8 6 2
     -5.93604539904581205573e-03 	 8 8 6 3
     -1.00106230978339490190e-02 	 8 8 6 4
     -1.82150351183288784600e-03 	 8 8 6 5
      1.98970010616504100476e-01 	 8 8 6 6
     -6.56817928175577620681e-03 	 8 8 7 1
      1.00203933816405063584e-02 	 8 8 7 2
      3.35035143130360969083e-03 	 8 8 7 3
      1.14034902950034613967e-02 	 8 8 7 4
      7.67420408782228807842e-03 	 8 8 7 5
     -1.11890956957963537237e-03 	 8 8 7 6
      2.61615469708901260404e-01 	 8 8 7 7
      2.47012728959607741341e-02 	 8 8 8 1
      7.08599916232705451941e-03 	 8 8 8 2
     -8.51997966494122058179e-03 	 8 8 8 3
     -3.73365235595597266122e-03 	 8 8 8 4
     -8.51881078429624939707e-03 	 8 8 8 5
      7.07600420900101820254e-03 	 8 8 8 6
      3.67950705086319759807e-03 	 8 8 8 7
      4.36948905365895312602e-01 	 8 8 8 8
 # Printing T + V integrals in spatial MO basis
     -2.46174169748502125188e+00 	 1 1 0 0
     -5.39549553983066729895e-03 	 1 2 0 0
     -2.11790688297565615761e-01 	 1 3 0 0
     -1.63795844269894082246e-02 	 1 4 0 0
     -2.11796116753841384694e-01 	 1 5 0 0
     -5.36495712645545554109e-03 	 1 6 0 0
      1.62836174868796271231e-02 	 1 7 0 0
     -2.11979933369448619862e-01 	 1 8 0 0
     -5.39549553982284369608e-03 	 2 1 0 0
     -1.60164221863074818231e+00 	 2 2 0 0
      1.45434480646468092258e-02 	 2 3 0 0
     -4.26511428967953510477e-03 	 2 4 0 0
      4.78075721278375526113e-02 	 2 5 0 0
      1.57780418819625442572e-02 	 2 6 0 0
      1.10775372997725302104e-01 	 2 7 0 0
     -3.60426046179721445983e-02 	 2 8 0 0
     -2.11790688297573359566e-01 	 3 1 0 0
      1.45434480646591899472e-02 	 3 2 0 0
     -2.27125017092326153545e+00 	 3 3 0 0
      5.00847998950354061920e-02 	 3 4 0 0
      7.12756016129117292435e-02 	 3 5 0 0
      4.77694894036408343463e-02 	 3 6 0 0
     -3.38234426141042487934e-02 	 3 7 0 0
      4.06154800605806054481e-02 	 3 8 0 0
     -1.63795844269937068693e-02 	 4 1 0 0
     -4.26511428968015526841e-03 	 4 2 0 0
      5.00847998950165740339e-02 	 4 3 0 0
     -1.81680416962806767778e+00 	 4 4 0 0
      3.38657049774501311967e-02 	 4 5 0 0
     -1.10786874063676654689e-01 	 4 6 0 0
     -5.41097788008164173879e-02 	 4 7 0 0
      1.56949363742599823368e-01 	 4 8 0 0
     -2.11796116753845992120e-01 	 5 1 0 0
      4.78075721278248336188e-02 	 5 2 0 0
      7.12756016129223457511e-02 	 5 3 0 0
      3.38657049774551618948e-02 	 5 4 0 0
     -2.27129211565926558691e+00 	 5 5 0 0
      1.44902730468242681161e-02 	 5 6 0 0
     -5.00785160016497393753e-02 	 5 7 0 0
      4.06031490564430636026e-02 	 5 8 0 0
     -5.36495712645057489659e-03 	 6 1 0 0
      1.57780418819455925394e-02 	 6 2 0 0
      4.77694894036380587887e-02 	 6 3 0 0
     -1.10786874063672075019e-01 	 6 4 0 0
      1.44902730468214717419e-02 	 6 5 0 0
     -1.60166789524536801181e+00 	 6 6 0 0
      4.33132613670316260479e-03 	 6 7 0 0
     -3.60230755009956840618e-02 	 6 8 0 0
      1.62836174868832041229e-02 	 7 1 0 0
      1.10775372997666030073e-01 	 7 2 0 0
     -3.38234426140976984776e-02 	 7 3 0 0
     -5.41097788008214203304e-02 	 7 4 0 0
     -5.00785160016398445126e-02 	 7 5 0 0
      4.33132613670320944232e-03 	 7 6 0 0
     -1.81665139961078847541e+00 	 7 7 0 0
     -1.56800987030148997192e-01 	 7 8 0 0
     -2.11979933369516787556e-01 	 8 1 0 0
     -3.60426046179763703847e-02 	 8 2 0 0
      4.06154800605778021350e-02 	 8 3 0 0
      1.56949363742595993099e-01 	 8 4 0 0
      4.06031490564402741672e-02 	 8 5 0 0
     -3.60230755009777470210e-02 	 8 6 0 0
     -1.56800987030137284339e-01 	 8 7 0 0
     -2.07800784999415233401e+00 	 8 8 0 0
 # Printing -1/2 \lambda \lambda q integrals in spatial MO basis
      0.00000000000000000000e+00 	 1 1 0 0
      0.00000000000000000000e+00 	 1 2 0 0
      0.00000000000000000000e+00 	 1 3 0 0
      0.00000000000000000000e+00 	 1 4 0 0
      0.00000000000000000000e+00 	 1 5 0 0
      0.00000000000000000000e+00 	 1 6 0 0
      0.00000000000000000000e+00 	 1 7 0 0
      0.00000000000000000000e+00 	 1 8 0 0
      0.00000000000000000000e+00 	 2 1 0 0
      0.00000000000000000000e+00 	 2 2 0 0
      0.00000000000000000000e+00 	 2 3 0 0
      0.00000000000000000000e+00 	 2 4 0 0
      0.00000000000000000000e+00 	 2 5 0 0
      0.00000000000000000000e+00 	 2 6 0 0
      0.00000000000000000000e+00 	 2 7 0 0
      0.00000000000000000000e+00 	 2 8 0 0
      0.00000000000000000000e+00 	 3 1 0 0
      0.00000000000000000000e+00 	 3 2 0 0
      0.00000000000000000000e+00 	 3 3 0 0
      0.00000000000000000000e+00 	 3 4 0 0
      0.00000000000000000000e+00 	 3 5 0 0
      0.00000000000000000000e+00 	 3 6 0 0
      0.00000000000000000000e+00 	 3 7 0 0
      0.00000000000000000000e+00 	 3 8 0 0
      0.00000000000000000000e+00 	 4 1 0 0
      0.00000000000000000000e+00 	 4 2 0 0
      0.00000000000000000000e+00 	 4 3 0 0
      0.00000000000000000000e+00 	 4 4 0 0
      0.00000000000000000000e+00 	 4 5 0 0
      0.00000000000000000000e+00 	 4 6 0 0
      0.00000000000000000000e+00 	 4 7 0 0
      0.00000000000000000000e+00 	 4 8 0 0
      0.00000000000000000000e+00 	 5 1 0 0
      0.00000000000000000000e+00 	 5 2 0 0
      0.00000000000000000000e+00 	 5 3 0 0
      0.00000000000000000000e+00 	 5 4 0 0
      0.00000000000000000000e+00 	 5 5 0 0
      0.00000000000000000000e+00 	 5 6 0 0
      0.00000000000000000000e+00 	 5 7 0 0
      0.00000000000000000000e+00 	 5 8 0 0
      0.00000000000000000000e+00 	 6 1 0 0
      0.00000000000000000000e+00 	 6 2 0 0
      0.00000000000000000000e+00 	 6 3 0 0
      0.00000000000000000000e+00 	 6 4 0 0
      0.00000000000000000000e+00 	 6 5 0 0
      0.00000000000000000000e+00 	 6 6 0 0
      0.00000000000000000000e+00 	 6 7 0 0
      0.00000000000000000000e+00 	 6 8 0 0
      0.00000000000000000000e+00 	 7 1 0 0
      0.00000000000000000000e+00 	 7 2 0 0
      0.00000000000000000000e+00 	 7 3 0 0
      0.00000000000000000000e+00 	 7 4 0 0
      0.00000000000000000000e+00 	 7 5 0 0
      0.00000000000000000000e+00 	 7 6 0 0
      0.00000000000000000000e+00 	 7 7 0 0
      0.00000000000000000000e+00 	 7 8 0 0
      0.00000000000000000000e+00 	 8 1 0 0
      0.00000000000000000000e+00 	 8 2 0 0
      0.00000000000000000000e+00 	 8 3 0 0
      0.00000000000000000000e+00 	 8 4 0 0
      0.00000000000000000000e+00 	 8 5 0 0
      0.00000000000000000000e+00 	 8 6 0 0
      0.00000000000000000000e+00 	 8 7 0 0
      0.00000000000000000000e+00 	 8 8 0 0
 # Printing \lambda mu integrals in spatial MO basis
      0.00000000000000000000e+00 	 1 1 0 0
      0.00000000000000000000e+00 	 1 2 0 0
      0.00000000000000000000e+00 	 1 3 0 0
      0.00000000000000000000e+00 	 1 4 0 0
      0.00000000000000000000e+00 	 1 5 0 0
      0.00000000000000000000e+00 	 1 6 0 0
      0.00000000000000000000e+00 	 1 7 0 0
      0.00000000000000000000e+00 	 1 8 0 0
      0.00000000000000000000e+00 	 2 1 0 0
      0.00000000000000000000e+00 	 2 2 0 0
      0.00000000000000000000e+00 	 2 3 0 0
      0.00000000000000000000e+00 	 2 4 0 0
      0.00000000000000000000e+00 	 2 5 0 0
      0.00000000000000000000e+00 	 2 6 0 0
      0.00000000000000000000e+00 	 2 7 0 0
      0.00000000000000000000e+00 	 2 8 0 0
      0.00000000000000000000e+00 	 3 1 0 0
      0.00000000000000000000e+00 	 3 2 0 0
      0.00000000000000000000e+00 	 3 3 0 0
      0.00000000000000000000e+00 	 3 4 0 0
      0.00000000000000000000e+00 	 3 5 0 0
      0.00000000000000000000e+00 	 3 6 0 0
      0.00000000000000000000e+00 	 3 7 0 0
      0.00000000000000000000e+00 	 3 8 0 0
      0.00000000000000000000e+00 	 4 1 0 0
      0.00000000000000000000e+00 	 4 2 0 0
      0.00000000000000000000e+00 	 4 3 0 0
      0.00000000000000000000e+00 	 4 4 0 0
      0.00000000000000000000e+00 	 4 5 0 0
      0.00000000000000000000e+00 	 4 6 0 0
      0.00000000000000000000e+00 	 4 7 0 0
      0.00000000000000000000e+00 	 4 8 0 0
      0.00000000000000000000e+00 	 5 1 0 0
      0.00000000000000000000e+00 	 5 2 0 0
      0.00000000000000000000e+00 	 5 3 0 0
      0.00000000000000000000e+00 	 5 4 0 0
      0.00000000000000000000e+00 	 5 5 0 0
      0.00000000000000000000e+00 	 5 6 0 0
      0.00000000000000000000e+00 	 5 7 0 0
      0.00000000000000000000e+00 	 5 8 0 0
      0.00000000000000000000e+00 	 6 1 0 0
      0.00000000000000000000e+00 	 6 2 0 0
      0.00000000000000000000e+00 	 6 3 0 0
      0.00000000000000000000e+00 	 6 4 0 0
      0.00000000000000000000e+00 	 6 5 0 0
      0.00000000000000000000e+00 	 6 6 0 0
      0.00000000000000000000e+00 	 6 7 0 0
      0.00000000000000000000e+00 	 6 8 0 0
      0.00000000000000000000e+00 	 7 1 0 0
      0.00000000000000000000e+00 	 7 2 0 0
      0.00000000000000000000e+00 	 7 3 0 0
      0.00000000000000000000e+00 	 7 4 0 0
      0.00000000000000000000e+00 	 7 5 0 0
      0.00000000000000000000e+00 	 7 6 0 0
      0.00000000000000000000e+00 	 7 7 0 0
      0.00000000000000000000e+00 	 7 8 0 0
      0.00000000000000000000e+00 	 8 1 0 0
      0.00000000000000000000e+00 	 8 2 0 0
      0.00000000000000000000e+00 	 8 3 0 0
      0.00000000000000000000e+00 	 8 4 0 0
      0.00000000000000000000e+00 	 8 5 0 0
      0.00000000000000000000e+00 	 8 6 0 0
      0.00000000000000000000e+00 	 8 7 0 0
      0.00000000000000000000e+00 	 8 8 0 0
 # Printing nuclear repulsion energy
     -2.99462688001770857227e+03 	 0 0 0 0
 # Printing photon energy
      1.36000000000000009770e-01 	 0 0 0 0
 # Printing lambda vector
  0.0000000000e+00, 0.0000000000e+00, 0.0000000000e+00 	 0 0 0 0
 # Printing RHF Electronic Dipole Moment
  -1.8181924864e+01, -3.0700665208e-01, -1.2200536140e+01 	 0 0 0 0
 # Printing Nuclear Dipole Moment
  1.6663693484e+01, 2.9034299937e-01, 1.3539775006e+01 	 0 0 0 0
