 # Printing electron repulsion integrals in spatial MO basis
      5.47090217720737070906e-01 	 1 1 1 1
      5.44092715719347603393e-03 	 1 1 2 1
      1.50899237323146501177e-01 	 1 1 2 2
      2.34907443838994582641e-02 	 1 1 3 1
     -4.40686097464409402141e-03 	 1 1 3 2
      3.07292273826400175185e-01 	 1 1 3 3
     -5.28011970022446239931e-03 	 1 1 4 1
      1.31532489041592272859e-03 	 1 1 4 2
     -1.22242173133582394257e-02 	 1 1 4 3
      1.88651273708040911892e-01 	 1 1 4 4
      2.34910517465748494570e-02 	 1 1 5 1
     -1.15372640927100325592e-02 	 1 1 5 2
     -1.53117770530505799276e-02 	 1 1 5 3
     -5.59784567137689217931e-03 	 1 1 5 4
      3.07295262926714329854e-01 	 1 1 5 5
      5.42747670046794458698e-03 	 1 1 6 1
     -9.72044983130837894365e-05 	 1 1 6 2
     -1.15304705675709686513e-02 	 1 1 6 3
     -6.64998410987394268645e-03 	 1 1 6 4
     -4.39818753475812538462e-03 	 1 1 6 5
      1.50907465964963793947e-01 	 1 1 6 6
      5.32054383041629525009e-03 	 1 1 7 1
      6.65618745174397560133e-03 	 1 1 7 2
      5.58932984942955932844e-03 	 1 1 7 3
      5.58755154982979156814e-03 	 1 1 7 4
      1.22229622869460020917e-02 	 1 1 7 5
     -1.33014781054977037147e-03 	 1 1 7 6
      1.88637226552292758264e-01 	 1 1 7 7
      4.82177929449770503734e-02 	 1 1 8 1
      3.93557057453950386028e-03 	 1 1 8 2
     -6.93221941672729231182e-03 	 1 1 8 3
     -5.06397839770268796012e-05 	 1 1 8 4
     -6.92944826238737696111e-03 	 1 1 8 5
      3.92766205212403095304e-03 	 1 1 8 6
      3.02503048065138946182e-05 	 1 1 8 7
      2.70565018052254635528e-01 	 1 1 8 8
      5.44092715719349077907e-03 	 2 1 1 1
      1.38649932899594010433e-03 	 2 1 2 1
      1.20366475611767315308e-03 	 2 1 2 2
      5.87397037694404049353e-04 	 2 1 3 1
     -8.35931445623992503031e-04 	 2 1 3 2
      2.81653547297846303804e-03 	 2 1 3 3
      3.54858689159151237478e-04 	 2 1 4 1
      2.87826717747492515033e-05 	 2 1 4 2
     -7.90322144341204556664e-04 	 2 1 4 3
      6.12190979635743488807e-04 	 2 1 4 4
      2.78102630543702227309e-04 	 2 1 5 1
     -1.54668495951561560907e-03 	 2 1 5 2
     -5.75591205178656696931e-04 	 2 1 5 3
     -3.80278970728642115844e-04 	 2 1 5 4
      5.91632228075469781929e-04 	 2 1 5 5
      4.61196317962921922481e-04 	 2 1 6 1
     -4.26636706384463982884e-04 	 2 1 6 2
     -1.13754123304201314702e-03 	 2 1 6 3
     -1.28988359620922860352e-03 	 2 1 6 4
     -4.91690524816286054707e-04 	 2 1 6 5
     -1.99080918682485741040e-04 	 2 1 6 6
     -5.28061421027999598754e-04 	 2 1 7 1
      1.48422955451574115418e-03 	 2 1 7 2
      5.67177523712232632518e-04 	 2 1 7 3
      2.77134553820213274528e-04 	 2 1 7 4
      1.05270746806376304383e-03 	 2 1 7 5
      2.99819136407151142203e-04 	 2 1 7 6
      2.96762711813698502883e-03 	 2 1 7 7
      4.68323704007405684519e-04 	 2 1 8 1
     -6.32180546082645447234e-04 	 2 1 8 2
     -5.40323619715891095101e-05 	 2 1 8 3
      6.00040075942454908338e-06 	 2 1 8 4
     -2.18191958930092787163e-04 	 2 1 8 5
     -7.37673851089568906976e-05 	 2 1 8 6
      2.07521993487096254472e-04 	 2 1 8 7
      3.68251471919906923566e-03 	 2 1 8 8
      1.50899237323146556689e-01 	 2 2 1 1
      1.20366475611764799959e-03 	 2 2 2 1
      3.79520480613082134003e-01 	 2 2 2 2
     -8.14000608303086514717e-03 	 2 2 3 1
     -2.18352279565839834871e-03 	 2 2 3 2
      1.27527060264929797961e-01 	 2 2 3 3
      5.58666408963675708427e-03 	 2 2 4 1
     -3.19900786566023427257e-03 	 2 2 4 2
      6.62876761377286047999e-03 	 2 2 4 3
      1.72511527493875160832e-01 	 2 2 4 4
     -9.92360947725258631114e-03 	 2 2 5 1
     -3.04643424459657627401e-03 	 2 2 5 2
      7.13205147514085063820e-03 	 2 2 5 3
      1.70879101888060831727e-03 	 2 2 5 4
      1.19238191216052474841e-01 	 2 2 5 5
     -1.87991796653050124251e-04 	 2 2 6 1
     -4.11308564022616791889e-03 	 2 2 6 2
      9.51387685958660425656e-03 	 2 2 6 3
      1.21226227601958658903e-02 	 2 2 6 4
      5.37009979444618562594e-03 	 2 2 6 5
      2.09014496990885284555e-01 	 2 2 6 6
     -6.19172188750108896949e-03 	 2 2 7 1
      6.06412622105123588767e-03 	 2 2 7 2
     -1.86451935575872003795e-03 	 2 2 7 3
     -9.47711566283867190216e-04 	 2 2 7 4
     -6.31419463976085927615e-03 	 2 2 7 5
     -2.34228756215512905897e-03 	 2 2 7 6
      2.59055313054608271628e-01 	 2 2 7 7
     -2.03556180473501505124e-02 	 2 2 8 1
      2.78449550189496537050e-03 	 2 2 8 2
      3.16221817020471973603e-03 	 2 2 8 3
     -8.32312129593778746162e-03 	 2 2 8 4
      2.50460824406978322873e-03 	 2 2 8 5
     -5.98563159908769865797e-03 	 2 2 8 6
      7.35814341760351962179e-03 	 2 2 8 7
      1.98959075619073999519e-01 	 2 2 8 8
      2.34907443838994582641e-02 	 3 1 1 1
      5.87397037694411855609e-04 	 3 1 2 1
     -8.14000608303086341244e-03 	 3 1 2 2
      7.72254858489934171983e-03 	 3 1 3 1
     -1.66686339064012829965e-03 	 3 1 3 2
      3.72784848356687154025e-02 	 3 1 3 3
     -7.58814648781714023822e-04 	 3 1 4 1
     -2.65777439609602491189e-04 	 3 1 4 2
     -3.30390209458576071880e-03 	 3 1 4 3
     -3.43274627690901001920e-03 	 3 1 4 4
      1.08638291878909655670e-03 	 3 1 5 1
     -2.00007863020787044969e-03 	 3 1 5 2
     -2.76574347399823755600e-03 	 3 1 5 3
     -6.24322981403716719719e-04 	 3 1 5 4
      7.56189580409908496117e-03 	 3 1 5 5
      2.75931196698015769857e-04 	 3 1 6 1
     -7.42517036862653276134e-04 	 3 1 6 2
     -3.46927472505831639357e-03 	 3 1 6 3
     -1.76850048202322374276e-03 	 3 1 6 4
     -7.89707649099296291918e-04 	 3 1 6 5
     -9.91959386152903646594e-03 	 3 1 6 6
      1.17861931585121052814e-03 	 3 1 7 1
      2.50837869129603464879e-03 	 3 1 7 2
      1.20512225065504282283e-03 	 3 1 7 3
      7.13740286941165632227e-04 	 3 1 7 4
      1.74961594044587887865e-03 	 3 1 7 5
      3.08942803333352297365e-04 	 3 1 7 6
      1.09243331874962984820e-03 	 3 1 7 7
      5.01180335646079881673e-03 	 3 1 8 1
      9.62649141163947385039e-04 	 3 1 8 2
     -9.88454417171244102344e-04 	 3 1 8 3
      1.12053003501152190040e-03 	 3 1 8 4
     -1.09676660043545861831e-03 	 3 1 8 5
      4.87289640024829104076e-04 	 3 1 8 6
     -5.83615488838660633093e-04 	 3 1 8 7
      2.02774064714034227969e-03 	 3 1 8 8
     -4.40686097464409488877e-03 	 3 2 1 1
     -8.35931445623995321957e-04 	 3 2 2 1
     -2.18352279565841959907e-03 	 3 2 2 2
     -1.66686339064012764913e-03 	 3 2 3 1
      1.85457821461023470398e-03 	 3 2 3 2
     -1.65302186328324454689e-02 	 3 2 3 3
     -1.86395863132115510762e-04 	 3 2 4 1
      8.40252867114915993896e-04 	 3 2 4 2
      1.98138720454085152239e-03 	 3 2 4 3
      1.68286316632726223007e-03 	 3 2 4 4
     -7.91272001212174331923e-04 	 3 2 5 1
      2.46747381722557277903e-03 	 3 2 5 2
      1.37118565735588719690e-03 	 3 2 5 3
      6.43993953109918177043e-04 	 3 2 5 4
     -1.34758010635482481862e-03 	 3 2 5 5
     -4.92132442903540825302e-04 	 3 2 6 1
      1.70889514809232333226e-03 	 3 2 6 2
      2.34442192286075891047e-03 	 3 2 6 3
      1.66868901074944723205e-03 	 3 2 6 4
      8.42149050964111339085e-04 	 3 2 6 5
      5.37648475011529708434e-03 	 3 2 6 6
      2.44699406093256159253e-04 	 3 2 7 1
     -2.91443135534605150816e-03 	 3 2 7 2
     -8.39592802114606405126e-04 	 3 2 7 3
     -5.91030151470241932321e-04 	 3 2 7 4
     -1.46119704935474491701e-03 	 3 2 7 5
     -6.25940861295117651972e-04 	 3 2 7 6
     -3.34339827735583017265e-03 	 3 2 7 7
     -1.46559947707707179630e-03 	 3 2 8 1
     -5.69628718044331108263e-04 	 3 2 8 2
      4.27112227551154730477e-04 	 3 2 8 3
     -3.04604363047763116324e-04 	 3 2 8 4
      3.22447147503990749675e-04 	 3 2 8 5
     -2.03665428780990594593e-04 	 3 2 8 6
      3.46514313443034300665e-04 	 3 2 8 7
     -1.82874398644815999715e-03 	 3 2 8 8
      3.07292273826400175185e-01 	 3 3 1 1
      2.81653547297847518111e-03 	 3 3 2 1
      1.27527060264929881228e-01 	 3 3 2 2
      3.72784848356686945858e-02 	 3 3 3 1
     -1.65302186328324177134e-02 	 3 3 3 2
      6.55687867495373777338e-01 	 3 3 3 3
     -3.48861382518285932652e-03 	 3 3 4 1
      1.65064610490632274892e-03 	 3 3 4 2
     -2.90973746533883560750e-02 	 3 3 4 3
      1.41216054696928106083e-01 	 3 3 4 4
      7.56009268805079778786e-03 	 3 3 5 1
     -6.21424665644727293456e-03 	 3 3 5 2
     -2.04626201092203245657e-02 	 3 3 5 3
     -2.02808827538463734216e-03 	 3 3 5 4
      2.04507809776753035624e-01 	 3 3 5 5
      5.84891641749592954870e-04 	 3 3 6 1
      2.17911612209963165970e-04 	 3 3 6 2
     -2.95486565757694143175e-02 	 3 3 6 3
     -8.48364186042576415639e-04 	 3 3 6 4
     -1.34341880180922955759e-03 	 3 3 6 5
      1.19231890115824842868e-01 	 3 3 6 6
      4.57586130033118057558e-03 	 3 3 7 1
      7.66968940567111165385e-03 	 3 3 7 2
      8.01298744078131168489e-03 	 3 3 7 3
      4.13039454352474161292e-03 	 3 3 7 4
      7.26592684383066574061e-03 	 3 3 7 5
     -3.95751489109430107903e-04 	 3 3 7 6
      1.73224142996609070666e-01 	 3 3 7 7
      2.49964766248821045058e-02 	 3 3 8 1
      3.94604316674654342911e-03 	 3 3 8 2
     -8.19101171021710365572e-03 	 3 3 8 3
      2.57893085670723174255e-03 	 3 3 8 4
     -5.15156282382170024881e-03 	 3 3 8 5
      2.37245779634080418766e-03 	 3 3 8 6
      6.41293209499543392232e-04 	 3 3 8 7
      1.92326362810117418300e-01 	 3 3 8 8
     -5.28011970022445719514e-03 	 4 1 1 1
      3.54858689159159856885e-04 	 4 1 2 1
      5.58666408963674233912e-03 	 4 1 2 2
     -7.58814648781706542827e-04 	 4 1 3 1
     -1.86395863132123289913e-04 	 4 1 3 2
     -3.48861382518283026991e-03 	 4 1 3 3
      1.72001697042442418771e-03 	 4 1 4 1
     -1.30235776412950210413e-04 	 4 1 4 2
     -5.76097870712434251966e-04 	 4 1 4 3
      5.70331267284204888185e-03 	 4 1 4 4
     -1.17355590512603549097e-03 	 4 1 5 1
     -4.47529630803014373628e-04 	 4 1 5 2
      2.48612855659238176850e-04 	 4 1 5 3
     -3.37462634911210211056e-04 	 4 1 5 4
     -4.55405156511345336062e-03 	 4 1 5 5
      5.30676448413328386532e-04 	 4 1 6 1
     -1.06031941489629478017e-04 	 4 1 6 2
     -6.88635181208207994112e-04 	 4 1 6 3
     -9.19360565363547244631e-04 	 4 1 6 4
     -2.46429925964252968026e-04 	 4 1 6 5
      6.18673701967027873938e-03 	 4 1 6 6
     -1.11209949181431395730e-03 	 4 1 7 1
      1.05273209381695357148e-03 	 4 1 7 2
      2.43826768571400850829e-04 	 4 1 7 3
      4.65194625139418995396e-05 	 4 1 7 4
      2.00300227392531660347e-04 	 4 1 7 5
     -1.73222830045839207053e-05 	 4 1 7 6
      4.24837951230779345413e-03 	 4 1 7 7
     -2.14367097657769704530e-03 	 4 1 8 1
     -2.41006360301989567673e-04 	 4 1 8 2
      2.24563410133977287789e-04 	 4 1 8 3
     -1.06327062312188292542e-03 	 4 1 8 4
      3.05915251229005780067e-04 	 4 1 8 5
     -4.83723695215363064595e-04 	 4 1 8 6
      8.51897785722872296146e-04 	 4 1 8 7
      6.58250777887372379160e-03 	 4 1 8 8
      1.31532489041594267791e-03 	 4 2 1 1
      2.87826717747501934039e-05 	 4 2 2 1
     -3.19900786566026896704e-03 	 4 2 2 2
     -2.65777439609594142832e-04 	 4 2 3 1
      8.40252867114911765507e-04 	 4 2 3 2
      1.65064610490631559318e-03 	 4 2 3 3
     -1.30235776412936983147e-04 	 4 2 4 1
      1.45858903646353481841e-03 	 4 2 4 2
      7.14252372061059551470e-04 	 4 2 4 3
     -4.11336160320849731492e-03 	 4 2 4 4
     -3.12159282760172756502e-04 	 4 2 5 1
      9.72859329384758147324e-04 	 4 2 5 2
      4.04028271033891580102e-04 	 4 2 5 3
      4.64002965205589641522e-04 	 4 2 5 4
      3.88927025865457303040e-04 	 4 2 5 5
     -3.02767857270848123486e-04 	 4 2 6 1
      1.68850793863185941884e-03 	 4 2 6 2
      5.76153262819094217143e-04 	 4 2 6 3
      4.85715677829770726710e-04 	 4 2 6 4
      6.29470751059297900162e-04 	 4 2 6 5
      2.33958620936348732008e-03 	 4 2 6 6
     -1.43504969515949412526e-05 	 4 2 7 1
     -1.22088591929368859429e-03 	 4 2 7 2
     -3.44793052441863653781e-04 	 4 2 7 3
     -5.80845862136415941150e-04 	 4 2 7 4
     -3.06178564800042558956e-04 	 4 2 7 5
     -5.86589292727362631059e-04 	 4 2 7 6
     -3.26306739970187937097e-04 	 4 2 7 7
     -5.55788071709694374289e-04 	 4 2 8 1
     -6.26967489500685512364e-04 	 4 2 8 2
      1.41565028124035344800e-04 	 4 2 8 3
     -3.06555800435142451407e-04 	 4 2 8 4
      6.04515324720901977055e-05 	 4 2 8 5
     -1.83481562526823394760e-04 	 4 2 8 6
      5.90870517575682466585e-04 	 4 2 8 7
      1.09185436718207897096e-03 	 4 2 8 8
     -1.22242173133582411604e-02 	 4 3 1 1
     -7.90322144341205315606e-04 	 4 3 2 1
      6.62876761377286828625e-03 	 4 3 2 2
     -3.30390209458576592297e-03 	 4 3 3 1
      1.98138720454085499184e-03 	 4 3 3 2
     -2.90973746533883907694e-02 	 4 3 3 3
     -5.76097870712432517243e-04 	 4 3 4 1
      7.14252372061062912496e-04 	 4 3 4 2
      4.67986669161637742348e-03 	 4 3 4 3
     -1.07264727720213105117e-02 	 4 3 4 4
     -1.74985176952398161290e-03 	 4 3 5 1
      3.12608386088807132033e-03 	 4 3 5 2
      2.46794621109185487520e-03 	 4 3 5 3
      1.13026030936652795676e-03 	 4 3 5 4
     -7.26714322231712325784e-03 	 4 3 5 5
     -1.05191336159606843234e-03 	 4 3 6 1
      1.25677420978633088387e-03 	 4 3 6 2
      4.88475540632607712482e-03 	 4 3 6 3
      4.20164836438490212761e-03 	 4 3 6 4
      1.45800963636447383082e-03 	 4 3 6 5
      6.30917996416355871675e-03 	 4 3 6 6
      1.95532829381880337259e-04 	 4 3 7 1
     -3.81127842332007991943e-03 	 4 3 7 2
     -1.21180619217885763086e-03 	 4 3 7 3
     -9.79416387218290948949e-04 	 4 3 7 4
     -2.55459177515815613266e-03 	 4 3 7 5
     -2.98394315794574683642e-04 	 4 3 7 6
     -1.83228941022476709936e-03 	 4 3 7 7
     -3.46800479133490754946e-03 	 4 3 8 1
     -7.70224870275493397019e-04 	 4 3 8 2
      9.91964736521311948175e-04 	 4 3 8 3
     -5.33781763043646596129e-04 	 4 3 8 4
      7.35227966030448424305e-04 	 4 3 8 5
     -8.71648437675326360694e-04 	 4 3 8 6
      5.44823451567480509031e-04 	 4 3 8 7
     -7.67400053153065656031e-03 	 4 3 8 8
      1.88651273708041106181e-01 	 4 4 1 1
      6.12190979635700988082e-04 	 4 4 2 1
      1.72511527493874994299e-01 	 4 4 2 2
     -3.43274627690902346330e-03 	 4 4 3 1
      1.68286316632728868460e-03 	 4 4 3 2
      1.41216054696928106083e-01 	 4 4 3 3
      5.70331267284203240198e-03 	 4 4 4 1
     -4.11336160320849471284e-03 	 4 4 4 2
     -1.07264727720213226547e-02 	 4 4 4 3
      4.13879651477665422288e-01 	 4 4 4 4
      1.09567593012917219829e-03 	 4 4 5 1
     -3.28939597954232721289e-04 	 4 4 5 2
      4.19371524531439205004e-04 	 4 4 5 3
     -1.49559281017834283176e-03 	 4 4 5 4
      1.73245744737335505281e-01 	 4 4 5 5
      2.96412344188201701961e-03 	 4 4 6 1
     -3.50972500017430761449e-03 	 4 4 6 2
     -5.55156880682157721080e-03 	 4 4 6 3
     -1.72527812695628460227e-02 	 4 4 6 4
     -3.33156878619779699829e-03 	 4 4 6 5
      2.59081826056993591578e-01 	 4 4 6 6
     -4.25046796452920733200e-03 	 4 4 7 1
     -1.91951645042363590668e-03 	 4 4 7 2
      5.80324791567228873666e-04 	 4 4 7 3
      8.25396246247869433410e-03 	 4 4 7 4
      1.83609700943384332276e-03 	 4 4 7 5
      3.03133414984640536111e-04 	 4 4 7 6
      1.80003472376040307701e-01 	 4 4 7 7
      2.79332790739480595760e-03 	 4 4 8 1
     -8.18212293958053772831e-04 	 4 4 8 2
     -2.74373296921649268212e-03 	 4 4 8 3
     -4.96066339410668622617e-03 	 4 4 8 4
     -1.52856263023082826480e-03 	 4 4 8 5
      6.95771554358884207481e-03 	 4 4 8 6
      2.46785665142364705506e-04 	 4 4 8 7
      2.61638096318886126390e-01 	 4 4 8 8
      2.34910517465749535404e-02 	 5 1 1 1
      2.78102630543710196195e-04 	 5 1 2 1
     -9.92360947725257763752e-03 	 5 1 2 2
      1.08638291878910544716e-03 	 5 1 3 1
     -7.91272001212178018210e-04 	 5 1 3 2
      7.56009268805079171633e-03 	 5 1 3 3
     -1.17355590512603961094e-03 	 5 1 4 1
     -3.12159282760175412798e-04 	 5 1 4 2
     -1.74985176952397922766e-03 	 5 1 4 3
      1.09567593012917414985e-03 	 5 1 4 4
      7.72329878192927043318e-03 	 5 1 5 1
     -3.47065423442687774960e-03 	 5 1 5 2
     -2.76537947050413054906e-03 	 5 1 5 3
     -1.20797057169054955147e-03 	 5 1 5 4
      3.72799593248251681654e-02 	 5 1 5 5
      5.84696573674977964838e-04 	 5 1 6 1
     -7.42369077482140705439e-04 	 5 1 6 2
     -1.99759183071513595278e-03 	 5 1 6 3
     -2.50628157802407431146e-03 	 5 1 6 4
     -1.66376612032876226160e-03 	 5 1 6 5
     -8.13701440991396879321e-03 	 5 1 6 6
      7.64316139348169307048e-04 	 5 1 7 1
      1.76833266169497535167e-03 	 5 1 7 2
      6.22743622655557468697e-04 	 5 1 7 3
      7.14289729882793640245e-04 	 5 1 7 4
      3.30285797160427725683e-03 	 5 1 7 5
      2.62707582047626124217e-04 	 5 1 7 6
     -3.43480226422179964196e-03 	 5 1 7 7
      5.01220829759167155887e-03 	 5 1 8 1
      4.87407437434416248873e-04 	 5 1 8 2
     -1.09698051802700410895e-03 	 5 1 8 3
      5.78844391175628147223e-04 	 5 1 8 4
     -9.87735768332657915192e-04 	 5 1 8 5
      9.62697647645239617913e-04 	 5 1 8 6
     -1.12458613749251965831e-03 	 5 1 8 7
      2.02703710270742696112e-03 	 5 1 8 8
     -1.15372640927100273550e-02 	 5 2 1 1
     -1.54668495951561040490e-03 	 5 2 2 1
     -3.04643424459660316223e-03 	 5 2 2 2
     -2.00007863020787522018e-03 	 5 2 3 1
      2.46747381722556453909e-03 	 5 2 3 2
     -6.21424665644726599567e-03 	 5 2 3 3
     -4.47529630803013343636e-04 	 5 2 4 1
      9.72859329384755111558e-04 	 5 2 4 2
      3.12608386088807001929e-03 	 5 2 4 3
     -3.28939597954270668365e-04 	 5 2 4 4
     -3.47065423442688642322e-03 	 5 2 5 1
      7.20616769231745973867e-03 	 5 2 5 2
      2.79804335868922074426e-03 	 5 2 5 3
      1.48434800138884381848e-03 	 5 2 5 4
     -2.95615123585877964674e-02 	 5 2 5 5
     -1.13757211004522130506e-03 	 5 2 6 1
      2.63563141314913235158e-03 	 5 2 6 2
      3.91862381775927564459e-03 	 5 2 6 3
      4.80466644136167981421e-03 	 5 2 6 4
      2.34101719117290815730e-03 	 5 2 6 5
      9.51743734849591453695e-03 	 5 2 6 6
      6.83721299381331122300e-04 	 5 2 7 1
     -6.93080385987021596605e-03 	 5 2 7 2
     -1.30815457089921089243e-03 	 5 2 7 3
     -7.73304927068808813269e-04 	 5 2 7 4
     -4.88840941115446271648e-03 	 5 2 7 5
     -5.65590454430398622415e-04 	 5 2 7 6
     -5.56173696521392642994e-03 	 5 2 7 7
     -3.61233740018948633679e-03 	 5 2 8 1
     -1.36104929126527277733e-03 	 5 2 8 2
      7.47378506050528452695e-04 	 5 2 8 3
     -4.29456556019542029599e-04 	 5 2 8 4
      9.41157834066725057336e-04 	 5 2 8 5
     -7.01445138619105862214e-04 	 5 2 8 6
      8.48088201707621080518e-04 	 5 2 8 7
     -5.94418259229969984936e-03 	 5 2 8 8
     -1.53117770530505764581e-02 	 5 3 1 1
     -5.75591205178662660043e-04 	 5 3 2 1
      7.13205147514084456667e-03 	 5 3 2 2
     -2.76574347399823495391e-03 	 5 3 3 1
      1.37118565735589023266e-03 	 5 3 3 2
     -2.04626201092203627296e-02 	 5 3 3 3
      2.48612855659238393691e-04 	 5 3 4 1
      4.04028271033894073767e-04 	 5 3 4 2
      2.46794621109185314048e-03 	 5 3 4 3
      4.19371524531424785115e-04 	 5 3 4 4
     -2.76537947050413401850e-03 	 5 3 5 1
      2.79804335868921900954e-03 	 5 3 5 2
      2.43931897249627816643e-03 	 5 3 5 3
      9.51454389927274511718e-04 	 5 3 5 4
     -2.04625380909349459391e-02 	 5 3 5 5
     -5.74049143998492578979e-04 	 5 3 6 1
      8.69206281918809232565e-04 	 5 3 6 2
      2.79582277556746560884e-03 	 5 3 6 3
      2.29265673152694027248e-03 	 5 3 6 4
      1.36861430719900515132e-03 	 5 3 6 5
      7.12640563264069562543e-03 	 5 3 6 6
     -2.52421009615088145790e-04 	 5 3 7 1
     -2.29418299882668636977e-03 	 5 3 7 2
     -9.49486221166692201737e-04 	 5 3 7 3
     -7.50485751132590433836e-04 	 5 3 7 4
     -2.46700452103891043967e-03 	 5 3 7 5
     -3.99849023251803287454e-04 	 5 3 7 6
      4.24177265486754624842e-04 	 5 3 7 7
     -3.78733101768574014281e-03 	 5 3 8 1
     -5.44753412775522347089e-04 	 5 3 8 2
      7.98818864427630137906e-04 	 5 3 8 3
     -5.41406423615914075310e-04 	 5 3 8 4
      7.98607762438035889349e-04 	 5 3 8 5
     -5.43881905651367666965e-04 	 5 3 8 6
      5.45191018775376210620e-04 	 5 3 8 7
     -3.35375561027886816973e-03 	 5 3 8 8
     -5.59784567137689478139e-03 	 5 4 1 1
     -3.80278970728644663719e-04 	 5 4 2 1
      1.70879101888060246257e-03 	 5 4 2 2
     -6.24322981403724309134e-04 	 5 4 3 1
      6.43993953109923272793e-04 	 5 4 3 2
     -2.02808827538463647480e-03 	 5 4 3 3
     -3.37462634911216716269e-04 	 5 4 4 1
      4.64002965205597285147e-04 	 5 4 4 2
      1.13026030936653381145e-03 	 5 4 4 3
     -1.49559281017836256424e-03 	 5 4 4 4
     -1.20797057169055171988e-03 	 5 4 5 1
      1.48434800138884425216e-03 	 5 4 5 2
      9.51454389927276029601e-04 	 5 4 5 3
      7.87040425650920678555e-04 	 5 4 5 4
     -8.04055059599587985952e-03 	 5 4 5 5
     -5.67381856519812914456e-04 	 5 4 6 1
      6.78892268081536845968e-04 	 5 4 6 2
      1.30896606652664720429e-03 	 5 4 6 3
      1.50372119842262876900e-03 	 5 4 6 4
      8.39876466768862527806e-04 	 5 4 6 5
      1.86363279033115365226e-03 	 5 4 6 6
      2.42554497936654550778e-04 	 5 4 7 1
     -1.33167234631606664318e-03 	 5 4 7 2
     -5.45522999511840697186e-04 	 5 4 7 3
     -4.98711495854939454615e-04 	 5 4 7 4
     -1.21467712747341718277e-03 	 5 4 7 5
     -3.41990655382217703835e-04 	 5 4 7 6
     -5.76849826869751860364e-04 	 5 4 7 7
     -1.14398968235261818890e-03 	 5 4 8 1
     -1.87492250813980953009e-04 	 5 4 8 2
      2.80249758073888432120e-04 	 5 4 8 3
      3.47726797584685519714e-06 	 5 4 8 4
      2.22906521907509271984e-04 	 5 4 8 5
     -1.38509611366304191769e-04 	 5 4 8 6
      1.20518182585724087678e-04 	 5 4 8 7
     -3.35471081341334092032e-03 	 5 4 8 8
      3.07295262926714940477e-01 	 5 5 1 1
      5.91632228075459156748e-04 	 5 5 2 1
      1.19238191216052544230e-01 	 5 5 2 2
      7.56189580409910057368e-03 	 5 5 3 1
     -1.34758010635482785439e-03 	 5 5 3 2
      2.04507809776752702557e-01 	 5 5 3 3
     -4.55405156511344989118e-03 	 5 5 4 1
      3.88927025865447491011e-04 	 5 5 4 2
     -7.26714322231711284950e-03 	 5 5 4 3
      1.73245744737335616303e-01 	 5 5 4 4
      3.72799593248251126543e-02 	 5 5 5 1
     -2.95615123585878068757e-02 	 5 5 5 2
     -2.04625380909349390002e-02 	 5 5 5 3
     -8.04055059599587465535e-03 	 5 5 5 4
      6.55669904760211252892e-01 	 5 5 5 5
      2.80883938028402089376e-03 	 5 5 6 1
      2.17543673096876711637e-04 	 5 5 6 2
     -6.20903196184974769112e-03 	 5 5 6 3
     -7.66374560034881104759e-03 	 5 5 6 4
     -1.65072487461850013479e-02 	 5 5 6 5
      1.27535482956075751915e-01 	 5 5 6 6
      3.50964311296993658126e-03 	 5 5 7 1
      8.48990684678189240671e-04 	 5 5 7 2
      2.02371318246913171890e-03 	 5 5 7 3
      4.13037625071573880758e-03 	 5 5 7 4
      2.90853496542676538683e-02 	 5 5 7 5
     -1.65750280480810681036e-03 	 5 5 7 6
      1.41212170841749251604e-01 	 5 5 7 7
      2.49968516087771090717e-02 	 5 5 8 1
      2.37423706880793370516e-03 	 5 5 8 2
     -5.15205647570294005683e-03 	 5 5 8 3
     -6.63481611769198504139e-04 	 5 5 8 4
     -8.18333831147318759014e-03 	 5 5 8 5
      3.94326291040163114804e-03 	 5 5 8 6
     -2.59096302699680404447e-03 	 5 5 8 7
      1.92331991380980782402e-01 	 5 5 8 8
      5.42747670046795586268e-03 	 6 1 1 1
      4.61196317962934770277e-04 	 6 1 2 1
     -1.87991796653007840366e-04 	 6 1 2 2
      2.75931196698002434171e-04 	 6 1 3 1
     -4.92132442903535079030e-04 	 6 1 3 2
      5.84891641749592304349e-04 	 6 1 3 3
      5.30676448413330988617e-04 	 6 1 4 1
     -3.02767857270842594055e-04 	 6 1 4 2
     -1.05191336159606908286e-03 	 6 1 4 3
      2.96412344188203913734e-03 	 6 1 4 4
      5.84696573674979482721e-04 	 6 1 5 1
     -1.13757211004522369030e-03 	 6 1 5 2
     -5.74049143998491277936e-04 	 6 1 5 3
     -5.67381856519810203951e-04 	 6 1 5 4
      2.80883938028404171044e-03 	 6 1 5 5
      1.38622340380735020043e-03 	 6 1 6 1
     -4.25336630040166585164e-04 	 6 1 6 2
     -1.54272874417717533249e-03 	 6 1 6 3
     -1.48001213970649979183e-03 	 6 1 6 4
     -8.33074189856332640754e-04 	 6 1 6 5
      1.20518270234825134422e-03 	 6 1 6 6
     -3.55430288322537940408e-04 	 6 1 7 1
      1.28974660191359885922e-03 	 6 1 7 2
      3.79108178409279391284e-04 	 6 1 7 3
      2.75643249752847367250e-04 	 6 1 7 4
      7.88839958963640972521e-04 	 6 1 7 5
     -3.47558945267870361522e-05 	 6 1 7 6
      6.16552668111306867264e-04 	 6 1 7 7
      4.61136257296681096717e-04 	 6 1 8 1
     -7.35695676828709664704e-05 	 6 1 8 2
     -2.17020166411312334697e-04 	 6 1 8 3
     -2.10907507273070288526e-04 	 6 1 8 4
     -5.25853865286377361457e-05 	 6 1 8 5
     -6.35626048370392790141e-04 	 6 1 8 6
     -5.08398994753369598299e-06 	 6 1 8 7
      3.68272561031758854239e-03 	 6 1 8 8
     -9.72044983131161393188e-05 	 6 2 1 1
     -4.26636706384443762513e-04 	 6 2 2 1
     -4.11308564022614796957e-03 	 6 2 2 2
     -7.42517036862655661379e-04 	 6 2 3 1
      1.70889514809232463330e-03 	 6 2 3 2
      2.17911612209964792274e-04 	 6 2 3 3
     -1.06031941489633204962e-04 	 6 2 4 1
      1.68850793863185833464e-03 	 6 2 4 2
      1.25677420978633240176e-03 	 6 2 4 3
     -3.50972500017425687382e-03 	 6 2 4 4
     -7.42369077482138428614e-04 	 6 2 5 1
      2.63563141314912237692e-03 	 6 2 5 2
      8.69206281918805437857e-04 	 6 2 5 3
      6.78892268081540749096e-04 	 6 2 5 4
      2.17543673096883189745e-04 	 6 2 5 5
     -4.25336630040171897755e-04 	 6 2 6 1
      4.77787306862179680239e-03 	 6 2 6 2
      2.63270134060680609245e-03 	 6 2 6 3
      3.15663739407388713523e-03 	 6 2 6 4
      1.70579609688493896540e-03 	 6 2 6 5
     -4.11518310863621256113e-03 	 6 2 6 6
      1.03512114211812703891e-04 	 6 2 7 1
     -3.15869073540128242686e-03 	 6 2 7 2
     -6.77931031564277773727e-04 	 6 2 7 3
     -8.39313113360060764588e-04 	 6 2 7 4
     -1.25529799496013451734e-03 	 6 2 7 5
     -1.68239571873978030654e-03 	 6 2 7 6
     -3.51104416250719482406e-03 	 6 2 7 7
     -1.80387440580006609171e-03 	 6 2 8 1
     -1.44179508036006002493e-03 	 6 2 8 2
      3.11232936803456739037e-04 	 6 2 8 3
     -7.38957754997388764975e-04 	 6 2 8 4
      3.11740357891874576846e-04 	 6 2 8 5
     -1.44035594093548072366e-03 	 6 2 8 6
      7.41716523787147238855e-04 	 6 2 8 7
     -1.60907065723015895581e-03 	 6 2 8 8
     -1.15304705675709703860e-02 	 6 3 1 1
     -1.13754123304201791751e-03 	 6 3 2 1
      9.51387685958660078711e-03 	 6 3 2 2
     -3.46927472505830988836e-03 	 6 3 3 1
      2.34442192286075457366e-03 	 6 3 3 2
     -2.95486565757694490120e-02 	 6 3 3 3
     -6.88635181208212547761e-04 	 6 3 4 1
      5.76153262819087495089e-04 	 6 3 4 2
      4.88475540632608146163e-03 	 6 3 4 3
     -5.55156880682160583373e-03 	 6 3 4 4
     -1.99759183071513465174e-03 	 6 3 5 1
      3.91862381775927911404e-03 	 6 3 5 2
      2.79582277556746430780e-03 	 6 3 5 3
      1.30896606652664503588e-03 	 6 3 5 4
     -6.20903196184973207861e-03 	 6 3 5 5
     -1.54272874417717685037e-03 	 6 3 6 1
      2.63270134060680392404e-03 	 6 3 6 2
      7.19057923721682333562e-03 	 6 3 6 3
      6.91438776594302008383e-03 	 6 3 6 4
      2.45802249625680846110e-03 	 6 3 6 5
     -3.03920184884522636901e-03 	 6 3 6 6
      4.41608627557354732791e-04 	 6 3 7 1
     -4.80367190297219942563e-03 	 6 3 7 2
     -1.47935086984318352882e-03 	 6 3 7 3
     -7.72657031401778799685e-04 	 6 3 7 4
     -3.12191386510518066599e-03 	 6 3 7 5
     -9.57524965800832499746e-04 	 6 3 7 6
     -3.26521136293205426968e-04 	 6 3 7 7
     -3.60949996889117904683e-03 	 6 3 8 1
     -7.05033548667673452479e-04 	 6 3 8 2
      9.41476127151531067515e-04 	 6 3 8 3
     -8.39981890600460627538e-04 	 6 3 8 4
      7.46502969316105912875e-04 	 6 3 8 5
     -1.35398249055288031999e-03 	 6 3 8 6
      4.35760960839593695492e-04 	 6 3 8 7
     -5.93604539896534170312e-03 	 6 3 8 8
     -6.64998410987403549416e-03 	 6 4 1 1
     -1.28988359620926828532e-03 	 6 4 2 1
      1.21226227601958537472e-02 	 6 4 2 2
     -1.76850048202318818093e-03 	 6 4 3 1
      1.66868901074944051000e-03 	 6 4 3 2
     -8.48364186042587149240e-04 	 6 4 3 3
     -9.19360565363493468204e-04 	 6 4 4 1
      4.85715677829798644916e-04 	 6 4 4 2
      4.20164836438487697412e-03 	 6 4 4 3
     -1.72527812695628356143e-02 	 6 4 4 4
     -2.50628157802405132637e-03 	 6 4 5 1
      4.80466644136167981421e-03 	 6 4 5 2
      2.29265673152691988948e-03 	 6 4 5 3
      1.50372119842259429137e-03 	 6 4 5 4
     -7.66374560034893768240e-03 	 6 4 5 5
     -1.48001213970651323594e-03 	 6 4 6 1
      3.15663739407390361510e-03 	 6 4 6 2
      6.91438776594301141021e-03 	 6 4 6 3
      1.41351540066881383589e-02 	 6 4 6 4
      2.90342927451953981832e-03 	 6 4 6 5
     -6.06117411858749042392e-03 	 6 4 6 6
      1.04589416035363565530e-03 	 6 4 7 1
     -5.56921184170936812985e-03 	 6 4 7 2
     -1.32817976077446433733e-03 	 6 4 7 3
     -1.07312276563789133280e-03 	 6 4 7 4
     -3.80716242449495199593e-03 	 6 4 7 5
     -1.20242524402202743267e-03 	 6 4 7 6
      1.92279872772177918942e-03 	 6 4 7 7
     -3.82502054071221387482e-03 	 6 4 8 1
     -6.19606947877517771905e-04 	 6 4 8 2
      7.97006060278439201067e-04 	 6 4 8 3
     -1.33781166923937073739e-04 	 6 4 8 4
      7.54293510932396390513e-04 	 6 4 8 5
     -2.03657684900412265863e-03 	 6 4 8 6
      1.02781608853356933725e-03 	 6 4 8 7
     -1.00106230968044010443e-02 	 6 4 8 8
     -4.39818753475811931308e-03 	 6 5 1 1
     -4.91690524816293752543e-04 	 6 5 2 1
      5.37009979444617261551e-03 	 6 5 2 2
     -7.89707649099288702503e-04 	 6 5 3 1
      8.42149050964105701234e-04 	 6 5 3 2
     -1.34341880180922782287e-03 	 6 5 3 3
     -2.46429925964255299060e-04 	 6 5 4 1
      6.29470751059293346513e-04 	 6 5 4 2
      1.45800963636447404766e-03 	 6 5 4 3
     -3.33156878619777097744e-03 	 6 5 4 4
     -1.66376612032875944268e-03 	 6 5 5 1
      2.34101719117290945835e-03 	 6 5 5 2
      1.36861430719900363344e-03 	 6 5 5 3
      8.39876466768860359402e-04 	 6 5 5 4
     -1.65072487461850082868e-02 	 6 5 5 5
     -8.33074189856334700738e-04 	 6 5 6 1
      1.70579609688493874856e-03 	 6 5 6 2
      2.45802249625680889478e-03 	 6 5 6 3
      2.90342927451953071102e-03 	 6 5 6 4
      1.84787940659679656742e-03 	 6 5 6 5
     -2.17554411805649487721e-03 	 6 5 6 6
      1.83896419770571075032e-04 	 6 5 7 1
     -1.66436427788978279045e-03 	 6 5 7 2
     -6.41732634513669472111e-04 	 6 5 7 3
     -5.90152578209389693659e-04 	 6 5 7 4
     -1.97624679617489605599e-03 	 6 5 7 5
     -8.33236314173158411703e-04 	 6 5 7 6
      1.68129617145530035373e-03 	 6 5 7 7
     -1.46183598097112234585e-03 	 6 5 8 1
     -2.03821553496028306249e-04 	 6 5 8 2
      3.21764037942708427953e-04 	 6 5 8 3
     -3.42635617638380369793e-04 	 6 5 8 4
      4.25908369084127588333e-04 	 6 5 8 5
     -5.66031646026275811652e-04 	 6 5 8 6
      3.05785197341880399767e-04 	 6 5 8 7
     -1.82150351182796773654e-03 	 6 5 8 8
      1.50907465964963849459e-01 	 6 6 1 1
     -1.99080918682460723075e-04 	 6 6 2 1
      2.09014496990885007000e-01 	 6 6 2 2
     -9.91959386152907636458e-03 	 6 6 3 1
      5.37648475011530055379e-03 	 6 6 3 2
      1.19231890115824731846e-01 	 6 6 3 3
      6.18673701967022322823e-03 	 6 6 4 1
      2.33958620936348081487e-03 	 6 6 4 2
      6.30917996416357779871e-03 	 6 6 4 3
      2.59081826056993869134e-01 	 6 6 4 4
     -8.13701440991397920155e-03 	 6 6 5 1
      9.51743734849590065916e-03 	 6 6 5 2
      7.12640563264071730948e-03 	 6 6 5 3
      1.86363279033118097415e-03 	 6 6 5 4
      1.27535482956075890693e-01 	 6 6 5 5
      1.20518270234827996716e-03 	 6 6 6 1
     -4.11518310863620648959e-03 	 6 6 6 2
     -3.03920184884523244054e-03 	 6 6 6 3
     -6.06117411858763267124e-03 	 6 6 6 4
     -2.17554411805649270881e-03 	 6 6 6 5
      3.79622648774544602102e-01 	 6 6 6 6
     -5.61183760197122953606e-03 	 6 6 7 1
     -1.21208785786341595447e-02 	 6 6 7 2
     -1.69287803940438370993e-03 	 6 6 7 3
     -9.33109104754859192479e-04 	 6 6 7 4
     -6.61934885435700934297e-03 	 6 6 7 5
      3.18173460758841737672e-03 	 6 6 7 6
      1.72528244439070888028e-01 	 6 6 7 7
     -2.03551471972674147271e-02 	 6 6 8 1
     -5.97920494672195441954e-03 	 6 6 8 2
      2.50680101758532893411e-03 	 6 6 8 3
     -7.34589701991645617485e-03 	 6 6 8 4
      3.16091673969542573050e-03 	 6 6 8 5
      2.77867441816392543585e-03 	 6 6 8 6
      8.34298726291849215841e-03 	 6 6 8 7
      1.98970010616514425550e-01 	 6 6 8 8
      5.32054383041625535145e-03 	 7 1 1 1
     -5.28061421027999815594e-04 	 7 1 2 1
     -6.19172188750103432570e-03 	 7 1 2 2
      1.17861931585121096182e-03 	 7 1 3 1
      2.44699406093258436078e-04 	 7 1 3 2
      4.57586130033117103461e-03 	 7 1 3 3
     -1.11209949181432566669e-03 	 7 1 4 1
     -1.43504969515938960139e-05 	 7 1 4 2
      1.95532829381881638302e-04 	 7 1 4 3
     -4.25046796452917003545e-03 	 7 1 4 4
      7.64316139348180908011e-04 	 7 1 5 1
      6.83721299381318653975e-04 	 7 1 5 2
     -2.52421009615092428388e-04 	 7 1 5 3
      2.42554497936649075557e-04 	 7 1 5 4
      3.50964311296991056041e-03 	 7 1 5 5
     -3.55430288322538970400e-04 	 7 1 6 1
      1.03512114211796237570e-04 	 7 1 6 2
      4.41608627557351859656e-04 	 7 1 6 3
      1.04589416035364107631e-03 	 7 1 6 4
      1.83896419770574951055e-04 	 7 1 6 5
     -5.61183760197119137214e-03 	 7 1 6 6
      1.72247786564901994924e-03 	 7 1 7 1
     -9.13359890313467245003e-04 	 7 1 7 2
     -3.36161131491266194568e-04 	 7 1 7 3
     -4.48691539151001612278e-05 	 7 1 7 4
     -5.70489573237030630180e-04 	 7 1 7 5
     -1.25253148326939870707e-04 	 7 1 7 6
     -5.67701272845469451234e-03 	 7 1 7 7
      2.15663840596191577759e-03 	 7 1 8 1
      4.84401429679390022227e-04 	 7 1 8 2
     -3.08142453103825853921e-04 	 7 1 8 3
      8.54350507968574569839e-04 	 7 1 8 4
     -2.27180345225930582515e-04 	 7 1 8 5
      2.45124058128771103726e-04 	 7 1 8 6
     -1.06537696944516567694e-03 	 7 1 8 7
     -6.56817928193025729611e-03 	 7 1 8 8
      6.65618745174409703197e-03 	 7 2 1 1
      1.48422955451573052900e-03 	 7 2 2 1
      6.06412622105118384597e-03 	 7 2 2 2
      2.50837869129601903628e-03 	 7 2 3 1
     -2.91443135534604543663e-03 	 7 2 3 2
      7.66968940567110124551e-03 	 7 2 3 3
      1.05273209381692906851e-03 	 7 2 4 1
     -1.22088591929367883647e-03 	 7 2 4 2
     -3.81127842332007905207e-03 	 7 2 4 3
     -1.91951645042346547010e-03 	 7 2 4 4
      1.76833266169498662737e-03 	 7 2 5 1
     -6.93080385987022377231e-03 	 7 2 5 2
     -2.29418299882668897186e-03 	 7 2 5 3
     -1.33167234631606100533e-03 	 7 2 5 4
      8.48990684678140776834e-04 	 7 2 5 5
      1.28974660191361013492e-03 	 7 2 6 1
     -3.15869073540130280986e-03 	 7 2 6 2
     -4.80367190297221243606e-03 	 7 2 6 3
     -5.56921184170938981389e-03 	 7 2 6 4
     -1.66436427788979059671e-03 	 7 2 6 5
     -1.21208785786340970947e-02 	 7 2 6 6
     -9.13359890313455535620e-04 	 7 2 7 1
      1.41540677175917648661e-02 	 7 2 7 2
      1.50126211347400380022e-03 	 7 2 7 3
      1.07146292092022833546e-03 	 7 2 7 4
      4.20555604741107251499e-03 	 7 2 7 5
      4.70615454532338545104e-04 	 7 2 7 6
      1.72670095807818738121e-02 	 7 2 7 7
      3.82588956407077648500e-03 	 7 2 8 1
      2.04531412957964378943e-03 	 7 2 8 2
     -7.54793610374796626258e-04 	 7 2 8 3
      1.01950907222569855243e-03 	 7 2 8 4
     -7.96022187811546225178e-04 	 7 2 8 5
      6.14456997859730703719e-04 	 7 2 8 6
     -1.45561706527403393217e-04 	 7 2 8 7
      1.00203933805631875686e-02 	 7 2 8 8
      5.58932984942958361457e-03 	 7 3 1 1
      5.67177523712236318805e-04 	 7 3 2 1
     -1.86451935575873565046e-03 	 7 3 2 2
      1.20512225065503891970e-03 	 7 3 3 1
     -8.39592802114608681950e-04 	 7 3 3 2
      8.01298744078131688906e-03 	 7 3 3 3
      2.43826768571407247622e-04 	 7 3 4 1
     -3.44793052441865659555e-04 	 7 3 4 2
     -1.21180619217885958243e-03 	 7 3 4 3
      5.80324791567225621060e-04 	 7 3 4 4
      6.22743622655553890829e-04 	 7 3 5 1
     -1.30815457089920460405e-03 	 7 3 5 2
     -9.49486221166690467013e-04 	 7 3 5 3
     -5.45522999511837444579e-04 	 7 3 5 4
      2.02371318246914169356e-03 	 7 3 5 5
      3.79108178409285733867e-04 	 7 3 6 1
     -6.77931031564274087439e-04 	 7 3 6 2
     -1.47935086984318569722e-03 	 7 3 6 3
     -1.32817976077447669724e-03 	 7 3 6 4
     -6.41732634513675435223e-04 	 7 3 6 5
     -1.69287803940437568684e-03 	 7 3 6 6
     -3.36161131491267332980e-04 	 7 3 7 1
      1.50126211347400184866e-03 	 7 3 7 2
      7.85284310724022492287e-04 	 7 3 7 3
      4.98190777640920758745e-04 	 7 3 7 4
      1.12831615927131909127e-03 	 7 3 7 5
      4.60449364359659504744e-04 	 7 3 7 6
      1.48572111349923362614e-03 	 7 3 7 7
      1.14029140462064567350e-03 	 7 3 8 1
      1.38982528970106464705e-04 	 7 3 8 2
     -2.22282977810669046728e-04 	 7 3 8 3
      1.18404685326180408064e-04 	 7 3 8 4
     -2.79232232224465540694e-04 	 7 3 8 5
      1.86433818248575621304e-04 	 7 3 8 6
      2.43761861669654859226e-06 	 7 3 8 7
      3.35035143109536611220e-03 	 7 3 8 8
      5.58755154982981498690e-03 	 7 4 1 1
      2.77134553820222436036e-04 	 7 4 2 1
     -9.47711566283876189094e-04 	 7 4 2 2
      7.13740286941161620679e-04 	 7 4 3 1
     -5.91030151470250280678e-04 	 7 4 3 2
      4.13039454352475288862e-03 	 7 4 3 3
      4.65194625139608459725e-05 	 7 4 4 1
     -5.80845862136415724310e-04 	 7 4 4 2
     -9.79416387218295719438e-04 	 7 4 4 3
      8.25396246247859198542e-03 	 7 4 4 4
      7.14289729882775642489e-04 	 7 4 5 1
     -7.73304927068816077423e-04 	 7 4 5 2
     -7.50485751132584687564e-04 	 7 4 5 3
     -4.98711495854936418849e-04 	 7 4 5 4
      4.13037625071576656316e-03 	 7 4 5 5
      2.75643249752874743355e-04 	 7 4 6 1
     -8.39313113360040056327e-04 	 7 4 6 2
     -7.72657031401787256462e-04 	 7 4 6 3
     -1.07312276563791540208e-03 	 7 4 6 4
     -5.90152578209403463026e-04 	 7 4 6 5
     -9.33109104754848784138e-04 	 7 4 6 6
     -4.48691539150889058540e-05 	 7 4 7 1
      1.07146292092027777508e-03 	 7 4 7 2
      4.98190777640917506139e-04 	 7 4 7 3
      1.67216508954159633928e-03 	 7 4 7 4
      9.78977534102462793389e-04 	 7 4 7 5
      5.79325588132060306096e-04 	 7 4 7 6
      8.23790967704974251562e-03 	 7 4 7 7
      2.37862743679374518194e-03 	 7 4 8 1
      6.73129891520206358191e-04 	 7 4 8 2
     -5.82278164649688398553e-04 	 7 4 8 3
     -7.41745896312424570418e-05 	 7 4 8 4
     -5.82549698272348277089e-04 	 7 4 8 5
      6.74695036806191128335e-04 	 7 4 8 6
      6.92396401535855823784e-05 	 7 4 8 7
      1.14034902958391384103e-02 	 7 4 8 8
      1.22229622869460177043e-02 	 7 5 1 1
      1.05270746806376499539e-03 	 7 5 2 1
     -6.31419463976086968449e-03 	 7 5 2 2
      1.74961594044587887865e-03 	 7 5 3 1
     -1.46119704935474795278e-03 	 7 5 3 2
      7.26592684383065966908e-03 	 7 5 3 3
      2.00300227392540062914e-04 	 7 5 4 1
     -3.06178564800040986862e-04 	 7 5 4 2
     -2.55459177515815873474e-03 	 7 5 4 3
      1.83609700943380971250e-03 	 7 5 4 4
      3.30285797160427205266e-03 	 7 5 5 1
     -4.88840941115445664494e-03 	 7 5 5 2
     -2.46700452103891043967e-03 	 7 5 5 3
     -1.21467712747341523120e-03 	 7 5 5 4
      2.90853496542676157044e-02 	 7 5 5 5
      7.88839958963640864101e-04 	 7 5 6 1
     -1.25529799496012714477e-03 	 7 5 6 2
     -3.12191386510517936495e-03 	 7 5 6 3
     -3.80716242449495242961e-03 	 7 5 6 4
     -1.97624679617489952543e-03 	 7 5 6 5
     -6.61934885435702148604e-03 	 7 5 6 6
     -5.70489573237034208048e-04 	 7 5 7 1
      4.20555604741107511707e-03 	 7 5 7 2
      1.12831615927132017548e-03 	 7 5 7 3
      9.78977534102466479676e-04 	 7 5 7 4
      4.67865829739901126910e-03 	 7 5 7 5
      7.04772413761428542095e-04 	 7 5 7 6
      1.07204068683540969936e-02 	 7 5 7 7
      3.46647029269918534322e-03 	 7 5 8 1
      8.74936296480359563393e-04 	 7 5 8 2
     -7.35020206977928143577e-04 	 7 5 8 3
      5.38168896793494609329e-04 	 7 5 8 4
     -9.90396352443396240511e-04 	 7 5 8 5
      7.67186730442008199028e-04 	 7 5 8 6
     -5.41156968538069617879e-04 	 7 5 8 7
      7.67420408728840264256e-03 	 7 5 8 8
     -1.33014781054980311438e-03 	 7 6 1 1
      2.99819136407165616302e-04 	 7 6 2 1
     -2.34228756215511388014e-03 	 7 6 2 2
      3.08942803333363627278e-04 	 7 6 3 1
     -6.25940861295106918370e-04 	 7 6 3 2
     -3.95751489109422301647e-04 	 7 6 3 3
     -1.73222830045887047474e-05 	 7 6 4 1
     -5.86589292727363606841e-04 	 7 6 4 2
     -2.98394315794578098879e-04 	 7 6 4 3
      3.03133414984768038286e-04 	 7 6 4 4
      2.62707582047644501444e-04 	 7 6 5 1
     -5.65590454430394827708e-04 	 7 6 5 2
     -3.99849023251811473180e-04 	 7 6 5 3
     -3.41990655382217595415e-04 	 7 6 5 4
     -1.65750280480811374925e-03 	 7 6 5 5
     -3.47558945267853082049e-05 	 7 6 6 1
     -1.68239571873978876332e-03 	 7 6 6 2
     -9.57524965800834017629e-04 	 7 6 6 3
     -1.20242524402201940957e-03 	 7 6 6 4
     -8.33236314173160688527e-04 	 7 6 6 5
      3.18173460758841477464e-03 	 7 6 6 6
     -1.25253148326941632536e-04 	 7 6 7 1
      4.70615454532322011021e-04 	 7 6 7 2
      4.60449364359659342114e-04 	 7 6 7 3
      5.79325588132043717803e-04 	 7 6 7 4
      7.04772413761427891574e-04 	 7 6 7 5
      1.45410202803654409198e-03 	 7 6 7 6
      4.08408068337111525292e-03 	 7 6 7 7
      5.52874345898606706085e-04 	 7 6 8 1
      1.81716456330133219318e-04 	 7 6 8 2
     -5.91424921354877816508e-05 	 7 6 8 3
      5.90040730530351715047e-04 	 7 6 8 4
     -1.40798579192561834194e-04 	 7 6 8 5
      6.25940724931671617880e-04 	 7 6 8 6
     -3.08568484465342575754e-04 	 7 6 8 7
     -1.11890956867674606391e-03 	 7 6 8 8
      1.88637226552293119086e-01 	 7 7 1 1
      2.96762711813696551319e-03 	 7 7 2 1
      2.59055313054608216117e-01 	 7 7 2 2
      1.09243331874962052407e-03 	 7 7 3 1
     -3.34339827735581629486e-03 	 7 7 3 2
      1.73224142996609098422e-01 	 7 7 3 3
      4.24837951230774141242e-03 	 7 7 4 1
     -3.26306739970172216166e-04 	 7 7 4 2
     -1.83228941022474476480e-03 	 7 7 4 3
      1.80003472376040529745e-01 	 7 7 4 4
     -3.43480226422180484613e-03 	 7 7 5 1
     -5.56173696521394030773e-03 	 7 7 5 2
      4.24177265486763081619e-04 	 7 7 5 3
     -5.76849826869747631976e-04 	 7 7 5 4
      1.41212170841749168337e-01 	 7 7 5 5
      6.16552668111320853472e-04 	 7 7 6 1
     -3.51104416250723125326e-03 	 7 7 6 2
     -3.26521136293226135229e-04 	 7 7 6 3
      1.92279872772173712238e-03 	 7 7 6 4
      1.68129617145529059591e-03 	 7 7 6 5
      1.72528244439070999050e-01 	 7 7 6 6
     -5.67701272845469017553e-03 	 7 7 7 1
      1.72670095807818634037e-02 	 7 7 7 2
      1.48572111349923145773e-03 	 7 7 7 3
      8.23790967704965231000e-03 	 7 7 7 4
      1.07204068683540796464e-02 	 7 7 7 5
      4.08408068337113867169e-03 	 7 7 7 6
      4.13772088227615464362e-01 	 7 7 7 7
      2.78784193906117224240e-03 	 7 7 8 1
      6.95674800180413194228e-03 	 7 7 8 2
     -1.52504990032442514815e-03 	 7 7 8 3
     -2.63002776546516624668e-04 	 7 7 8 4
     -2.74249191684655191717e-03 	 7 7 8 5
     -8.26444650797473600451e-04 	 7 7 8 6
      4.90995008162818484532e-03 	 7 7 8 7
      2.61615469710980153017e-01 	 7 7 8 8
      4.82177929449771613957e-02 	 8 1 1 1
      4.68323704007413653405e-04 	 8 1 2 1
     -2.03556180473501678596e-02 	 8 1 2 2
      5.01180335646080402090e-03 	 8 1 3 1
     -1.46559947707707288050e-03 	 8 1 3 2
      2.49964766248820871586e-02 	 8 1 3 3
     -2.14367097657766928973e-03 	 8 1 4 1
     -5.55788071709687543816e-04 	 8 1 4 2
     -3.46800479133491969252e-03 	 8 1 4 3
      2.79332790739479468189e-03 	 8 1 4 4
      5.01220829759168023249e-03 	 8 1 5 1
     -3.61233740018947202532e-03 	 8 1 5 2
     -3.78733101768574187754e-03 	 8 1 5 3
     -1.14398968235261645418e-03 	 8 1 5 4
      2.49968516087770882550e-02 	 8 1 5 5
      4.61136257296708635452e-04 	 8 1 6 1
     -1.80387440580006782644e-03 	 8 1 6 2
     -3.60949996889119335830e-03 	 8 1 6 3
     -3.82502054071231969296e-03 	 8 1 6 4
     -1.46183598097114012676e-03 	 8 1 6 5
     -2.03551471972672586019e-02 	 8 1 6 6
      2.15663840596189105778e-03 	 8 1 7 1
      3.82588956407084760866e-03 	 8 1 7 2
      1.14029140462065759973e-03 	 8 1 7 3
      2.37862743679377076911e-03 	 8 1 7 4
      3.46647029269919878733e-03 	 8 1 7 5
      5.52874345898600959813e-04 	 8 1 7 6
      2.78784193906125637649e-03 	 8 1 7 7
      1.91961364780358634263e-02 	 8 1 8 1
      3.08491902196009150014e-03 	 8 1 8 2
     -3.39178860536140051180e-03 	 8 1 8 3
      3.88389586660832725543e-03 	 8 1 8 4
     -3.39167091741065943392e-03 	 8 1 8 5
      3.08761624786905606796e-03 	 8 1 8 6
     -3.89829148423300559864e-03 	 8 1 8 7
      2.47012728957371752170e-02 	 8 1 8 8
      3.93557057453952988113e-03 	 8 2 1 1
     -6.32180546082632545228e-04 	 8 2 2 1
      2.78449550189493327812e-03 	 8 2 2 2
      9.62649141163953348151e-04 	 8 2 3 1
     -5.69628718044333276667e-04 	 8 2 3 2
      3.94604316674662843056e-03 	 8 2 3 3
     -2.41006360301982249308e-04 	 8 2 4 1
     -6.26967489500701016455e-04 	 8 2 4 2
     -7.70224870275495131743e-04 	 8 2 4 3
     -8.18212293958057133858e-04 	 8 2 4 4
      4.87407437434400419522e-04 	 8 2 5 1
     -1.36104929126525998374e-03 	 8 2 5 2
     -5.44753412775522455509e-04 	 8 2 5 3
     -1.87492250813983609304e-04 	 8 2 5 4
      2.37423706880791809265e-03 	 8 2 5 5
     -7.35695676828628620592e-05 	 8 2 6 1
     -1.44179508036004788187e-03 	 8 2 6 2
     -7.05033548667675946144e-04 	 8 2 6 3
     -6.19606947877576535663e-04 	 8 2 6 4
     -2.03821553496033401999e-04 	 8 2 6 5
     -5.97920494672197783831e-03 	 8 2 6 6
      4.84401429679398045323e-04 	 8 2 7 1
      2.04531412957969756586e-03 	 8 2 7 2
      1.38982528970104757086e-04 	 8 2 7 3
      6.73129891520215899170e-04 	 8 2 7 4
      8.74936296480357394989e-04 	 8 2 7 5
      1.81716456330127581467e-04 	 8 2 7 6
      6.95674800180421781109e-03 	 8 2 7 7
      3.08491902196010581161e-03 	 8 2 8 1
      2.37162319458397415420e-03 	 8 2 8 2
     -6.24668952165553098554e-04 	 8 2 8 3
      1.06462131757351454765e-03 	 8 2 8 4
     -5.74048515064227125870e-04 	 8 2 8 5
      7.01952464602260462791e-04 	 8 2 8 6
     -3.00559130644674650772e-04 	 8 2 8 7
      7.08599916165858836892e-03 	 8 2 8 8
     -6.93221941672731920003e-03 	 8 3 1 1
     -5.40323619715968412268e-05 	 8 3 2 1
      3.16221817020473057805e-03 	 8 3 2 2
     -9.88454417171241717099e-04 	 8 3 3 1
      4.27112227551156953091e-04 	 8 3 3 2
     -8.19101171021707936959e-03 	 8 3 3 3
      2.24563410133967014974e-04 	 8 3 4 1
      1.41565028124029544318e-04 	 8 3 4 2
      9.91964736521315200782e-04 	 8 3 4 3
     -2.74373296921646622759e-03 	 8 3 4 4
     -1.09698051802700996364e-03 	 8 3 5 1
      7.47378506050522381163e-04 	 8 3 5 2
      7.98818864427631113688e-04 	 8 3 5 3
      2.80249758073886317926e-04 	 8 3 5 4
     -5.15205647570293138321e-03 	 8 3 5 5
     -2.17020166411334398211e-04 	 8 3 6 1
      3.11232936803458473760e-04 	 8 3 6 2
      9.41476127151545378983e-04 	 8 3 6 3
      7.97006060278491676452e-04 	 8 3 6 4
      3.21764037942721655219e-04 	 8 3 6 5
      2.50680101758526258093e-03 	 8 3 6 6
     -3.08142453103807964585e-04 	 8 3 7 1
     -7.54793610374802372530e-04 	 8 3 7 2
     -2.22282977810676852983e-04 	 8 3 7 3
     -5.82278164649710949959e-04 	 8 3 7 4
     -7.35020206977937684556e-04 	 8 3 7 5
     -5.91424921354789521794e-05 	 8 3 7 6
     -1.52504990032443056916e-03 	 8 3 7 7
     -3.39178860536140311388e-03 	 8 3 8 1
     -6.24668952165549954368e-04 	 8 3 8 2
      9.91309185279301129795e-04 	 8 3 8 3
     -5.14522272463374999961e-04 	 8 3 8 4
      7.64391503874315000541e-04 	 8 3 8 5
     -5.74591173188045015521e-04 	 8 3 8 6
      8.07151477053236741412e-04 	 8 3 8 7
     -8.51997966543031372277e-03 	 8 3 8 8
     -5.06397839770038538576e-05 	 8 4 1 1
      6.00040075942113215247e-06 	 8 4 2 1
     -8.32312129593778746162e-03 	 8 4 2 2
      1.12053003501150997417e-03 	 8 4 3 1
     -3.04604363047758237414e-04 	 8 4 3 2
      2.57893085670711725080e-03 	 8 4 3 3
     -1.06327062312193930393e-03 	 8 4 4 1
     -3.06555800435143101929e-04 	 8 4 4 2
     -5.33781763043616346888e-04 	 8 4 4 3
     -4.96066339410666367477e-03 	 8 4 4 4
      5.78844391175645277617e-04 	 8 4 5 1
     -4.29456556019544035373e-04 	 8 4 5 2
     -5.41406423615910931124e-04 	 8 4 5 3
      3.47726797585764216172e-06 	 8 4 5 4
     -6.63481611769199154660e-04 	 8 4 5 5
     -2.10907507273096932795e-04 	 8 4 6 1
     -7.38957754997410774279e-04 	 8 4 6 2
     -8.39981890600452279182e-04 	 8 4 6 3
     -1.33781166923809381828e-04 	 8 4 6 4
     -3.42635617638370503554e-04 	 8 4 6 5
     -7.34589701991657500341e-03 	 8 4 6 6
      8.54350507968564269919e-04 	 8 4 7 1
      1.01950907222551597278e-03 	 8 4 7 2
      1.18404685326175556259e-04 	 8 4 7 3
     -7.41745896312210304963e-05 	 8 4 7 4
      5.38168896793491790403e-04 	 8 4 7 5
      5.90040730530317345838e-04 	 8 4 7 6
     -2.63002776546776507929e-04 	 8 4 7 7
      3.88389586660832899015e-03 	 8 4 8 1
      1.06462131757353709906e-03 	 8 4 8 2
     -5.14522272463367844227e-04 	 8 4 8 3
      5.50010733183733079021e-03 	 8 4 8 4
     -8.03999973146901506307e-04 	 8 4 8 5
      2.96989164555179377229e-04 	 8 4 8 6
      3.02221604169006848473e-04 	 8 4 8 7
     -3.73365235691355736719e-03 	 8 4 8 8
     -6.92944826238741946184e-03 	 8 5 1 1
     -2.18191958930099861582e-04 	 8 5 2 1
      2.50460824406978062664e-03 	 8 5 2 2
     -1.09676660043546425616e-03 	 8 5 3 1
      3.22447147503994056492e-04 	 8 5 3 2
     -5.15156282382168984046e-03 	 8 5 3 3
      3.05915251228992552800e-04 	 8 5 4 1
      6.04515324720851426128e-05 	 8 5 4 2
      7.35227966030454278996e-04 	 8 5 4 3
     -1.52856263023080658076e-03 	 8 5 4 4
     -9.87735768332661818319e-04 	 8 5 5 1
      9.41157834066720612107e-04 	 8 5 5 2
      7.98607762438036539870e-04 	 8 5 5 3
      2.22906521907509814085e-04 	 8 5 5 4
     -8.18333831147319279431e-03 	 8 5 5 5
     -5.25853865286562827792e-05 	 8 5 6 1
      3.11740357891876094729e-04 	 8 5 6 2
      7.46502969316119140142e-04 	 8 5 6 3
      7.54293510932438999658e-04 	 8 5 6 4
      4.25908369084140598759e-04 	 8 5 6 5
      3.16091673969535894365e-03 	 8 5 6 6
     -2.27180345225910389250e-04 	 8 5 7 1
     -7.96022187811557609301e-04 	 8 5 7 2
     -2.79232232224473943261e-04 	 8 5 7 3
     -5.82549698272369527452e-04 	 8 5 7 4
     -9.90396352443406432012e-04 	 8 5 7 5
     -1.40798579192554597144e-04 	 8 5 7 6
     -2.74249191684656969809e-03 	 8 5 7 7
     -3.39167091741065726551e-03 	 8 5 8 1
     -5.74048515064219970136e-04 	 8 5 8 2
      7.64391503874314566860e-04 	 8 5 8 3
     -8.03999973146903783132e-04 	 8 5 8 4
      9.91567705432091486481e-04 	 8 5 8 5
     -6.25280249031831482538e-04 	 8 5 8 6
      5.18140221596106206707e-04 	 8 5 8 7
     -8.51881078487039082592e-03 	 8 5 8 8
      3.92766205212403962665e-03 	 8 6 1 1
     -7.37673851089764469943e-05 	 8 6 2 1
     -5.98563159908769345380e-03 	 8 6 2 2
      4.87289640024832031422e-04 	 8 6 3 1
     -2.03665428780998644795e-04 	 8 6 3 2
      2.37245779634082153489e-03 	 8 6 3 3
     -4.83723695215338182155e-04 	 8 6 4 1
     -1.83481562526817811119e-04 	 8 6 4 2
     -8.71648437675332215385e-04 	 8 6 4 3
      6.95771554358867814344e-03 	 8 6 4 4
      9.62697647645228884311e-04 	 8 6 5 1
     -7.01445138619106729576e-04 	 8 6 5 2
     -5.43881905651367341704e-04 	 8 6 5 3
     -1.38509611366311076452e-04 	 8 6 5 4
      3.94326291040162334178e-03 	 8 6 5 5
     -6.35626048370378261831e-04 	 8 6 6 1
     -1.44035594093546901427e-03 	 8 6 6 2
     -1.35398249055288812624e-03 	 8 6 6 3
     -2.03657684900418771076e-03 	 8 6 6 4
     -5.66031646026280148461e-04 	 8 6 6 5
      2.77867441816402171301e-03 	 8 6 6 6
      2.45124058128766658497e-04 	 8 6 7 1
      6.14456997859801502121e-04 	 8 6 7 2
      1.86433818248580446004e-04 	 8 6 7 3
      6.74695036806205114543e-04 	 8 6 7 4
      7.67186730442013403199e-04 	 8 6 7 5
      6.25940724931672810502e-04 	 8 6 7 6
     -8.26444650797395971575e-04 	 8 6 7 7
      3.08761624786909379820e-03 	 8 6 8 1
      7.01952464602257643865e-04 	 8 6 8 2
     -5.74591173188063772219e-04 	 8 6 8 3
      2.96989164555140617002e-04 	 8 6 8 4
     -6.25280249031848829773e-04 	 8 6 8 5
      2.37114370378215194926e-03 	 8 6 8 6
     -1.07025667564550515387e-03 	 8 6 8 7
      7.07600420829435777792e-03 	 8 6 8 8
      3.02503048065664513185e-05 	 8 7 1 1
      2.07521993487147266184e-04 	 8 7 2 1
      7.35814341760349533567e-03 	 8 7 2 2
     -5.83615488838646321625e-04 	 8 7 3 1
      3.46514313443027307561e-04 	 8 7 3 2
      6.41293209499705914138e-04 	 8 7 3 3
      8.51897785722883463429e-04 	 8 7 4 1
      5.90870517575640291121e-04 	 8 7 4 2
      5.44823451567465330200e-04 	 8 7 4 3
      2.46785665142459410566e-04 	 8 7 4 4
     -1.12458613749255370226e-03 	 8 7 5 1
      8.48088201707621297358e-04 	 8 7 5 2
      5.45191018775380655849e-04 	 8 7 5 3
      1.20518182585736840606e-04 	 8 7 5 4
     -2.59096302699681532017e-03 	 8 7 5 5
     -5.08398994751886020092e-06 	 8 7 6 1
      7.41716523787175644952e-04 	 8 7 6 2
      4.35760960839595863896e-04 	 8 7 6 3
      1.02781608853343858247e-03 	 8 7 6 4
      3.05785197341874328235e-04 	 8 7 6 5
      8.34298726291845572922e-03 	 8 7 6 6
     -1.06537696944513835505e-03 	 8 7 7 1
     -1.45561706527220650941e-04 	 8 7 7 2
      2.43761861669474864725e-06 	 8 7 7 3
      6.92396401535809474142e-05 	 8 7 7 4
     -5.41156968538069726299e-04 	 8 7 7 5
     -3.08568484465317584894e-04 	 8 7 7 6
      4.90995008162852138167e-03 	 8 7 7 7
     -3.89829148423301991011e-03 	 8 7 8 1
     -3.00559130644696497446e-04 	 8 7 8 2
      8.07151477053241186640e-04 	 8 7 8 3
      3.02221604168967329304e-04 	 8 7 8 4
      5.18140221596109892994e-04 	 8 7 8 5
     -1.07025667564550818964e-03 	 8 7 8 6
      5.50471874544220061282e-03 	 8 7 8 7
      3.67950705203817741637e-03 	 8 7 8 8
      2.70565018052254580017e-01 	 8 8 1 1
      3.68251471919901415819e-03 	 8 8 2 1
      1.98959075619073749719e-01 	 8 8 2 2
      2.02774064714032016196e-03 	 8 8 3 1
     -1.82874398644814676988e-03 	 8 8 3 2
      1.92326362810117029722e-01 	 8 8 3 3
      6.58250777887365613739e-03 	 8 8 4 1
      1.09185436718207463415e-03 	 8 8 4 2
     -7.67400053153061232486e-03 	 8 8 4 3
      2.61638096318886514968e-01 	 8 8 4 4
      2.02703710270746772712e-03 	 8 8 5 1
     -5.94418259229971285978e-03 	 8 8 5 2
     -3.35375561027889072113e-03 	 8 8 5 3
     -3.35471081341335523179e-03 	 8 8 5 4
      1.92331991380980782402e-01 	 8 8 5 5
      3.68272561031755688368e-03 	 8 8 6 1
     -1.60907065723018172405e-03 	 8 8 6 2
     -5.93604539896535384619e-03 	 8 8 6 3
     -1.00106230968042119595e-02 	 8 8 6 4
     -1.82150351182795689452e-03 	 8 8 6 5
      1.98970010616514508817e-01 	 8 8 6 6
     -6.56817928193028244960e-03 	 8 8 7 1
      1.00203933805627833781e-02 	 8 8 7 2
      3.35035143109536481115e-03 	 8 8 7 3
      1.14034902958391123895e-02 	 8 8 7 4
      7.67420408728842606133e-03 	 8 8 7 5
     -1.11890956867677598789e-03 	 8 8 7 6
      2.61615469710979653417e-01 	 8 8 7 7
      2.47012728957373105254e-02 	 8 8 8 1
      7.08599916165860658351e-03 	 8 8 8 2
     -8.51997966543033800890e-03 	 8 8 8 3
     -3.73365235691320521833e-03 	 8 8 8 4
     -8.51881078487040296898e-03 	 8 8 8 5
      7.07600420829425629660e-03 	 8 8 8 6
      3.67950705203807766977e-03 	 8 8 8 7
      4.36948905367351758677e-01 	 8 8 8 8
 # Printing T + V integrals in spatial MO basis
     -2.67885791023814023859e+00 	 1 1 0 0
     -1.62093926947060110177e-02 	 1 2 0 0
     -2.46321114876336150212e-01 	 1 3 0 0
     -2.68128809306880724894e-02 	 1 4 0 0
     -2.67357959045509019358e-01 	 1 5 0 0
     -2.92980645064331926553e-02 	 1 6 0 0
      3.14851471832022430930e-02 	 1 7 0 0
     -2.73093161951187768377e-01 	 1 8 0 0
     -1.62093926947091300506e-02 	 2 1 0 0
     -1.36548098065850043170e+00 	 2 2 0 0
      2.65432492972074267346e-02 	 2 3 0 0
      7.48668110108909154628e-04 	 2 4 0 0
      9.22383784774543219465e-02 	 2 5 0 0
      3.14896808132808306291e-02 	 2 6 0 0
      9.50814168865725672930e-02 	 2 7 0 0
     -3.51001687023721753445e-02 	 2 8 0 0
     -2.46321114876336511035e-01 	 3 1 0 0
      2.65432492972217416727e-02 	 3 2 0 0
     -2.39591561708041211887e+00 	 3 3 0 0
      8.98054440380842838865e-02 	 3 4 0 0
      1.08193537545758472485e-01 	 3 5 0 0
      1.07884119141921225316e-01 	 3 6 0 0
     -5.24126936191438089208e-02 	 3 7 0 0
      6.03533908826846474116e-02 	 3 8 0 0
     -2.68128809306925654232e-02 	 4 1 0 0
      7.48668110105849536097e-04 	 4 2 0 0
      8.98054440380702950764e-02 	 4 3 0 0
     -2.08052349724094831629e+00 	 4 4 0 0
      5.75557390628890913620e-02 	 4 5 0 0
     -3.34871969206022926380e-02 	 4 6 0 0
     -7.28156767685351757891e-02 	 4 7 0 0
      1.53810579978127637268e-01 	 4 8 0 0
     -2.67357959045487592054e-01 	 5 1 0 0
      9.22383784774481324531e-02 	 5 2 0 0
      1.08193537545758999840e-01 	 5 3 0 0
      5.75557390628871207161e-02 	 5 4 0 0
     -2.67913868178595571123e+00 	 5 5 0 0
      5.17582131155298330594e-02 	 5 6 0 0
     -9.67971781518355833818e-02 	 5 7 0 0
      6.37758536114687857310e-02 	 5 8 0 0
     -2.92980645064422548507e-02 	 6 1 0 0
      3.14896808132790681500e-02 	 6 2 0 0
      1.07884119141900228223e-01 	 6 3 0 0
     -3.34871969205773473144e-02 	 6 4 0 0
      5.17582131155359045915e-02 	 6 5 0 0
     -1.69664138067344327787e+00 	 6 6 0 0
     -8.67216247384627880734e-03 	 6 7 0 0
     -4.58355694128864468717e-02 	 6 8 0 0
      3.14851471831921123079e-02 	 7 1 0 0
      9.50814168865597442171e-02 	 7 2 0 0
     -5.24126936191409223409e-02 	 7 3 0 0
     -7.28156767685343847551e-02 	 7 4 0 0
     -9.67971781518398854960e-02 	 7 5 0 0
     -8.67216247385079429255e-03 	 7 6 0 0
     -1.68672608769771725790e+00 	 7 7 0 0
     -1.67002249588152851256e-01 	 7 8 0 0
     -2.73093161951202090254e-01 	 8 1 0 0
     -3.51001687023636543827e-02 	 8 2 0 0
      6.03533908826788811908e-02 	 8 3 0 0
      1.53810579978135991697e-01 	 8 4 0 0
      6.37758536114739621459e-02 	 8 5 0 0
     -4.58355694128664212239e-02 	 8 6 0 0
     -1.67002249588137891001e-01 	 8 7 0 0
     -2.20669735215255613525e+00 	 8 8 0 0
 # Printing -1/2 \lambda \lambda q integrals in spatial MO basis
      3.96182891761218194948e-02 	 1 1 0 0
     -1.47062411339231443805e-03 	 1 2 0 0
     -1.81590924116247745719e-03 	 1 3 0 0
     -2.58310378306717772917e-03 	 1 4 0 0
      2.63449862386153565649e-03 	 1 5 0 0
     -4.17657590742831648627e-04 	 1 6 0 0
      3.50878301385399663653e-03 	 1 7 0 0
      1.86285929966592740149e-03 	 1 8 0 0
     -1.47062411339232354535e-03 	 2 1 0 0
      2.36874470713449060411e-02 	 2 2 0 0
      1.15017741008667062456e-03 	 2 3 0 0
     -9.73903412936089974208e-04 	 2 4 0 0
     -3.52876826809490635323e-03 	 2 5 0 0
     -2.39494729532393704373e-04 	 2 6 0 0
     -1.92572624729937433817e-03 	 2 7 0 0
      3.45798385733590331065e-04 	 2 8 0 0
     -1.81590924116247246986e-03 	 3 1 0 0
      1.15017741008667582873e-03 	 3 2 0 0
      1.68895705397280604387e-02 	 3 3 0 0
      1.74630512679790363649e-03 	 3 4 0 0
     -4.24173776895805574021e-04 	 3 5 0 0
      3.47341056237341055252e-03 	 3 6 0 0
     -1.82719107533903290033e-03 	 3 7 0 0
     -7.17777880676142470887e-06 	 3 8 0 0
     -2.58310378306718900487e-03 	 4 1 0 0
     -9.73903412936106670922e-04 	 4 2 0 0
      1.74630512679789214395e-03 	 4 3 0 0
      5.53492606812890156065e-02 	 4 4 0 0
     -6.60856734215682964893e-04 	 4 5 0 0
     -2.18068842344407062264e-04 	 4 6 0 0
     -1.21766932353885130869e-03 	 4 7 0 0
      3.45647722066063723192e-03 	 4 8 0 0
      2.63449862386153652385e-03 	 5 1 0 0
     -3.52876826809500783455e-03 	 5 2 0 0
     -4.24173776895819722860e-04 	 5 3 0 0
     -6.60856734215682531212e-04 	 5 4 0 0
      1.18722175149345632317e-01 	 5 5 0 0
     -1.53796864248781080080e-03 	 5 6 0 0
      1.55929109772737564676e-03 	 5 7 0 0
      7.37349285100492683742e-04 	 5 8 0 0
     -4.17657590742863469961e-04 	 6 1 0 0
     -2.39494729532396496193e-04 	 6 2 0 0
      3.47341056237341315460e-03 	 6 3 0 0
     -2.18068842344471003087e-04 	 6 4 0 0
     -1.53796864248780646399e-03 	 6 5 0 0
      3.70522207809115336485e-02 	 6 6 0 0
     -7.18630464430619771664e-04 	 6 7 0 0
      2.95279091032251252494e-04 	 6 8 0 0
      3.50878301385401918794e-03 	 7 1 0 0
     -1.92572624729940252743e-03 	 7 2 0 0
     -1.82719107533903615294e-03 	 7 3 0 0
     -1.21766932353887732954e-03 	 7 4 0 0
      1.55929109772733184500e-03 	 7 5 0 0
     -7.18630464430617711680e-04 	 7 6 0 0
      1.43965014307349363498e-02 	 7 7 0 0
     -5.26400767550551373919e-03 	 7 8 0 0
      1.86285929966586603565e-03 	 8 1 0 0
      3.45798385733611256167e-04 	 8 2 0 0
     -7.17777880675622985580e-06 	 8 3 0 0
      3.45647722066065414548e-03 	 8 4 0 0
      7.37349285100465253427e-04 	 8 5 0 0
      2.95279091032260359792e-04 	 8 6 0 0
     -5.26400767550549812668e-03 	 8 7 0 0
      2.10236015302746950817e-02 	 8 8 0 0
 # Printing \lambda mu integrals in spatial MO basis
     -2.13926431226331231761e-01 	 1 1 0 0
     -7.85869853860671034596e-03 	 1 2 0 0
     -2.59683391678471701958e-02 	 1 3 0 0
     -2.76023107526316043014e-03 	 1 4 0 0
     -4.75152602362176115780e-02 	 1 5 0 0
     -1.58903691694277336699e-02 	 1 6 0 0
      1.00582683256223211904e-02 	 1 7 0 0
     -5.40576358502814005580e-02 	 1 8 0 0
     -7.85869853860671208068e-03 	 2 1 0 0
      1.79931770913701466474e-01 	 2 2 0 0
      8.60724806433448702547e-03 	 2 3 0 0
      2.66697876393734044018e-03 	 2 4 0 0
      4.13843567769268116940e-02 	 2 5 0 0
      1.08849182875062570203e-02 	 2 6 0 0
     -1.21621871560029827519e-02 	 2 7 0 0
      9.27135066012110212880e-04 	 2 8 0 0
     -2.59683391678472152986e-02 	 3 1 0 0
      8.60724806433447314769e-03 	 3 2 0 0
     -1.15767515293585657177e-01 	 3 3 0 0
      3.88141116576478234501e-02 	 3 4 0 0
      3.26142711157629758278e-02 	 3 5 0 0
      5.41048910678526909224e-02 	 3 6 0 0
     -1.35581381798044690173e-02 	 3 7 0 0
      1.43899317732554907906e-02 	 3 8 0 0
     -2.76023107526323458957e-03 	 4 1 0 0
      2.66697876393732612871e-03 	 4 2 0 0
      3.88141116576478234501e-02 	 4 3 0 0
     -2.46361550824541142291e-01 	 4 4 0 0
      2.04704945814915065250e-02 	 4 5 0 0
      8.55857525838618349301e-02 	 4 6 0 0
     -1.24373378065742931642e-02 	 4 7 0 0
     -1.15593382077436700878e-02 	 4 8 0 0
     -4.75152602362176670892e-02 	 5 1 0 0
      4.13843567769268116940e-02 	 5 2 0 0
      3.26142711157629550112e-02 	 5 3 0 0
      2.04704945814914995861e-02 	 5 4 0 0
     -4.28487480281674826266e-01 	 5 5 0 0
      3.18446758691401446417e-02 	 5 6 0 0
     -4.44194804334886658714e-02 	 5 7 0 0
      1.53463155819915809258e-02 	 5 8 0 0
     -1.58903691694277059143e-02 	 6 1 0 0
      1.08849182875062622244e-02 	 6 2 0 0
      5.41048910678526839835e-02 	 6 3 0 0
      8.55857525838619320746e-02 	 6 4 0 0
      3.18446758691401446417e-02 	 6 5 0 0
     -8.78015137704733078516e-02 	 6 6 0 0
     -7.75672381945435168715e-03 	 6 7 0 0
     -1.32536799237785319489e-02 	 6 8 0 0
      1.00582683256223472112e-02 	 7 1 0 0
     -1.21621871560029879561e-02 	 7 2 0 0
     -1.35581381798044586090e-02 	 7 3 0 0
     -1.24373378065742827558e-02 	 7 4 0 0
     -4.44194804334886311770e-02 	 7 5 0 0
     -7.75672381945435515660e-03 	 7 6 0 0
      9.96459381474435468284e-02 	 7 7 0 0
     -3.36217378531926836677e-03 	 7 8 0 0
     -5.40576358502815601526e-02 	 8 1 0 0
      9.27135066012099587698e-04 	 8 2 0 0
      1.43899317732555064031e-02 	 8 3 0 0
     -1.15593382077438210087e-02 	 8 4 0 0
      1.53463155819915826605e-02 	 8 5 0 0
     -1.32536799237784972544e-02 	 8 6 0 0
     -3.36217378531929265290e-03 	 8 7 0 0
     -1.21861164738614954905e-01 	 8 8 0 0
 # Printing nuclear repulsion energy
     -2.99445706110513401654e+03 	 0 0 0 0
 # Printing photon energy
      6.61500000000000004663e-02 	 0 0 0 0
 # Printing lambda vector
  3.8302200000e-02, 8.2139400000e-02, 4.2261800000e-02 	 0 0 0 0
 # Printing RHF Electronic Dipole Moment
  -1.8181924864e+01, -3.0700665211e-01, -1.2200536140e+01 	 0 0 0 0
 # Printing Nuclear Dipole Moment
  1.5834674099e+01, -1.4874962580e+00, 1.2625053361e+01 	 0 0 0 0
