&FCI NORB=9,NELEC=0,MS2=0
ORBSYM=1,1,1,1,
ISYM=1,
/
      7.86342050369755463102e-01 	 1 1 1 1
      3.60418352785299661665e-04 	 1 1 2 1
      3.51294711778043500239e-02 	 1 1 2 2
     -9.08587401355029594500e-04 	 1 1 3 1
     -1.27852380749904012431e-04 	 1 1 3 2
      4.27633796684252831533e-01 	 1 1 3 3
     -4.53590039786273217098e-03 	 1 1 4 1
      6.03905620677999623210e-04 	 1 1 4 2
     -4.98412535408021724337e-03 	 1 1 4 3
      3.21139492048202357388e-01 	 1 1 4 4
      4.07552379994984795720e-04 	 1 1 5 1
      1.57741976715797304134e-03 	 1 1 5 2
     -2.84464619239781257073e-04 	 1 1 5 3
      1.86723504354584322190e-03 	 1 1 5 4
      9.99448384473097944936e-02 	 1 1 5 5
      1.73549857371433995622e-03 	 1 1 6 1
      3.27868856429018779887e-04 	 1 1 6 2
      5.31042068170600907451e-03 	 1 1 6 3
      3.45389388221854342492e-03 	 1 1 6 4
      6.26969249828730762356e-05 	 1 1 6 5
      4.82859241415226736471e-01 	 1 1 6 6
      5.67327759306020425190e-03 	 1 1 7 1
     -8.66022774314066027916e-04 	 1 1 7 2
     -2.39991887978513408416e-03 	 1 1 7 3
     -1.54510458585725100195e-03 	 1 1 7 4
      8.82482003572591629584e-04 	 1 1 7 5
     -2.44595893340087951282e-04 	 1 1 7 6
      1.52962025598499723467e-01 	 1 1 7 7
      6.33416613854587422401e-04 	 1 1 8 1
     -1.89259244090450042507e-03 	 1 1 8 2
     -7.80786542589773514388e-05 	 1 1 8 3
     -1.41462218619528698124e-03 	 1 1 8 4
     -1.42529637243943470282e-03 	 1 1 8 5
      6.62067450640864389060e-06 	 1 1 8 6
     -2.06262947995685362590e-03 	 1 1 8 7
      2.47801217391983158445e-02 	 1 1 8 8
     -6.71731298161687157694e-03 	 1 1 9 1
     -7.83804690039578244413e-04 	 1 1 9 2
     -9.38033316616943474214e-05 	 1 1 9 3
      7.82363744497319916864e-04 	 1 1 9 4
      1.93128855530123877404e-03 	 1 1 9 5
     -1.92625294396156498955e-03 	 1 1 9 6
      5.72897908989896623849e-03 	 1 1 9 7
      8.43285194752184472794e-04 	 1 1 9 8
      2.18851512033488099229e-01 	 1 1 9 9
      3.60418352785302263750e-04 	 2 1 1 1
      2.38376344836388179467e-05 	 2 1 2 1
      1.60081613688277065756e-03 	 2 1 2 2
      1.11315236198084732558e-04 	 2 1 3 1
      1.47639852135147123306e-06 	 2 1 3 2
     -6.88867795683120644895e-04 	 2 1 3 3
     -4.87025279293612468282e-05 	 2 1 4 1
      2.54481634718202487952e-05 	 2 1 4 2
     -2.80127951668474456110e-05 	 2 1 4 3
     -1.08461849491091840195e-04 	 2 1 4 4
     -1.46845659404577206032e-06 	 2 1 5 1
      2.13339300187540188182e-06 	 2 1 5 2
     -9.71106369163578608101e-08 	 2 1 5 3
      1.08990060676583269759e-05 	 2 1 5 4
     -1.03357506635211722447e-05 	 2 1 5 5
      4.47665952128408725945e-05 	 2 1 6 1
     -6.64837361511231175699e-06 	 2 1 6 2
      7.21216275457772766313e-06 	 2 1 6 3
     -4.94470400417679862518e-06 	 2 1 6 4
     -6.46908064569610101249e-07 	 2 1 6 5
      3.58076124242103074544e-06 	 2 1 6 6
     -7.86702300288540483917e-06 	 2 1 7 1
      1.03986774662639337090e-04 	 2 1 7 2
      1.00672734735307457251e-05 	 2 1 7 3
      1.14964521403197560264e-04 	 2 1 7 4
      1.95826250299313902066e-06 	 2 1 7 5
      5.07596278716614719045e-07 	 2 1 7 6
      2.61984044972496908643e-04 	 2 1 7 7
      2.30355824841248515257e-06 	 2 1 8 1
      5.10731018550270680629e-05 	 2 1 8 2
      6.76139699429968626184e-07 	 2 1 8 3
      3.05319961884939779754e-06 	 2 1 8 4
      3.77030417397795079067e-05 	 2 1 8 5
     -8.26561934557713106729e-09 	 2 1 8 6
      4.77009179832863715017e-05 	 2 1 8 7
      3.17251350992848774220e-04 	 2 1 8 8
     -1.99975927417356299088e-05 	 2 1 9 1
      1.90484832420031397556e-05 	 2 1 9 2
     -1.06090896514563428504e-06 	 2 1 9 3
     -2.66878105167793737784e-06 	 2 1 9 4
      2.86344482443554454183e-05 	 2 1 9 5
     -2.03823730653206653901e-06 	 2 1 9 6
     -1.49460336479965904887e-05 	 2 1 9 7
      3.69188958103949880956e-06 	 2 1 9 8
     -1.54530129874366983994e-04 	 2 1 9 9
      3.51294711778042667571e-02 	 2 2 1 1
      1.60081613688276176710e-03 	 2 2 2 1
      6.93995767274671382374e-01 	 2 2 2 2
      8.91906905995106880428e-05 	 2 2 3 1
      9.45277541146683733964e-05 	 2 2 3 2
      3.44271253383962444472e-02 	 2 2 3 3
      5.15342090939352459600e-03 	 2 2 4 1
      1.94748105786695887599e-03 	 2 2 4 2
      1.46181356250105263898e-03 	 2 2 4 3
      1.89682181707792885117e-01 	 2 2 4 4
      7.67986984941001847972e-05 	 2 2 5 1
     -3.93172001513712818938e-03 	 2 2 5 2
      1.44109397190194510720e-04 	 2 2 5 3
     -3.49999012238281191622e-03 	 2 2 5 4
      2.57369013087411446783e-01 	 2 2 5 5
     -2.46842878229661024519e-03 	 2 2 6 1
     -9.35683184483276724451e-04 	 2 2 6 2
      1.92280670025431633247e-03 	 2 2 6 3
      1.89938401214508620699e-03 	 2 2 6 4
      9.13172147014900529075e-06 	 2 2 6 5
     -7.68077276560679145234e-02 	 2 2 6 6
     -2.23738725913167658954e-03 	 2 2 7 1
      1.55616683438949444940e-02 	 2 2 7 2
      2.73323227776157452740e-03 	 2 2 7 3
     -4.41848819532195905696e-04 	 2 2 7 4
      1.14401314807344059270e-03 	 2 2 7 5
      1.30099869388633753581e-03 	 2 2 7 6
      3.83807229604057331684e-01 	 2 2 7 7
     -1.93725098876395927924e-04 	 2 2 8 1
     -1.45706300682450651945e-02 	 2 2 8 2
      2.19831419509709769747e-04 	 2 2 8 3
      6.98763283320595748535e-04 	 2 2 8 4
     -1.49919258105714802917e-03 	 2 2 8 5
      1.78203434667223778584e-04 	 2 2 8 6
      8.17343550851897665543e-03 	 2 2 8 7
      4.63022547598966771609e-01 	 2 2 8 8
      4.26845709531159089173e-03 	 2 2 9 1
      1.76877528506833633232e-03 	 2 2 9 2
      4.88151529383244200087e-04 	 2 2 9 3
      2.76467365237799238276e-03 	 2 2 9 4
     -4.61684032719329642130e-03 	 2 2 9 5
      3.48820963568046652631e-04 	 2 2 9 6
     -3.01468153051706036147e-03 	 2 2 9 7
      1.28604647604291678215e-03 	 2 2 9 8
      1.40784341755818442898e-01 	 2 2 9 9
     -9.08587401355124245350e-04 	 3 1 1 1
      1.11315236198086033601e-04 	 3 1 2 1
      8.91906905995366546848e-05 	 3 1 2 2
      5.30945570126245200426e-03 	 3 1 3 1
      3.67891012442870998225e-06 	 3 1 3 2
     -1.11242760146313037634e-02 	 3 1 3 3
     -7.62553165514434855635e-04 	 3 1 4 1
     -1.30626284381951289016e-04 	 3 1 4 2
      3.79783717286733704210e-05 	 3 1 4 3
      2.49584641969375188933e-03 	 3 1 4 4
     -4.69597837564679785943e-05 	 3 1 5 1
      4.42579707578976433118e-07 	 3 1 5 2
     -1.36173056945236041677e-05 	 3 1 5 3
      1.02341070243570049568e-04 	 3 1 5 4
      9.81067502238503353490e-04 	 3 1 5 5
      1.37152316887685339977e-03 	 3 1 6 1
     -4.46694048486962867349e-06 	 3 1 6 2
     -4.32376856606666454003e-04 	 3 1 6 3
     -1.07081531371565075996e-04 	 3 1 6 4
      1.87998073353807798631e-06 	 3 1 6 5
      3.87420158153991590899e-03 	 3 1 6 6
     -4.11848118359101631261e-04 	 3 1 7 1
      1.16080907219922043025e-04 	 3 1 7 2
      1.35010992063172249357e-04 	 3 1 7 3
      3.96031330490340962268e-04 	 3 1 7 4
      3.66801271450260829186e-05 	 3 1 7 5
      1.37422626297669057271e-05 	 3 1 7 6
     -8.14384997269421368263e-04 	 3 1 7 7
      3.10073458406212468328e-05 	 3 1 8 1
     -3.27620209830520902933e-05 	 3 1 8 2
     -2.50859123051952994174e-06 	 3 1 8 3
     -3.60023195331029378452e-05 	 3 1 8 4
     -7.73630386838296117001e-08 	 3 1 8 5
     -1.19972602315084998653e-06 	 3 1 8 6
      2.21432510950379449330e-05 	 3 1 8 7
      4.94668608686287761961e-04 	 3 1 8 8
     -2.26641554307394988213e-05 	 3 1 9 1
      2.44103052273546572437e-05 	 3 1 9 2
     -8.42764638827055812898e-05 	 3 1 9 3
      4.05668630628649702716e-04 	 3 1 9 4
      6.08871598635766695350e-05 	 3 1 9 5
     -9.43156837112175185653e-06 	 3 1 9 6
      2.86930345815964106722e-05 	 3 1 9 7
      2.22464386724124515093e-05 	 3 1 9 8
      2.37213751113831946074e-03 	 3 1 9 9
     -1.27852380749904337692e-04 	 3 2 1 1
      1.47639852135131559076e-06 	 3 2 2 1
      9.45277541146669368285e-05 	 3 2 2 2
      3.67891012443141837010e-06 	 3 2 3 1
      4.08742682799475011662e-05 	 3 2 3 2
     -3.40302216119885104703e-03 	 3 2 3 3
     -6.30693722477439975812e-05 	 3 2 4 1
      2.64190189063142267698e-05 	 3 2 4 2
     -3.18160731341865407303e-05 	 3 2 4 3
      4.81179959980817259849e-04 	 3 2 4 4
      7.54338257389001886651e-07 	 3 2 5 1
      1.43435622877694001279e-05 	 3 2 5 2
     -5.65040973702250333242e-06 	 3 2 5 3
     -2.55437076282761310944e-06 	 3 2 5 4
      1.83055325869000459337e-05 	 3 2 5 5
      7.34687601134227990252e-07 	 3 2 6 1
      1.73109348626428350870e-06 	 3 2 6 2
      2.88226124507743262091e-05 	 3 2 6 3
      1.10819178506608024800e-05 	 3 2 6 4
     -2.08539879210186019650e-06 	 3 2 6 5
     -1.70993065469008883889e-04 	 3 2 6 6
     -1.32540741005719042998e-05 	 3 2 7 1
      6.74937391572106708823e-05 	 3 2 7 2
     -4.51886053623832292889e-05 	 3 2 7 3
     -9.08615857239388259885e-06 	 3 2 7 4
     -5.81063192127511033802e-06 	 3 2 7 5
     -1.00310179072570702886e-08 	 3 2 7 6
      7.75167567950380627557e-04 	 3 2 7 7
      2.13780485327143575163e-06 	 3 2 8 1
      6.72682171332950073518e-05 	 3 2 8 2
      1.32232279913716842842e-05 	 3 2 8 3
      1.40147797744620117453e-06 	 3 2 8 4
      2.06061983752927793651e-06 	 3 2 8 5
     -9.19533920978686598003e-07 	 3 2 8 6
      5.12991604904945368899e-07 	 3 2 8 7
     -1.10536203829076718277e-04 	 3 2 8 8
      1.74497643205711877189e-05 	 3 2 9 1
     -6.11918200874613497529e-06 	 3 2 9 2
     -1.25222374224118186855e-05 	 3 2 9 3
     -9.79515249397795393640e-06 	 3 2 9 4
      2.33362990248271839330e-06 	 3 2 9 5
     -4.13229467185806137886e-06 	 3 2 9 6
      8.28476460365155923022e-06 	 3 2 9 7
     -7.57183489777855089864e-07 	 3 2 9 8
      1.22318847741004161972e-04 	 3 2 9 9
      4.27633796684252887044e-01 	 3 3 1 1
     -6.88867795683116308086e-04 	 3 3 2 1
      3.44271253383961334249e-02 	 3 3 2 2
     -1.11242760146314078468e-02 	 3 3 3 1
     -3.40302216119884671022e-03 	 3 3 3 2
      8.15825455526937637352e-01 	 3 3 3 3
     -1.69857958992184593892e-03 	 3 3 4 1
      1.48073915235034849619e-03 	 3 3 4 2
      4.40498570356076361854e-03 	 3 3 4 3
      2.20839059811488019891e-01 	 3 3 4 4
      1.89000590181320413108e-04 	 3 3 5 1
      1.44412834488252339940e-03 	 3 3 5 2
      2.98561247677402163969e-04 	 3 3 5 3
      8.78764636909898930531e-04 	 3 3 5 4
      7.61012693507236714918e-02 	 3 3 5 5
     -3.19081151546315999745e-03 	 3 3 6 1
      3.42912097080822343524e-04 	 3 3 6 2
     -8.23675745616489615383e-04 	 3 3 6 3
      1.81463375245986347287e-03 	 3 3 6 4
      4.06508396096316219578e-05 	 3 3 6 5
      3.30196917467521666723e-01 	 3 3 6 6
      4.21012531274096712952e-03 	 3 3 7 1
     -2.06230615928861080871e-03 	 3 3 7 2
      2.20409542138174947140e-03 	 3 3 7 3
     -3.71718037757543147415e-03 	 3 3 7 4
      8.77984654557014765688e-05 	 3 3 7 5
     -4.23718131109186994972e-04 	 3 3 7 6
      1.42769414447030007498e-01 	 3 3 7 7
      1.13772262232722604840e-04 	 3 3 8 1
     -9.35124919115941301458e-04 	 3 3 8 2
     -1.18932384923136594441e-03 	 3 3 8 3
     -4.74829515629257299224e-04 	 3 3 8 4
     -1.12207438365597919616e-03 	 3 3 8 5
      3.36336924727858942825e-05 	 3 3 8 6
     -1.97787358427316088683e-03 	 3 3 8 7
      1.83484906545419157453e-02 	 3 3 8 8
     -2.76261096895450471850e-03 	 3 3 9 1
     -6.99027726349235275539e-04 	 3 3 9 2
      3.24527380990754696875e-04 	 3 3 9 3
     -1.52039754833260126743e-03 	 3 3 9 4
      7.70074618898474502066e-04 	 3 3 9 5
     -1.09044391513096815098e-03 	 3 3 9 6
      3.76746501050931846544e-03 	 3 3 9 7
      4.16002193978894151214e-04 	 3 3 9 8
      1.58650967677300025471e-01 	 3 3 9 9
     -4.53590039786273477307e-03 	 4 1 1 1
     -4.87025279293464610211e-05 	 4 1 2 1
      5.15342090939347775846e-03 	 4 1 2 2
     -7.62553165514427374640e-04 	 4 1 3 1
     -6.30693722477442957368e-05 	 4 1 3 2
     -1.69857958992192812145e-03 	 4 1 3 3
      4.40709760854818537873e-03 	 4 1 4 1
     -6.98274812171272973166e-05 	 4 1 4 2
      5.08274613898888503669e-04 	 4 1 4 3
     -1.68719897584138989535e-03 	 4 1 4 4
     -4.97477944774185894370e-05 	 4 1 5 1
     -8.69479115426399735500e-06 	 4 1 5 2
      2.32194817215515432452e-05 	 4 1 5 3
     -9.78695428766806287168e-05 	 4 1 5 4
      3.71475902432906630868e-03 	 4 1 5 5
      7.44203036734693442432e-04 	 4 1 6 1
     -2.41826616875951848264e-05 	 4 1 6 2
     -6.83985979312828331830e-05 	 4 1 6 3
     -4.74310788755634947511e-04 	 4 1 6 4
      6.45158299884047883692e-05 	 4 1 6 5
     -2.92437411551253832048e-03 	 4 1 6 6
      3.07001660755217519166e-04 	 4 1 7 1
      5.76509585732845695333e-04 	 4 1 7 2
      2.09685770222428516200e-04 	 4 1 7 3
     -1.07491114424052990224e-03 	 4 1 7 4
     -1.04883793741542635059e-06 	 4 1 7 5
      1.03699940855256657053e-04 	 4 1 7 6
      3.82191784347888155460e-03 	 4 1 7 7
     -4.49126992534068587479e-05 	 4 1 8 1
     -1.81863626905525148803e-04 	 4 1 8 2
     -1.56181176531759880334e-05 	 4 1 8 3
      6.82992354708119751502e-05 	 4 1 8 4
     -1.92236265799915992955e-04 	 4 1 8 5
      1.72042167838645681838e-05 	 4 1 8 6
      8.83991391373967048571e-05 	 4 1 8 7
      4.80176155206767270311e-03 	 4 1 8 8
     -2.83826676558076966550e-04 	 4 1 9 1
     -1.14161566058715440563e-06 	 4 1 9 2
      1.00353165730414017822e-04 	 4 1 9 3
      1.09184256131753714206e-03 	 4 1 9 4
     -6.00155891320821623103e-04 	 4 1 9 5
      1.99172220503914183028e-04 	 4 1 9 6
     -1.31790350589600899255e-04 	 4 1 9 7
     -6.13350273248754434673e-05 	 4 1 9 8
      2.35941115515233721875e-03 	 4 1 9 9
      6.03905620677908983908e-04 	 4 2 1 1
      2.54481634718195813332e-05 	 4 2 2 1
      1.94748105786688818601e-03 	 4 2 2 2
     -1.30626284381967552048e-04 	 4 2 3 1
      2.64190189063158293562e-05 	 4 2 3 2
      1.48073915235031857221e-03 	 4 2 3 3
     -6.98274812171536705344e-05 	 4 2 4 1
      3.77095173502413208780e-04 	 4 2 4 2
      6.48726934290520920777e-05 	 4 2 4 3
     -1.79441682730292621003e-04 	 4 2 4 4
      1.42586331356706423319e-05 	 4 2 5 1
      8.75990611667677357812e-05 	 4 2 5 2
      8.34263307743167847484e-07 	 4 2 5 3
     -8.93174539237968646279e-05 	 4 2 5 4
     -1.21483341786911844609e-03 	 4 2 5 5
     -1.02179304785820251520e-04 	 4 2 6 1
     -1.02218573775173725826e-06 	 4 2 6 2
      7.69888382623302011860e-06 	 4 2 6 3
      5.69148849164978574283e-05 	 4 2 6 4
      7.91861325870825666267e-07 	 4 2 6 5
     -1.54555682754154360492e-04 	 4 2 6 6
      3.39416467601704702575e-05 	 4 2 7 1
      6.47900324300425029152e-04 	 4 2 7 2
      4.47461333276777300572e-05 	 4 2 7 3
     -5.06798562306589456261e-04 	 4 2 7 4
     -5.12885546740990920641e-05 	 4 2 7 5
      5.83696514018268758399e-06 	 4 2 7 6
      5.15044777844902382929e-03 	 4 2 7 7
      8.94360820270084619268e-06 	 4 2 8 1
      4.32675151633497574299e-04 	 4 2 8 2
      6.33389096961870187063e-06 	 4 2 8 3
      6.06488251735254086262e-05 	 4 2 8 4
      1.30988019120711660201e-05 	 4 2 8 5
     -3.22163188831323918584e-07 	 4 2 8 6
      8.81391111902443533848e-05 	 4 2 8 7
     -1.54729806737208307535e-03 	 4 2 8 8
     -1.56081896466526166953e-05 	 4 2 9 1
     -3.51235380764933099963e-05 	 4 2 9 2
     -1.98160878013762952355e-05 	 4 2 9 3
     -5.99532103155737917596e-04 	 4 2 9 4
      2.98783403913584520240e-05 	 4 2 9 5
     -1.95296166717328929102e-05 	 4 2 9 6
      3.08787401803934494801e-05 	 4 2 9 7
     -2.60762768160270968728e-05 	 4 2 9 8
     -2.01274240447049668212e-03 	 4 2 9 9
     -4.98412535408022418226e-03 	 4 3 1 1
     -2.80127951668437085017e-05 	 4 3 2 1
      1.46181356250104201380e-03 	 4 3 2 2
      3.79783717286777682161e-05 	 4 3 3 1
     -3.18160731341865610591e-05 	 4 3 3 2
      4.40498570356074713866e-03 	 4 3 3 3
      5.08274613898884492121e-04 	 4 3 4 1
      6.48726934290610502982e-05 	 4 3 4 2
      3.32983934516317323614e-04 	 4 3 4 3
     -4.38404712166542715607e-03 	 4 3 4 4
      8.39440814923925405144e-06 	 4 3 5 1
     -8.99904530600420421199e-06 	 4 3 5 2
      8.30258798925673682898e-06 	 4 3 5 3
     -7.35414959891254416211e-05 	 4 3 5 4
      1.55195065800584714941e-05 	 4 3 5 5
     -1.17768535478401638545e-04 	 4 3 6 1
     -3.54623171165071736279e-07 	 4 3 6 2
     -8.76383216607297936161e-05 	 4 3 6 3
     -7.00699339101007792879e-05 	 4 3 6 4
      9.80452276117571167112e-06 	 4 3 6 5
     -3.79311902008427383193e-03 	 4 3 6 6
      8.00591530720618351023e-05 	 4 3 7 1
      1.79775482251610016471e-05 	 4 3 7 2
      8.29658800992316816702e-05 	 4 3 7 3
     -2.85973854243076037150e-04 	 4 3 7 4
     -3.43367760505369678452e-05 	 4 3 7 5
      1.28808823247335259098e-06 	 4 3 7 6
      9.87903025848824644858e-04 	 4 3 7 7
     -1.17816524992416474412e-05 	 4 3 8 1
      1.66414180400306776640e-05 	 4 3 8 2
     -1.18873177585222414781e-05 	 4 3 8 3
      6.75723242498580929996e-05 	 4 3 8 4
     -1.41750622394678442006e-05 	 4 3 8 5
      5.21054202363047372408e-06 	 4 3 8 6
      1.77254087221288182826e-05 	 4 3 8 7
      1.05936797925113793811e-03 	 4 3 8 8
      3.94084449534294137545e-05 	 4 3 9 1
     -2.07650957235587023828e-06 	 4 3 9 2
     -1.59783342564992409437e-05 	 4 3 9 3
     -7.98677357684224521099e-05 	 4 3 9 4
     -1.27799500465275721502e-04 	 4 3 9 5
      3.56842143494161861592e-05 	 4 3 9 6
     -1.01978594935344768317e-04 	 4 3 9 7
     -2.32304928169011074880e-05 	 4 3 9 8
     -1.76342719413054163993e-03 	 4 3 9 9
      3.21139492048202968011e-01 	 4 4 1 1
     -1.08461849491053378123e-04 	 4 4 2 1
      1.89682181707792496539e-01 	 4 4 2 2
      2.49584641969376229767e-03 	 4 4 3 1
      4.81179959980819861934e-04 	 4 4 3 2
      2.20839059811487742335e-01 	 4 4 3 3
     -1.68719897584145494748e-03 	 4 4 4 1
     -1.79441682730242368232e-04 	 4 4 4 2
     -4.38404712166545404428e-03 	 4 4 4 3
      5.64659244998134246529e-01 	 4 4 4 4
     -1.03539479162495406581e-04 	 4 4 5 1
      7.52489229045792814773e-04 	 4 4 5 2
     -3.35932582270152661503e-04 	 4 4 5 3
     -4.73867870511611791184e-05 	 4 4 5 4
      1.96456779375719009506e-01 	 4 4 5 5
     -2.40942220192225022707e-03 	 4 4 6 1
      3.40470614659589988077e-04 	 4 4 6 2
      2.07708827458495063484e-03 	 4 4 6 3
      4.22410471620709732782e-03 	 4 4 6 4
     -4.87986312537871220422e-04 	 4 4 6 5
      2.26611268238116475571e-01 	 4 4 6 6
     -4.98524746113537114978e-03 	 4 4 7 1
      3.02251727095088299629e-03 	 4 4 7 2
     -1.13673188279788252124e-03 	 4 4 7 3
     -1.27855391385449206065e-02 	 4 4 7 4
      1.78529084778698420195e-03 	 4 4 7 5
      7.55733896235114411925e-04 	 4 4 7 6
      3.00426699812455177963e-01 	 4 4 7 7
      4.08715392923785121593e-04 	 4 4 8 1
     -3.93619435917551534904e-03 	 4 4 8 2
      2.07346735089947642114e-04 	 4 4 8 3
     -4.18284110670784099045e-03 	 4 4 8 4
     -3.88735127307276258010e-03 	 4 4 8 5
     -2.14814052091881799817e-04 	 4 4 8 6
     -1.03396812491966501660e-03 	 4 4 8 7
      1.65564313178906907797e-01 	 4 4 8 8
      4.87612567265478368678e-03 	 4 4 9 1
     -1.77497804509344500948e-03 	 4 4 9 2
      7.71493662565087045049e-04 	 4 4 9 3
      1.27058537664963416836e-02 	 4 4 9 4
     -2.91118163092804731890e-03 	 4 4 9 5
     -1.08722428135481349529e-03 	 4 4 9 6
      9.14043610608243801974e-03 	 4 4 9 7
      9.06511500908514572181e-04 	 4 4 9 8
      3.07313536238639661846e-01 	 4 4 9 9
      4.07552379994979916810e-04 	 5 1 1 1
     -1.46845659404656827129e-06 	 5 1 2 1
      7.67986984940975285019e-05 	 5 1 2 2
     -4.69597837564642109917e-05 	 5 1 3 1
      7.54338257388487525893e-07 	 5 1 3 2
      1.89000590181324424656e-04 	 5 1 3 3
     -4.97477944774200124523e-05 	 5 1 4 1
      1.42586331356679487672e-05 	 5 1 4 2
      8.39440814923857303695e-06 	 5 1 4 3
     -1.03539479162486190863e-04 	 5 1 4 4
      2.36305593585105725297e-05 	 5 1 5 1
      3.00510809796421219940e-06 	 5 1 5 2
      6.47159439539328851883e-06 	 5 1 5 3
      2.32547854810964472517e-05 	 5 1 5 4
      1.40304817265801706240e-03 	 5 1 5 5
     -1.12756707813925014373e-04 	 5 1 6 1
      8.29798978333844831859e-08 	 5 1 6 2
      6.59882694869285871915e-06 	 5 1 6 3
      3.12896722811245800856e-05 	 5 1 6 4
     -1.29758676234169258251e-06 	 5 1 6 5
     -7.46195486412832165862e-04 	 5 1 6 6
      2.30460569790739546532e-05 	 5 1 7 1
     -3.09968229072224660346e-05 	 5 1 7 2
     -1.31774788207730038295e-06 	 5 1 7 3
      4.19077938851526194682e-06 	 5 1 7 4
     -1.92355355494335639698e-05 	 5 1 7 5
     -8.82400094164958856225e-07 	 5 1 7 6
     -2.29505213686792699330e-05 	 5 1 7 7
      2.39391302585132633403e-06 	 5 1 8 1
      3.83338118968855107085e-05 	 5 1 8 2
      1.58180711609836394576e-07 	 5 1 8 3
      3.15178400876046538952e-06 	 5 1 8 4
      4.96508211128270584450e-05 	 5 1 8 5
     -5.11868261833662302377e-07 	 5 1 8 6
     -1.41677847872434466790e-06 	 5 1 8 7
      2.40803035692575134741e-04 	 5 1 8 8
      9.40748031530969979700e-06 	 5 1 9 1
     -2.20517422373857065483e-06 	 5 1 9 2
      2.31703938677069679984e-08 	 5 1 9 3
     -1.13135687734527821567e-04 	 5 1 9 4
     -1.06305899079775004992e-04 	 5 1 9 5
      8.70561053914264154781e-06 	 5 1 9 6
     -1.39519625882242602520e-05 	 5 1 9 7
     -4.46165061384632818053e-05 	 5 1 9 8
      1.03934033043519470250e-04 	 5 1 9 9
      1.57741976715795179098e-03 	 5 2 1 1
      2.13339300187272695177e-06 	 5 2 2 1
     -3.93172001513703017750e-03 	 5 2 2 2
      4.42579707579696199365e-07 	 5 2 3 1
      1.43435622877697084479e-05 	 5 2 3 2
      1.44412834488255462442e-03 	 5 2 3 3
     -8.69479115426436327324e-06 	 5 2 4 1
      8.75990611667760705854e-05 	 5 2 4 2
     -8.99904530599928972683e-06 	 5 2 4 3
      7.52489229045690791349e-04 	 5 2 4 4
      3.00510809796747327624e-06 	 5 2 5 1
      4.04407698242222686698e-04 	 5 2 5 2
     -8.30095783311688848111e-06 	 5 2 5 3
      1.10970997087091768733e-04 	 5 2 5 4
     -2.73259445359605663076e-03 	 5 2 5 5
      1.48542461379904864281e-05 	 5 2 6 1
      9.10401142856287874943e-06 	 5 2 6 2
     -1.27174309093109108424e-05 	 5 2 6 3
     -1.93107951730362996010e-05 	 5 2 6 4
     -1.55491623752399556700e-05 	 5 2 6 5
      2.46581339137154093716e-03 	 5 2 6 6
      1.41372624302609806201e-05 	 5 2 7 1
      4.03186726177251237180e-04 	 5 2 7 2
     -5.89396456381812891399e-06 	 5 2 7 3
      2.55701941151383081231e-05 	 5 2 7 4
     -4.19792751039612440506e-05 	 5 2 7 5
     -6.17885312757818061090e-06 	 5 2 7 6
      2.08862964390308910104e-04 	 5 2 7 7
      3.65579364760661363514e-05 	 5 2 8 1
      6.80664543150594041065e-04 	 5 2 8 2
      1.06956883839589342972e-05 	 5 2 8 3
      5.90340281279808380601e-05 	 5 2 8 4
      6.89307526957914809378e-04 	 5 2 8 5
     -1.20178347763746412911e-05 	 5 2 8 6
     -8.49612964080681087702e-05 	 5 2 8 7
     -8.14130646772918617482e-03 	 5 2 8 8
     -3.34522407516014998988e-05 	 5 2 9 1
      4.38045044656276531553e-05 	 5 2 9 2
     -3.38898747661990102650e-06 	 5 2 9 3
     -3.96816338815562279826e-05 	 5 2 9 4
     -3.83480318076785892459e-04 	 5 2 9 5
      2.86896381272534395224e-06 	 5 2 9 6
     -1.11809207687147915363e-05 	 5 2 9 7
      6.24024553440012636841e-05 	 5 2 9 8
      1.42784342796683887122e-03 	 5 2 9 9
     -2.84464619239784672310e-04 	 5 3 1 1
     -9.71106369166352111607e-08 	 5 3 2 1
      1.44109397190193860199e-04 	 5 3 2 2
     -1.36173056945228570846e-05 	 5 3 3 1
     -5.65040973702263038737e-06 	 5 3 3 2
      2.98561247677403031331e-04 	 5 3 3 3
      2.32194817215517736381e-05 	 5 3 4 1
      8.34263307741482463677e-07 	 5 3 4 2
      8.30258798925673344084e-06 	 5 3 4 3
     -3.35932582270149842577e-04 	 5 3 4 4
      6.47159439539324532015e-06 	 5 3 5 1
     -8.30095783311736959583e-06 	 5 3 5 2
      4.52257253363506624231e-06 	 5 3 5 3
     -6.21234081563693589333e-07 	 5 3 5 4
      7.72855966871481558922e-04 	 5 3 5 5
     -5.54800912752234556808e-06 	 5 3 6 1
     -9.39258581732179457302e-07 	 5 3 6 2
     -6.56858317621296361726e-06 	 5 3 6 3
      2.20717100244363421304e-06 	 5 3 6 4
      1.87621743761374712500e-06 	 5 3 6 5
     -3.79248480231546801489e-04 	 5 3 6 6
      6.87694067829784445227e-06 	 5 3 7 1
     -5.44668305792233643678e-06 	 5 3 7 2
      8.42897719148377191304e-06 	 5 3 7 3
      2.47543145728860034742e-06 	 5 3 7 4
     -1.00769264405351691958e-05 	 5 3 7 5
      1.16140991595561037303e-06 	 5 3 7 6
     -1.16826632346880786273e-04 	 5 3 7 7
     -1.03213077004980940738e-06 	 5 3 8 1
      9.52972305312163994794e-06 	 5 3 8 2
     -2.06662465188731994794e-06 	 5 3 8 3
      1.67523242800038727218e-06 	 5 3 8 4
     -1.63268349980957174872e-05 	 5 3 8 5
      3.23982117777394315317e-07 	 5 3 8 6
      8.38078072817369157176e-07 	 5 3 8 7
      3.61760249612686185083e-04 	 5 3 8 8
     -3.53376585982327566285e-06 	 5 3 9 1
     -1.57828869645199103573e-06 	 5 3 9 2
      2.82843323344747528137e-06 	 5 3 9 3
     -4.01797123255672814358e-05 	 5 3 9 4
     -9.57196660983651820102e-06 	 5 3 9 5
      4.74543710447097513835e-06 	 5 3 9 6
     -1.45027362439706789448e-05 	 5 3 9 7
     -1.77651038831274828698e-05 	 5 3 9 8
     -1.79999701337302275318e-04 	 5 3 9 9
      1.86723504354582674203e-03 	 5 4 1 1
      1.08990060676533752213e-05 	 5 4 2 1
     -3.49999012238280237524e-03 	 5 4 2 2
      1.02341070243583588542e-04 	 5 4 3 1
     -2.55437076282954603863e-06 	 5 4 3 2
      8.78764636909889389552e-04 	 5 4 3 3
     -9.78695428766726462783e-05 	 5 4 4 1
     -8.93174539238168410530e-05 	 5 4 4 2
     -7.35414959891266071385e-05 	 5 4 4 3
     -4.73867870510899199307e-05 	 5 4 4 4
      2.32547854810974501387e-05 	 5 4 5 1
      1.10970997087074394393e-04 	 5 4 5 2
     -6.21234081563245932420e-07 	 5 4 5 3
      4.08369732494423900732e-04 	 5 4 5 4
      1.26682707873675918370e-03 	 5 4 5 5
      1.50933415472588936109e-04 	 5 4 6 1
      1.88352119975719089134e-06 	 5 4 6 2
     -8.74585306566540778310e-06 	 5 4 6 3
     -8.61255702592373799690e-05 	 5 4 6 4
     -2.62695570603238559571e-05 	 5 4 6 5
      3.88116414176365798552e-03 	 5 4 6 6
      2.28909148258107057869e-05 	 5 4 7 1
     -1.72609739520014805617e-05 	 5 4 7 2
     -3.39881970876737844593e-05 	 5 4 7 3
      5.85960255442092886775e-04 	 5 4 7 4
      3.71492172781017805389e-05 	 5 4 7 5
     -2.57810221314501921580e-05 	 5 4 7 6
     -3.18300638439818987108e-03 	 5 4 7 7
      1.13714023540759398372e-05 	 5 4 8 1
     -3.31295217817053509128e-06 	 5 4 8 2
     -7.54548577576925538794e-07 	 5 4 8 3
      6.33072364697543499149e-05 	 5 4 8 4
      4.27833130762105646669e-04 	 5 4 8 5
     -7.02610063075893676807e-06 	 5 4 8 6
      1.35125326361431875562e-07 	 5 4 8 7
     -3.59671541491528952081e-03 	 5 4 8 8
     -6.70701144164008531551e-05 	 5 4 9 1
      5.17042460115679336063e-05 	 5 4 9 2
      3.60453517643576084407e-06 	 5 4 9 3
      5.01488616631209330361e-04 	 5 4 9 4
     -6.34146620943213550937e-04 	 5 4 9 5
      4.20134567036014970739e-05 	 5 4 9 6
      5.75264088187240902727e-05 	 5 4 9 7
     -9.23822077723386109660e-05 	 5 4 9 8
      5.61128157916763146973e-03 	 5 4 9 9
      9.99448384473098500047e-02 	 5 5 1 1
     -1.03357506635410944596e-05 	 5 5 2 1
      2.57369013087411502294e-01 	 5 5 2 2
      9.81067502238510726065e-04 	 5 5 3 1
      1.83055325868991345263e-05 	 5 5 3 2
      7.61012693507237547585e-02 	 5 5 3 3
      3.71475902432898824612e-03 	 5 5 4 1
     -1.21483341786917699301e-03 	 5 5 4 2
      1.55195065800604230580e-05 	 5 5 4 3
      1.96456779375718953995e-01 	 5 5 4 4
      1.40304817265799949833e-03 	 5 5 5 1
     -2.73259445359608698842e-03 	 5 5 5 2
      7.72855966871476788432e-04 	 5 5 5 3
      1.26682707873669152948e-03 	 5 5 5 4
      5.41833703475557260099e-01 	 5 5 5 5
     -5.42971562557859402376e-04 	 5 5 6 1
     -8.31808280286364879873e-05 	 5 5 6 2
      1.07909869395814671245e-03 	 5 5 6 3
      2.15709363165539054572e-04 	 5 5 6 4
      3.10024277121425306455e-05 	 5 5 6 5
      5.76879631297286116220e-02 	 5 5 6 6
     -2.00631067109950786062e-03 	 5 5 7 1
      3.33733209869199439271e-03 	 5 5 7 2
      4.63808007524990628667e-04 	 5 5 7 3
     -2.08130864370070388022e-03 	 5 5 7 4
     -1.84331131377471046234e-03 	 5 5 7 5
      4.54882571088796139151e-04 	 5 5 7 6
      1.99927489459812562922e-01 	 5 5 7 7
     -6.91408967631757805745e-05 	 5 5 8 1
     -1.49596673013391821827e-03 	 5 5 8 2
     -1.04187798077835192478e-04 	 5 5 8 3
      8.35200307196936643506e-04 	 5 5 8 4
     -1.56644107096423589043e-02 	 5 5 8 5
     -1.26085843600116855479e-04 	 5 5 8 6
     -4.11366373347640378738e-04 	 5 5 8 7
      3.57876335654770116879e-01 	 5 5 8 8
      2.42624348411259356528e-03 	 5 5 9 1
     -1.30114411140145594045e-03 	 5 5 9 2
      9.13720097392589679711e-04 	 5 5 9 3
      1.54916225909396132465e-03 	 5 5 9 4
     -1.67830037538975809785e-02 	 5 5 9 5
      1.73622980554220211064e-03 	 5 5 9 6
     -1.64752109685837363345e-03 	 5 5 9 7
     -6.18556052826004301726e-03 	 5 5 9 8
      2.88266669713621304094e-01 	 5 5 9 9
      1.73549857371431913954e-03 	 6 1 1 1
      4.47665952128459073583e-05 	 6 1 2 1
     -2.46842878229665274592e-03 	 6 1 2 2
      1.37152316887684819560e-03 	 6 1 3 1
      7.34687601135247394404e-07 	 6 1 3 2
     -3.19081151546312790507e-03 	 6 1 3 3
      7.44203036734643243871e-04 	 6 1 4 1
     -1.02179304785789527941e-04 	 6 1 4 2
     -1.17768535478419148410e-04 	 6 1 4 3
     -2.40942220192228969203e-03 	 6 1 4 4
     -1.12756707813916042600e-04 	 6 1 5 1
      1.48542461379842742885e-05 	 6 1 5 2
     -5.54800912752038045164e-06 	 6 1 5 3
      1.50933415472611894090e-04 	 6 1 5 4
     -5.42971562557917840873e-04 	 6 1 5 5
      5.32265251804632435334e-03 	 6 1 6 1
     -1.18443673932637442829e-05 	 6 1 6 2
      4.21614436511272825704e-04 	 6 1 6 3
      2.42634517962470828154e-05 	 6 1 6 4
      3.78537786218897279140e-06 	 6 1 6 5
      1.26883493363223950889e-02 	 6 1 6 6
     -1.77624142453712277276e-05 	 6 1 7 1
      6.90095083950325910611e-05 	 6 1 7 2
      2.89975691052514976788e-08 	 6 1 7 3
      3.96882825598948458384e-04 	 6 1 7 4
      2.57239730309447656241e-05 	 6 1 7 5
      8.03917276008213050990e-05 	 6 1 7 6
     -3.12965195602540316097e-03 	 6 1 7 7
     -2.94180843203003946306e-05 	 6 1 8 1
     -1.06045811583823876447e-05 	 6 1 8 2
     -1.89535302740922582032e-06 	 6 1 8 3
      3.77425125910832662420e-05 	 6 1 8 4
      2.95317188859864811353e-05 	 6 1 8 5
     -2.95219846576309041624e-06 	 6 1 8 6
      5.42345390847684050346e-06 	 6 1 8 7
     -1.83602587256687056413e-03 	 6 1 8 8
     -4.33398701560459235355e-04 	 6 1 9 1
      3.69399690559442194339e-05 	 6 1 9 2
     -1.52223578545445650465e-05 	 6 1 9 3
      3.92653297521727547102e-04 	 6 1 9 4
      1.24946033666195149793e-04 	 6 1 9 5
     -1.36860155256636690027e-04 	 6 1 9 6
     -1.12521857284532163376e-05 	 6 1 9 7
      1.95218907734782895502e-05 	 6 1 9 8
      1.10757889936671642152e-03 	 6 1 9 9
      3.27868856429023875637e-04 	 6 2 1 1
     -6.64837361511273696753e-06 	 6 2 2 1
     -9.35683184483276616031e-04 	 6 2 2 2
     -4.46694048486878333461e-06 	 6 2 3 1
      1.73109348626416958276e-06 	 6 2 3 2
      3.42912097080821964053e-04 	 6 2 3 3
     -2.41826616875918915623e-05 	 6 2 4 1
     -1.02218573775345779393e-06 	 6 2 4 2
     -3.54623171164266843221e-07 	 6 2 4 3
      3.40470614659600884309e-04 	 6 2 4 4
      8.29798978329164974826e-08 	 6 2 5 1
      9.10401142856386977797e-06 	 6 2 5 2
     -9.39258581732309159222e-07 	 6 2 5 3
      1.88352119975564187984e-06 	 6 2 5 4
     -8.31808280286380871855e-05 	 6 2 5 5
     -1.18443673932627956060e-05 	 6 2 6 1
      4.67235612115732017906e-06 	 6 2 6 2
      6.00349406389876077430e-06 	 6 2 6 3
      5.58177300548353286865e-06 	 6 2 6 4
     -5.72991325550919162281e-06 	 6 2 6 5
     -1.44251305927108785165e-04 	 6 2 6 6
     -4.64156092308456647206e-06 	 6 2 7 1
     -7.75258315174074775849e-06 	 6 2 7 2
     -5.85832744695422085953e-06 	 6 2 7 3
     -4.16377475916859050961e-05 	 6 2 7 4
     -1.38040569391548925434e-06 	 6 2 7 5
     -3.22963864946130121346e-06 	 6 2 7 6
      5.40799052440355426967e-05 	 6 2 7 7
      1.11557215462090559858e-06 	 6 2 8 1
      1.51543272201983564447e-05 	 6 2 8 2
      1.94109262227071221443e-07 	 6 2 8 3
     -1.58389118978085161832e-06 	 6 2 8 4
     -9.08847616410444491294e-06 	 6 2 8 5
     -2.18337877503526993283e-06 	 6 2 8 6
     -2.02425006395984898077e-05 	 6 2 8 7
     -4.32173040420940680374e-04 	 6 2 8 8
      4.38068428266332229165e-06 	 6 2 9 1
     -9.93481530211187947009e-06 	 6 2 9 2
     -1.04190785943597098759e-06 	 6 2 9 3
      1.30093182255996472812e-06 	 6 2 9 4
     -3.58871157474616646148e-06 	 6 2 9 5
     -7.90661333275226044996e-06 	 6 2 9 6
      1.54182709750728860190e-05 	 6 2 9 7
     -8.94142120271196072906e-07 	 6 2 9 8
      2.18371674810486271403e-04 	 6 2 9 9
      5.31042068170600994187e-03 	 6 3 1 1
      7.21216275457897957783e-06 	 6 3 2 1
      1.92280670025430267152e-03 	 6 3 2 2
     -4.32376856606672037645e-04 	 6 3 3 1
      2.88226124507749021915e-05 	 6 3 3 2
     -8.23675745616494602713e-04 	 6 3 3 3
     -6.83985979312903954932e-05 	 6 3 4 1
      7.69888382623632354710e-06 	 6 3 4 2
     -8.76383216607323008336e-05 	 6 3 4 3
      2.07708827458495323692e-03 	 6 3 4 4
      6.59882694869535238414e-06 	 6 3 5 1
     -1.27174309093100926086e-05 	 6 3 5 2
     -6.56858317621252485420e-06 	 6 3 5 3
     -8.74585306565885852435e-06 	 6 3 5 4
      1.07909869395813500306e-03 	 6 3 5 5
      4.21614436511272012553e-04 	 6 3 6 1
      6.00349406389849734705e-06 	 6 3 6 2
      3.11387780017816171579e-04 	 6 3 6 3
      1.07557736903794089081e-04 	 6 3 6 4
     -2.79743235140081411940e-05 	 6 3 6 5
     -1.54253504229063783185e-03 	 6 3 6 6
      3.65780929676965644117e-05 	 6 3 7 1
     -2.34964361331102207281e-05 	 6 3 7 2
     -5.88900414855370653733e-05 	 6 3 7 3
     -1.61257002082363894765e-05 	 6 3 7 4
      9.00636088957189861733e-06 	 6 3 7 5
     -1.31352734495530354126e-06 	 6 3 7 6
      1.79539255004090023485e-03 	 6 3 7 7
      2.78828567551979899638e-06 	 6 3 8 1
     -9.21246941094231239092e-07 	 6 3 8 2
      8.99484595197094643235e-06 	 6 3 8 3
     -1.31848404020543178696e-05 	 6 3 8 4
     -7.00403450373977961782e-06 	 6 3 8 5
     -8.06450645166449336227e-06 	 6 3 8 6
      6.56009453865440449801e-06 	 6 3 8 7
      1.74040813547363419286e-03 	 6 3 8 8
     -2.29878440044030812872e-05 	 6 3 9 1
     -1.02908224990831424143e-05 	 6 3 9 2
     -3.27646983910724014973e-06 	 6 3 9 3
      2.60545824944404907876e-05 	 6 3 9 4
      9.63004127863823862672e-06 	 6 3 9 5
     -6.50556912836951965837e-05 	 6 3 9 6
      3.61203912342249617564e-05 	 6 3 9 7
      9.31220076695222003188e-06 	 6 3 9 8
      9.37703542878987549546e-04 	 6 3 9 9
      3.45389388221852781241e-03 	 6 4 1 1
     -4.94470400417452010655e-06 	 6 4 2 1
      1.89938401214507514812e-03 	 6 4 2 2
     -1.07081531371570890031e-04 	 6 4 3 1
      1.10819178506617867322e-05 	 6 4 3 2
      1.81463375245986780968e-03 	 6 4 3 3
     -4.74310788755665522012e-04 	 6 4 4 1
      5.69148849165096616795e-05 	 6 4 4 2
     -7.00699339101110521034e-05 	 6 4 4 3
      4.22410471620704355139e-03 	 6 4 4 4
      3.12896722811283544644e-05 	 6 4 5 1
     -1.93107951730361742401e-05 	 6 4 5 2
      2.20717100244484716422e-06 	 6 4 5 3
     -8.61255702592267412352e-05 	 6 4 5 4
      2.15709363165531844628e-04 	 6 4 5 5
      2.42634517962437285649e-05 	 6 4 6 1
      5.58177300548324487744e-06 	 6 4 6 2
      1.07557736903793235272e-04 	 6 4 6 3
      3.38589292070332363235e-04 	 6 4 6 4
     -3.28546751371842370745e-05 	 6 4 6 5
     -6.58573507910843302521e-03 	 6 4 6 6
      1.68454341738150632584e-05 	 6 4 7 1
     -1.29063109328070204761e-04 	 6 4 7 2
     -2.44050629596855650830e-05 	 6 4 7 3
     -7.34666643357094137096e-05 	 6 4 7 4
     -3.23236705902710654090e-06 	 6 4 7 5
      2.12187197806923570956e-05 	 6 4 7 6
      2.31373992850584467990e-03 	 6 4 7 7
      8.84049059317555389783e-06 	 6 4 8 1
      2.79046682287651165899e-05 	 6 4 8 2
      5.57427871868513215330e-06 	 6 4 8 3
     -7.07926050367442663601e-05 	 6 4 8 4
     -4.62324808662185368055e-06 	 6 4 8 5
     -1.19891278017620099631e-05 	 6 4 8 6
     -7.85648642942840118612e-06 	 6 4 8 7
      1.42304979945386857187e-03 	 6 4 8 8
      1.06445319950349541081e-04 	 6 4 9 1
     -3.35422607278403306060e-05 	 6 4 9 2
      3.39996999766927626707e-06 	 6 4 9 3
     -2.89581013360995487803e-04 	 6 4 9 4
      1.53407531937889532502e-05 	 6 4 9 5
     -7.34213647125444809124e-05 	 6 4 9 6
      6.97011844142700440641e-05 	 6 4 9 7
      6.81758114891515511668e-06 	 6 4 9 8
     -6.78902341534692562244e-04 	 6 4 9 9
      6.26969249828846365413e-05 	 6 5 1 1
     -6.46908064569790201629e-07 	 6 5 2 1
      9.13172147014807355451e-06 	 6 5 2 2
      1.87998073353890193761e-06 	 6 5 3 1
     -2.08539879210187967826e-06 	 6 5 3 2
      4.06508396096290673064e-05 	 6 5 3 3
      6.45158299884088676799e-05 	 6 5 4 1
      7.91861325868199864131e-07 	 6 5 4 2
      9.80452276117693648076e-06 	 6 5 4 3
     -4.87986312537864606789e-04 	 6 5 4 4
     -1.29758676234208221766e-06 	 6 5 5 1
     -1.55491623752410635891e-05 	 6 5 5 2
      1.87621743761361731720e-06 	 6 5 5 3
     -2.62695570603248419034e-05 	 6 5 5 4
      3.10024277121377804848e-05 	 6 5 5 5
      3.78537786219026705774e-06 	 6 5 6 1
     -5.72991325550918823467e-06 	 6 5 6 2
     -2.79743235140078972485e-05 	 6 5 6 3
     -3.28546751371840337866e-05 	 6 5 6 4
      4.07759582236876953797e-05 	 6 5 6 5
      3.35626368106856217896e-03 	 6 5 6 6
      1.56176341120777739853e-05 	 6 5 7 1
      3.16899341111960273476e-06 	 6 5 7 2
      4.21715048081861920790e-06 	 6 5 7 3
     -1.01593078593364670052e-05 	 6 5 7 4
     -6.08625454036945323839e-06 	 6 5 7 5
      1.26195075404846975339e-05 	 6 5 7 6
     -1.53883427667504901976e-04 	 6 5 7 7
     -2.26310762501858941617e-06 	 6 5 8 1
     -1.86624836187478027347e-06 	 6 5 8 2
     -9.63712820095209789486e-07 	 6 5 8 3
     -1.53883127895654980713e-06 	 6 5 8 4
     -6.63660468150879606034e-05 	 6 5 8 5
      1.31593109023696353303e-05 	 6 5 8 6
     -1.12044123360672108971e-06 	 6 5 8 7
      2.16240778953370559176e-04 	 6 5 8 8
     -1.30019332786528504239e-05 	 6 5 9 1
     -5.69462913922948791277e-06 	 6 5 9 2
      3.35628815667364644165e-07 	 6 5 9 3
     -9.87588883916669314951e-06 	 6 5 9 4
      6.82705987101891954762e-05 	 6 5 9 5
      4.59905145830368785676e-05 	 6 5 9 6
     -9.65898000311788640869e-06 	 6 5 9 7
     -9.69172597999091229554e-07 	 6 5 9 8
     -7.07010194136984261408e-04 	 6 5 9 9
      4.82859241415226292382e-01 	 6 6 1 1
      3.58076124241100187534e-06 	 6 6 2 1
     -7.68077276560680116679e-02 	 6 6 2 2
      3.87420158153983177490e-03 	 6 6 3 1
     -1.70993065469007013641e-04 	 6 6 3 2
      3.30196917467521555700e-01 	 6 6 3 3
     -2.92437411551250405969e-03 	 6 6 4 1
     -1.54555682754223803642e-04 	 6 6 4 2
     -3.79311902008426342359e-03 	 6 6 4 3
      2.26611268238116503326e-01 	 6 6 4 4
     -7.46195486412838887916e-04 	 6 6 5 1
      2.46581339137153139618e-03 	 6 6 5 2
     -3.79248480231548753053e-04 	 6 6 5 3
      3.88116414176364193933e-03 	 6 6 5 4
      5.76879631297285283553e-02 	 6 6 5 5
      1.26883493363224471306e-02 	 6 6 6 1
     -1.44251305927107917803e-04 	 6 6 6 2
     -1.54253504229061614780e-03 	 6 6 6 3
     -6.58573507910845037244e-03 	 6 6 6 4
      3.35626368106856738313e-03 	 6 6 6 5
      9.65929222574217871689e-01 	 6 6 6 6
      2.22702532031817789643e-03 	 6 6 7 1
      6.52840583815961087236e-04 	 6 6 7 2
     -2.10992019033780882006e-03 	 6 6 7 3
      3.03197711465691324001e-04 	 6 6 7 4
      8.68321841513845175259e-04 	 6 6 7 5
     -5.95689510843060068129e-05 	 6 6 7 6
      5.36003043757879993336e-02 	 6 6 7 7
      2.19920951123615517281e-04 	 6 6 8 1
     -2.22173781406468946048e-03 	 6 6 8 2
     -1.39150952069152269693e-04 	 6 6 8 3
     -3.58580497289657639665e-04 	 6 6 8 4
     -7.64668152107178446947e-04 	 6 6 8 5
      1.10061322377063360196e-03 	 6 6 8 6
     -2.54734954171465920875e-03 	 6 6 8 7
     -7.12402449436325690968e-02 	 6 6 8 8
     -6.51225121471382586286e-03 	 6 6 9 1
      1.11108641004544031098e-05 	 6 6 9 2
     -3.97946000537091355148e-04 	 6 6 9 3
      2.86119773553959906576e-03 	 6 6 9 4
      3.53480325907380319925e-03 	 6 6 9 5
      2.47206073271870763880e-03 	 6 6 9 6
      4.93233928886696940119e-03 	 6 6 9 7
      7.95010864357816298548e-04 	 6 6 9 8
      2.16808021534049072399e-01 	 6 6 9 9
      5.67327759306022333385e-03 	 7 1 1 1
     -7.86702300288693796881e-06 	 7 1 2 1
     -2.23738725913165664022e-03 	 7 1 2 2
     -4.11848118359104883868e-04 	 7 1 3 1
     -1.32540741005728546708e-05 	 7 1 3 2
      4.21012531274094110867e-03 	 7 1 3 3
      3.07001660755211664474e-04 	 7 1 4 1
      3.39416467601774498090e-05 	 7 1 4 2
      8.00591530720597344606e-05 	 7 1 4 3
     -4.98524746113541538522e-03 	 7 1 4 4
      2.30460569790748626725e-05 	 7 1 5 1
      1.41372624302630880381e-05 	 7 1 5 2
      6.87694067829789358018e-06 	 7 1 5 3
      2.28909148258165062685e-05 	 7 1 5 4
     -2.00631067109952911098e-03 	 7 1 5 5
     -1.77624142453649901769e-05 	 7 1 6 1
     -4.64156092308476806590e-06 	 7 1 6 2
      3.65780929676974317735e-05 	 7 1 6 3
      1.68454341738204165066e-05 	 7 1 6 4
      1.56176341120778756292e-05 	 7 1 6 5
      2.22702532031816878913e-03 	 7 1 6 6
      4.11021066302216667512e-04 	 7 1 7 1
     -2.57356761186934915320e-04 	 7 1 7 2
     -1.36736857519533496960e-05 	 7 1 7 3
      7.69943737619876457899e-04 	 7 1 7 4
     -4.79113197427923718911e-05 	 7 1 7 5
     -4.81167544044636268943e-05 	 7 1 7 6
     -3.81622933952616930769e-03 	 7 1 7 7
     -7.49585112875247892362e-06 	 7 1 8 1
      1.82388684404659562289e-04 	 7 1 8 2
     -5.65958070704222246481e-06 	 7 1 8 3
      2.57789025690237949572e-05 	 7 1 8 4
      1.13456332190568610712e-04 	 7 1 8 5
      6.73558497156359809349e-06 	 7 1 8 6
      3.82969983000367396580e-06 	 7 1 8 7
     -2.26794688605160086464e-03 	 7 1 8 8
     -1.87780229133469056015e-04 	 7 1 9 1
      3.44072279890783247480e-05 	 7 1 9 2
     -1.17733781555762740648e-05 	 7 1 9 3
     -2.14064066275109317816e-04 	 7 1 9 4
      8.89800170192449189259e-05 	 7 1 9 5
      9.13839955289042528148e-06 	 7 1 9 6
     -1.64212629381511459074e-04 	 7 1 9 7
     -1.40098683296388196461e-05 	 7 1 9 8
     -2.23110596075172442493e-03 	 7 1 9 9
     -8.66022774314175532336e-04 	 7 2 1 1
      1.03986774662643904291e-04 	 7 2 2 1
      1.55616683438949583718e-02 	 7 2 2 2
      1.16080907219938021455e-04 	 7 2 3 1
      6.74937391572165662317e-05 	 7 2 3 2
     -2.06230615928863422748e-03 	 7 2 3 3
      5.76509585732790075761e-04 	 7 2 4 1
      6.47900324300397707257e-04 	 7 2 4 2
      1.79775482251551469554e-05 	 7 2 4 3
      3.02251727095075419308e-03 	 7 2 4 4
     -3.09968229072209617040e-05 	 7 2 5 1
      4.03186726177253676635e-04 	 7 2 5 2
     -5.44668305792118786010e-06 	 7 2 5 3
     -1.72609739519991732439e-05 	 7 2 5 4
      3.33733209869217740604e-03 	 7 2 5 5
      6.90095083950155284295e-05 	 7 2 6 1
     -7.75258315174487619707e-06 	 7 2 6 2
     -2.34964361331140527051e-05 	 7 2 6 3
     -1.29063109328067629781e-04 	 7 2 6 4
      3.16899341111698836757e-06 	 7 2 6 5
      6.52840583816009659493e-04 	 7 2 6 6
     -2.57356761186939414759e-04 	 7 2 7 1
      7.23603618266293029809e-03 	 7 2 7 2
      2.93718823778184442638e-04 	 7 2 7 3
      4.54536137744690504382e-04 	 7 2 7 4
      8.83402263065564730170e-05 	 7 2 7 5
      1.55921818786557435290e-04 	 7 2 7 6
      1.55898968623175947223e-02 	 7 2 7 7
      6.75127209017186509423e-05 	 7 2 8 1
      5.33635220529239044478e-04 	 7 2 8 2
      1.85107903756095522254e-05 	 7 2 8 3
      2.75278714414098249052e-04 	 7 2 8 4
     -6.52683858029493415079e-04 	 7 2 8 5
     -1.69326055339421106458e-05 	 7 2 8 6
      7.44239748706611412184e-04 	 7 2 8 7
      1.35018010136150022615e-03 	 7 2 8 8
      7.24108806035270890404e-05 	 7 2 9 1
     -9.03765854039357657531e-05 	 7 2 9 2
      4.31886874238119049686e-05 	 7 2 9 3
      5.37023058573191732108e-04 	 7 2 9 4
     -4.90644281095794360104e-04 	 7 2 9 5
      3.40527183906288839440e-05 	 7 2 9 6
     -3.39879005457158938405e-04 	 7 2 9 7
     -4.52196022691739334858e-05 	 7 2 9 8
      3.78572931005943021793e-03 	 7 2 9 9
     -2.39991887978514666091e-03 	 7 3 1 1
      1.00672734735307474192e-05 	 7 3 2 1
      2.73323227776157712948e-03 	 7 3 2 2
      1.35010992063169294906e-04 	 7 3 3 1
     -4.51886053623830802111e-05 	 7 3 3 2
      2.20409542138174773668e-03 	 7 3 3 3
      2.09685770222421848357e-04 	 7 3 4 1
      4.47461333276845266496e-05 	 7 3 4 2
      8.29658800992293370830e-05 	 7 3 4 3
     -1.13673188279790203688e-03 	 7 3 4 4
     -1.31774788207709624801e-06 	 7 3 5 1
     -5.89396456382058785064e-06 	 7 3 5 2
      8.42897719148378207744e-06 	 7 3 5 3
     -3.39881970876711417165e-05 	 7 3 5 4
      4.63808007524972143020e-04 	 7 3 5 5
      2.89975691070777007131e-08 	 7 3 6 1
     -5.85832744695434960854e-06 	 7 3 6 2
     -5.88900414855370111632e-05 	 7 3 6 3
     -2.44050629596830104316e-05 	 7 3 6 4
      4.21715048081852264615e-06 	 7 3 6 5
     -2.10992019033781272319e-03 	 7 3 6 6
     -1.36736857519543153136e-05 	 7 3 7 1
      2.93718823778185147370e-04 	 7 3 7 2
      1.45754254740681864341e-04 	 7 3 7 3
      3.97954441554736315493e-05 	 7 3 7 4
     -3.67647473987278976693e-05 	 7 3 7 5
      2.63823713662924225827e-05 	 7 3 7 6
      3.62316035847941352380e-03 	 7 3 7 7
     -1.25916918522174271710e-06 	 7 3 8 1
      2.05387990110837966398e-05 	 7 3 8 2
     -1.41982328510044610210e-05 	 7 3 8 3
      2.47022809020841198758e-05 	 7 3 8 4
     -2.10855969660657504897e-06 	 7 3 8 5
      1.47101882906466184681e-06 	 7 3 8 6
      8.28934345941025746418e-05 	 7 3 8 7
      1.58748513292890965770e-03 	 7 3 8 8
      5.54118176966390932380e-06 	 7 3 9 1
      5.77204825438278846871e-06 	 7 3 9 2
      1.68935106914584032669e-05 	 7 3 9 3
     -3.66066556441646328646e-05 	 7 3 9 4
     -4.15138809015448717078e-05 	 7 3 9 5
      1.78489181581361727432e-05 	 7 3 9 6
     -7.97018146891214772799e-05 	 7 3 9 7
     -3.45901346277597425527e-06 	 7 3 9 8
     -6.48390750764180848892e-04 	 7 3 9 9
     -1.54510458585705194243e-03 	 7 4 1 1
      1.14964521403192694907e-04 	 7 4 2 1
     -4.41848819532401687268e-04 	 7 4 2 2
      3.96031330490319115594e-04 	 7 4 3 1
     -9.08615857239827531171e-06 	 7 4 3 2
     -3.71718037757545229083e-03 	 7 4 3 3
     -1.07491114424050670031e-03 	 7 4 4 1
     -5.06798562306568314319e-04 	 7 4 4 2
     -2.85973854243079181336e-04 	 7 4 4 3
     -1.27855391385448321356e-02 	 7 4 4 4
      4.19077938851162902251e-06 	 7 4 5 1
      2.55701941151477474582e-05 	 7 4 5 2
      2.47543145728753732107e-06 	 7 4 5 3
      5.85960255442085405780e-04 	 7 4 5 4
     -2.08130864370089600085e-03 	 7 4 5 5
      3.96882825598970847159e-04 	 7 4 6 1
     -4.16377475916865962750e-05 	 7 4 6 2
     -1.61257002082290711118e-05 	 7 4 6 3
     -7.34666643356980024818e-05 	 7 4 6 4
     -1.01593078593376138878e-05 	 7 4 6 5
      3.03197711465691540841e-04 	 7 4 6 6
      7.69943737619894130395e-04 	 7 4 7 1
      4.54536137744690667013e-04 	 7 4 7 2
      3.97954441554746683176e-05 	 7 4 7 3
      6.81276702410947739008e-03 	 7 4 7 4
     -1.05849905534178480196e-04 	 7 4 7 5
     -1.76183211388519783561e-04 	 7 4 7 6
     -1.42416770649467418902e-02 	 7 4 7 7
     -4.78802445633938188885e-06 	 7 4 8 1
      6.44969438866362207614e-04 	 7 4 8 2
     -6.99209544562570306292e-06 	 7 4 8 3
      1.85255588474431846133e-06 	 7 4 8 4
      4.69878769871919811912e-04 	 7 4 8 5
     -1.92911865834459461000e-06 	 7 4 8 6
      3.74082444252307006957e-04 	 7 4 8 7
     -1.93461274048546639712e-03 	 7 4 8 8
     -1.98450447614313912979e-04 	 7 4 9 1
      2.78582401002657169958e-04 	 7 4 9 2
     -1.94621858001869638187e-05 	 7 4 9 3
      1.48676374856684294715e-03 	 7 4 9 4
      5.33197225602934131786e-04 	 7 4 9 5
      4.02475082546056278491e-05 	 7 4 9 6
     -9.24327538447557877678e-04 	 7 4 9 7
      2.14486763938758239801e-05 	 7 4 9 8
      2.64762740184766543969e-04 	 7 4 9 9
      8.82482003572556935114e-04 	 7 5 1 1
      1.95826250299757493220e-06 	 7 5 2 1
      1.14401314807345121788e-03 	 7 5 2 2
      3.66801271450293965115e-05 	 7 5 3 1
     -5.81063192127497989495e-06 	 7 5 3 2
      8.77984654556751575611e-05 	 7 5 3 3
     -1.04883793741032954159e-06 	 7 5 4 1
     -5.12885546740964967552e-05 	 7 5 4 2
     -3.43367760505343793125e-05 	 7 5 4 3
      1.78529084778699482713e-03 	 7 5 4 4
     -1.92355355494320799680e-05 	 7 5 5 1
     -4.19792751039626535134e-05 	 7 5 5 2
     -1.00769264405349947070e-05 	 7 5 5 3
      3.71492172781174472603e-05 	 7 5 5 4
     -1.84331131377469788560e-03 	 7 5 5 5
      2.57239730309384365939e-05 	 7 5 6 1
     -1.38040569391527813138e-06 	 7 5 6 2
      9.00636088957115661646e-06 	 7 5 6 3
     -3.23236705903482131699e-06 	 7 5 6 4
     -6.08625454036911950741e-06 	 7 5 6 5
      8.68321841513838778466e-04 	 7 5 6 6
     -4.79113197427948384510e-05 	 7 5 7 1
      8.83402263065619753430e-05 	 7 5 7 2
     -3.67647473987263526812e-05 	 7 5 7 3
     -1.05849905534202468169e-04 	 7 5 7 4
      1.19978896614313253720e-04 	 7 5 7 5
     -2.10417756043866356914e-06 	 7 5 7 6
     -1.93040068337229481742e-03 	 7 5 7 7
      9.78157731445873372309e-09 	 7 5 8 1
     -2.98588405567376091298e-04 	 7 5 8 2
     -6.46778432287060208734e-07 	 7 5 8 3
     -9.17177883696753682688e-06 	 7 5 8 4
     -4.44920783351496600404e-05 	 7 5 8 5
      2.74044559450018657094e-07 	 7 5 8 6
      4.45567162187392691651e-05 	 7 5 8 7
      1.16196868699705579964e-03 	 7 5 8 8
      3.21638368118224080819e-05 	 7 5 9 1
     -3.34015268778261885903e-06 	 7 5 9 2
      8.93482556328281844553e-06 	 7 5 9 3
      2.78418496689106025836e-04 	 7 5 9 4
     -8.96523755897340389161e-05 	 7 5 9 5
     -6.14148202702066305878e-06 	 7 5 9 6
      8.42832732934493462267e-05 	 7 5 9 7
      4.24939832702054382484e-05 	 7 5 9 8
      1.43332928295735058909e-03 	 7 5 9 9
     -2.44595893340096679110e-04 	 7 6 1 1
      5.07596278717135750186e-07 	 7 6 2 1
      1.30099869388633319900e-03 	 7 6 2 2
      1.37422626297689369121e-05 	 7 6 3 1
     -1.00310179072310240255e-08 	 7 6 3 2
     -4.23718131109179622397e-04 	 7 6 3 3
      1.03699940855255816796e-04 	 7 6 4 1
      5.83696514018385310133e-06 	 7 6 4 2
      1.28808823247369733339e-06 	 7 6 4 3
      7.55733896235113761404e-04 	 7 6 4 4
     -8.82400094165686881043e-07 	 7 6 5 1
     -6.17885312757958329746e-06 	 7 6 5 2
      1.16140991595537172150e-06 	 7 6 5 3
     -2.57810221314522656946e-05 	 7 6 5 4
      4.54882571088798090715e-04 	 7 6 5 5
      8.03917276008215083869e-05 	 7 6 6 1
     -3.22963864946131476598e-06 	 7 6 6 2
     -1.31352734495519342698e-06 	 7 6 6 3
      2.12187197806917336794e-05 	 7 6 6 4
      1.26195075404845891137e-05 	 7 6 6 5
     -5.95689510843107773025e-05 	 7 6 6 6
     -4.81167544044637149857e-05 	 7 6 7 1
      1.55921818786558031601e-04 	 7 6 7 2
      2.63823713662925513318e-05 	 7 6 7 3
     -1.76183211388519539616e-04 	 7 6 7 4
     -2.10417756043794401465e-06 	 7 6 7 5
      3.32375967798746431653e-05 	 7 6 7 6
      1.95380756794699987286e-03 	 7 6 7 7
      1.03675539163454968718e-06 	 7 6 8 1
     -4.31073094119518491650e-05 	 7 6 8 2
      9.75477559891435721268e-07 	 7 6 8 3
     -1.77293368240859810272e-06 	 7 6 8 4
     -3.30236359535430128555e-05 	 7 6 8 5
      3.39207535474051501267e-06 	 7 6 8 6
      2.15164906547905146017e-05 	 7 6 8 7
      9.25122134386681805977e-04 	 7 6 8 8
      1.75721681090708741206e-05 	 7 6 9 1
     -9.15901534116698784124e-06 	 7 6 9 2
      8.15405455073669343559e-06 	 7 6 9 3
      2.14436490546496541976e-05 	 7 6 9 4
     -4.67120110174726560319e-05 	 7 6 9 5
      1.63832453853943521755e-05 	 7 6 9 6
      1.17026369090863884004e-05 	 7 6 9 7
     -4.57289784283217904609e-07 	 7 6 9 8
      2.85067455526274619133e-05 	 7 6 9 9
      1.52962025598499751222e-01 	 7 7 1 1
      2.61984044972475441440e-04 	 7 7 2 1
      3.83807229604056998618e-01 	 7 7 2 2
     -8.14384997269423536667e-04 	 7 7 3 1
      7.75167567950372604461e-04 	 7 7 3 2
      1.42769414447030118520e-01 	 7 7 3 3
      3.82191784347894313728e-03 	 7 7 4 1
      5.15044777844909928977e-03 	 7 7 4 2
      9.87903025848832451114e-04 	 7 7 4 3
      3.00426699812455011429e-01 	 7 7 4 4
     -2.29505213687011843694e-05 	 7 7 5 1
      2.08862964390335798318e-04 	 7 7 5 2
     -1.16826632346887860693e-04 	 7 7 5 3
     -3.18300638439827053572e-03 	 7 7 5 4
      1.99927489459812368633e-01 	 7 7 5 5
     -3.12965195602540532938e-03 	 7 7 6 1
      5.40799052440397168750e-05 	 7 7 6 2
      1.79539255004089893381e-03 	 7 7 6 3
      2.31373992850583774100e-03 	 7 7 6 4
     -1.53883427667501676474e-04 	 7 7 6 5
      5.36003043757882491338e-02 	 7 7 6 6
     -3.81622933952614892469e-03 	 7 7 7 1
      1.55898968623175045167e-02 	 7 7 7 2
      3.62316035847940788595e-03 	 7 7 7 3
     -1.42416770649468667903e-02 	 7 7 7 4
     -1.93040068337229308269e-03 	 7 7 7 5
      1.95380756794699857182e-03 	 7 7 7 6
      5.60969227138353732087e-01 	 7 7 7 7
      2.27003136122250063263e-04 	 7 7 8 1
     -1.19305796772711260843e-03 	 7 7 8 2
      3.17762822004778614036e-04 	 7 7 8 3
      4.73563616566107230699e-04 	 7 7 8 4
     -3.25143576716747624913e-03 	 7 7 8 5
     -1.50467371527611763727e-05 	 7 7 8 6
      3.15663509634270516430e-03 	 7 7 8 7
      2.73937377768808221212e-01 	 7 7 8 8
      3.57808121142197486236e-03 	 7 7 9 1
     -1.41905513294977511651e-03 	 7 7 9 2
      1.99924749092696162935e-04 	 7 7 9 3
     -2.66067730389348867936e-04 	 7 7 9 4
     -4.11441297375253131618e-03 	 7 7 9 5
     -3.33071032928227198609e-04 	 7 7 9 6
      1.40620125104757892794e-03 	 7 7 9 7
      6.04694226640428776458e-04 	 7 7 9 8
      1.77605420676454239803e-01 	 7 7 9 9
      6.33416613854578098262e-04 	 8 1 1 1
      2.30355824841323308266e-06 	 8 1 2 1
     -1.93725098876399749737e-04 	 8 1 2 2
      3.10073458406205082201e-05 	 8 1 3 1
      2.13780485327105162219e-06 	 8 1 3 2
      1.13772262232721588400e-04 	 8 1 3 3
     -4.49126992534114395021e-05 	 8 1 4 1
      8.94360820269914196239e-06 	 8 1 4 2
     -1.17816524992419760899e-05 	 8 1 4 3
      4.08715392923789458401e-04 	 8 1 4 4
      2.39391302585120309074e-06 	 8 1 5 1
      3.65579364760657839857e-05 	 8 1 5 2
     -1.03213077004982761859e-06 	 8 1 5 3
      1.13714023540747268860e-05 	 8 1 5 4
     -6.91408967631715115285e-05 	 8 1 5 5
     -2.94180843203034371729e-05 	 8 1 6 1
      1.11557215462116119077e-06 	 8 1 6 2
      2.78828567551931195243e-06 	 8 1 6 3
      8.84049059317407328424e-06 	 8 1 6 4
     -2.26310762501837257573e-06 	 8 1 6 5
      2.19920951123621073817e-04 	 8 1 6 6
     -7.49585112875269068185e-06 	 8 1 7 1
      6.75127209017153576782e-05 	 8 1 7 2
     -1.25916918522162413248e-06 	 8 1 7 3
     -4.78802445633331120371e-06 	 8 1 7 4
      9.78157731107115779944e-09 	 8 1 7 5
      1.03675539163467420102e-06 	 8 1 7 6
      2.27003136122264591572e-04 	 8 1 7 7
      1.55143145374571466007e-05 	 8 1 8 1
      2.84844446949360197933e-05 	 8 1 8 2
      5.30994349996947506080e-06 	 8 1 8 3
      2.91058280408144130042e-05 	 8 1 8 4
      2.93820178224135593109e-05 	 8 1 8 5
     -5.44730237305239952864e-06 	 8 1 8 6
      1.30705106939600442756e-06 	 8 1 8 7
     -1.71531503304667739922e-03 	 8 1 8 8
      5.48906777610830130419e-06 	 8 1 9 1
      1.79801430759708278677e-07 	 8 1 9 2
      1.32661482303051205011e-06 	 8 1 9 3
      3.32114686339745465910e-06 	 8 1 9 4
     -6.54654723046942127072e-05 	 8 1 9 5
     -3.48784210630735992635e-07 	 8 1 9 6
      1.22875765611361350196e-06 	 8 1 9 7
     -3.65113424100315486331e-06 	 8 1 9 8
      3.53644283229961474586e-04 	 8 1 9 9
     -1.89259244090448567992e-03 	 8 2 1 1
      5.10731018550139017828e-05 	 8 2 2 1
     -1.45706300682451762168e-02 	 8 2 2 2
     -3.27620209830589139907e-05 	 8 2 3 1
      6.72682171332951970872e-05 	 8 2 3 2
     -9.35124919115904330164e-04 	 8 2 3 3
     -1.81863626905562879039e-04 	 8 2 4 1
      4.32675151633507277908e-04 	 8 2 4 2
      1.66414180400175113839e-05 	 8 2 4 3
     -3.93619435917562810606e-03 	 8 2 4 4
      3.83338118968984194906e-05 	 8 2 5 1
      6.80664543150516737451e-04 	 8 2 5 2
      9.52972305312532115312e-06 	 8 2 5 3
     -3.31295217812238126823e-06 	 8 2 5 4
     -1.49596673013388525852e-03 	 8 2 5 5
     -1.06045811583571697798e-05 	 8 2 6 1
      1.51543272201982412483e-05 	 8 2 6 2
     -9.21246941091900204421e-07 	 8 2 6 3
      2.79046682287768598547e-05 	 8 2 6 4
     -1.86624836187585685234e-06 	 8 2 6 5
     -2.22173781406472025182e-03 	 8 2 6 6
      1.82388684404641293483e-04 	 8 2 7 1
      5.33635220529252054904e-04 	 8 2 7 2
      2.05387990110764105125e-05 	 8 2 7 3
      6.44969438866280241930e-04 	 8 2 7 4
     -2.98588405567367417680e-04 	 8 2 7 5
     -4.31073094119469160451e-05 	 8 2 7 6
     -1.19305796772723620748e-03 	 8 2 7 7
      2.84844446949340546768e-05 	 8 2 8 1
      7.01584730227358763927e-03 	 8 2 8 2
     -1.42333030917597428626e-05 	 8 2 8 3
     -2.91112400864293508244e-05 	 8 2 8 4
     -5.77993657758239971767e-04 	 8 2 8 5
     -3.62033621359125510155e-05 	 8 2 8 6
     -6.59641392993357889886e-04 	 8 2 8 7
     -1.45467209273052299617e-02 	 8 2 8 8
     -9.71988742046051088907e-05 	 8 2 9 1
      4.39596945032739452007e-05 	 8 2 9 2
     -3.27762404290943642582e-05 	 8 2 9 3
     -4.64989715686245363990e-04 	 8 2 9 4
      6.43511416394800515352e-04 	 8 2 9 5
     -2.91388691876653638078e-06 	 8 2 9 6
     -1.18883912657642595552e-04 	 8 2 9 7
     -4.22535427598337792830e-04 	 8 2 9 8
     -3.67454712396318716738e-03 	 8 2 9 9
     -7.80786542589802787847e-05 	 8 3 1 1
      6.76139699430029612556e-07 	 8 3 2 1
      2.19831419509710637109e-04 	 8 3 2 2
     -2.50859123051923305669e-06 	 8 3 3 1
      1.32232279913715318183e-05 	 8 3 3 2
     -1.18932384923136507705e-03 	 8 3 3 3
     -1.56181176531770654593e-05 	 8 3 4 1
      6.33389096961817162800e-06 	 8 3 4 2
     -1.18873177585223363458e-05 	 8 3 4 3
      2.07346735089948292635e-04 	 8 3 4 4
      1.58180711609900398503e-07 	 8 3 5 1
      1.06956883839586751052e-05 	 8 3 5 2
     -2.06662465188730597190e-06 	 8 3 5 3
     -7.54548577576879269619e-07 	 8 3 5 4
     -1.04187798077834596166e-04 	 8 3 5 5
     -1.89535302740971349954e-06 	 8 3 6 1
      1.94109262227129666717e-07 	 8 3 6 2
      8.99484595197091932729e-06 	 8 3 6 3
      5.57427871868468068474e-06 	 8 3 6 4
     -9.63712820095147109048e-07 	 8 3 6 5
     -1.39150952069151158386e-04 	 8 3 6 6
     -5.65958070704227159272e-06 	 8 3 7 1
      1.85107903756094912390e-05 	 8 3 7 2
     -1.41982328510044406922e-05 	 8 3 7 3
     -6.99209544562547944622e-06 	 8 3 7 4
     -6.46778432287474831361e-07 	 8 3 7 5
      9.75477559891449273795e-07 	 8 3 7 6
      3.17762822004778451405e-04 	 8 3 7 7
      5.30994349996950809508e-06 	 8 3 8 1
     -1.42333030917599478445e-05 	 8 3 8 2
      6.60336748161388738981e-06 	 8 3 8 3
      9.97827056520454880740e-06 	 8 3 8 4
      3.67333845072650056092e-05 	 8 3 8 5
     -1.82495504554723217677e-06 	 8 3 8 6
      7.16785747916189683196e-06 	 8 3 8 7
     -5.14340263219700550949e-04 	 8 3 8 8
      8.03739185739611317202e-06 	 8 3 9 1
      3.04639134369232397260e-07 	 8 3 9 2
     -3.18271568890976524905e-06 	 8 3 9 3
     -2.04698900013737134041e-06 	 8 3 9 4
     -1.71264098417307214094e-05 	 8 3 9 5
     -1.05692742309309595961e-06 	 8 3 9 6
      7.19455487112254363821e-07 	 8 3 9 7
      5.15254501742316446656e-06 	 8 3 9 8
      2.50815309337619440336e-05 	 8 3 9 9
     -1.41462218619532601252e-03 	 8 4 1 1
      3.05319961885358976360e-06 	 8 4 2 1
      6.98763283320634779813e-04 	 8 4 2 2
     -3.60023195331008168747e-05 	 8 4 3 1
      1.40147797744519998158e-06 	 8 4 3 2
     -4.74829515629270743331e-04 	 8 4 3 3
      6.82992354707989918292e-05 	 8 4 4 1
      6.06488251735120390581e-05 	 8 4 4 2
      6.75723242498577270814e-05 	 8 4 4 3
     -4.18284110670779848973e-03 	 8 4 4 4
      3.15178400875905465614e-06 	 8 4 5 1
      5.90340281279775109147e-05 	 8 4 5 2
      1.67523242800006942307e-06 	 8 4 5 3
      6.33072364697488746939e-05 	 8 4 5 4
      8.35200307196917344707e-04 	 8 4 5 5
      3.77425125910705607478e-05 	 8 4 6 1
     -1.58389118977978562736e-06 	 8 4 6 2
     -1.31848404020570080463e-05 	 8 4 6 3
     -7.07926050367507173630e-05 	 8 4 6 4
     -1.53883127895584380517e-06 	 8 4 6 5
     -3.58580497289640726111e-04 	 8 4 6 6
      2.57789025690245166293e-05 	 8 4 7 1
      2.75278714414086756509e-04 	 8 4 7 2
      2.47022809020853836490e-05 	 8 4 7 3
      1.85255588478260053890e-06 	 8 4 7 4
     -9.17177883698802994200e-06 	 8 4 7 5
     -1.77293368240860742008e-06 	 8 4 7 6
      4.73563616566171523888e-04 	 8 4 7 7
      2.91058280408149144477e-05 	 8 4 8 1
     -2.91112400864231098856e-05 	 8 4 8 2
      9.97827056520439125927e-06 	 8 4 8 3
      1.78230926199081222451e-04 	 8 4 8 4
     -2.81284182298501346422e-05 	 8 4 8 5
     -1.01288499362391853714e-05 	 8 4 8 6
      5.01556999884958542202e-05 	 8 4 8 7
     -2.91658412760316225476e-03 	 8 4 8 8
     -2.79770966253560182343e-05 	 8 4 9 1
      9.37944516600825950133e-06 	 8 4 9 2
     -1.45583650841372115019e-06 	 8 4 9 3
     -3.45978928184081389782e-06 	 8 4 9 4
     -2.73035865244026522934e-04 	 8 4 9 5
      2.56994597535742029754e-05 	 8 4 9 6
     -9.85488032293339492147e-05 	 8 4 9 7
     -5.27219488846722983953e-05 	 8 4 9 8
      6.12258434703933946547e-04 	 8 4 9 9
     -1.42529637243941106721e-03 	 8 5 1 1
      3.77030417397654945937e-05 	 8 5 2 1
     -1.49919258105738872205e-03 	 8 5 2 2
     -7.73630386866059210034e-08 	 8 5 3 1
      2.06061983753007372397e-06 	 8 5 3 2
     -1.12207438365597160675e-03 	 8 5 3 3
     -1.92236265799907996964e-04 	 8 5 4 1
      1.30988019121025502849e-05 	 8 5 4 2
     -1.41750622394679593971e-05 	 8 5 4 3
     -3.88735127307278773359e-03 	 8 5 4 4
      4.96508211128287254058e-05 	 8 5 5 1
      6.89307526957931072410e-04 	 8 5 5 2
     -1.63268349980947146001e-05 	 8 5 5 3
      4.27833130762105809299e-04 	 8 5 5 4
     -1.56644107096423693126e-02 	 8 5 5 5
      2.95317188860057121714e-05 	 8 5 6 1
     -9.08847616410568158105e-06 	 8 5 6 2
     -7.00403450373558172253e-06 	 8 5 6 3
     -4.62324808661716620022e-06 	 8 5 6 4
     -6.63660468150847893121e-05 	 8 5 6 5
     -7.64668152107233741258e-04 	 8 5 6 6
      1.13456332190562593390e-04 	 8 5 7 1
     -6.52683858029432049236e-04 	 8 5 7 2
     -2.10855969660993268757e-06 	 8 5 7 3
      4.69878769871871998596e-04 	 8 5 7 4
     -4.44920783351409593180e-05 	 8 5 7 5
     -3.30236359535410070815e-05 	 8 5 7 6
     -3.25143576716760852180e-03 	 8 5 7 7
      2.93820178224074674499e-05 	 8 5 8 1
     -5.77993657758222949793e-04 	 8 5 8 2
      3.67333845072640298272e-05 	 8 5 8 3
     -2.81284182298698332404e-05 	 8 5 8 4
      7.00797729019588498678e-03 	 8 5 8 5
      1.49056766860763106723e-05 	 8 5 8 6
      4.28780692399590866639e-04 	 8 5 8 7
     -1.53047530542332679837e-02 	 8 5 8 8
     -1.81079507990428156816e-04 	 8 5 9 1
      2.97459774229078444292e-04 	 8 5 9 2
     -4.58916915379497050449e-05 	 8 5 9 3
     -6.37023555184638404399e-04 	 8 5 9 4
     -5.42389127791290137116e-04 	 8 5 9 5
      1.33744920171052647734e-05 	 8 5 9 6
     -1.09027559703168467589e-04 	 8 5 9 7
      6.73913389809274428546e-04 	 8 5 9 8
     -1.87857026306874840514e-03 	 8 5 9 9
      6.62067450640914533411e-06 	 8 6 1 1
     -8.26561934565538897068e-09 	 8 6 2 1
      1.78203434667224781471e-04 	 8 6 2 2
     -1.19972602315101515796e-06 	 8 6 3 1
     -9.19533920978575636686e-07 	 8 6 3 2
      3.36336924727851827748e-05 	 8 6 3 3
      1.72042167838664248800e-05 	 8 6 4 1
     -3.22163188832107741697e-07 	 8 6 4 2
      5.21054202363073715133e-06 	 8 6 4 3
     -2.14814052091876622752e-04 	 8 6 4 4
     -5.11868261833658702487e-07 	 8 6 5 1
     -1.20178347763740212630e-05 	 8 6 5 2
      3.23982117777398074026e-07 	 8 6 5 3
     -7.02610063075924085290e-06 	 8 6 5 4
     -1.26085843600115012336e-04 	 8 6 5 5
     -2.95219846576259236086e-06 	 8 6 6 1
     -2.18337877503531101393e-06 	 8 6 6 2
     -8.06450645166451199699e-06 	 8 6 6 3
     -1.19891278017617948168e-05 	 8 6 6 4
      1.31593109023695946727e-05 	 8 6 6 5
      1.10061322377063381880e-03 	 8 6 6 6
      6.73558497156318389438e-06 	 8 6 7 1
     -1.69326055339410467724e-05 	 8 6 7 2
      1.47101882906450069879e-06 	 8 6 7 3
     -1.92911865834608792908e-06 	 8 6 7 4
      2.74044559450728206006e-07 	 8 6 7 5
      3.39207535474063952651e-06 	 8 6 7 6
     -1.50467371527643273353e-05 	 8 6 7 7
     -5.44730237305238343501e-06 	 8 6 8 1
     -3.62033621359128288423e-05 	 8 6 8 2
     -1.82495504554721587138e-06 	 8 6 8 3
     -1.01288499362392802391e-05 	 8 6 8 4
      1.49056766860749960772e-05 	 8 6 8 5
      6.58118681248975593336e-06 	 8 6 8 6
      5.58059501838847886619e-06 	 8 6 8 7
      6.30267634422452399656e-04 	 8 6 8 8
     -4.67543309761584572942e-06 	 8 6 9 1
     -5.86407643460609629066e-07 	 8 6 9 2
     -7.20695822405216353032e-07 	 8 6 9 3
     -7.34152342438598548666e-06 	 8 6 9 4
      1.86406168646468342360e-05 	 8 6 9 5
      1.47562121747014489144e-05 	 8 6 9 6
     -2.22671889569903960074e-06 	 8 6 9 7
      6.36864051331457300053e-06 	 8 6 9 8
     -2.87669662548551341094e-04 	 8 6 9 9
     -2.06262947995688094779e-03 	 8 7 1 1
      4.77009179832965901072e-05 	 8 7 2 1
      8.17343550851905298327e-03 	 8 7 2 2
      2.21432510950390460758e-05 	 8 7 3 1
      5.12991604904651236708e-07 	 8 7 3 2
     -1.97787358427319731602e-03 	 8 7 3 3
      8.83991391373864184890e-05 	 8 7 4 1
      8.81391111902231301272e-05 	 8 7 4 2
      1.77254087221300685032e-05 	 8 7 4 3
     -1.03396812491965742718e-03 	 8 7 4 4
     -1.41677847872968012844e-06 	 8 7 5 1
     -8.49612964080407191128e-05 	 8 7 5 2
      8.38078072816191357863e-07 	 8 7 5 3
      1.35125326340401741548e-07 	 8 7 5 4
     -4.11366373347626717791e-04 	 8 7 5 5
      5.42345390846712334149e-06 	 8 7 6 1
     -2.02425006395988963835e-05 	 8 7 6 2
      6.56009453865474839339e-06 	 8 7 6 3
     -7.85648642943267023217e-06 	 8 7 6 4
     -1.12044123360634288950e-06 	 8 7 6 5
     -2.54734954171463925943e-03 	 8 7 6 6
      3.82969983001109228035e-06 	 8 7 7 1
      7.44239748706598835438e-04 	 8 7 7 2
      8.28934345941065048747e-05 	 8 7 7 3
      3.74082444252351513456e-04 	 8 7 7 4
      4.45567162187192317537e-05 	 8 7 7 5
      2.15164906547884342888e-05 	 8 7 7 6
      3.15663509634276067545e-03 	 8 7 7 7
      1.30705106939858491344e-06 	 8 7 8 1
     -6.59641392993325146980e-04 	 8 7 8 2
      7.16785747916205607415e-06 	 8 7 8 3
      5.01556999885039247501e-05 	 8 7 8 4
      4.28780692399596341860e-04 	 8 7 8 5
      5.58059501838796217610e-06 	 8 7 8 6
      4.11390382886112169081e-04 	 8 7 8 7
      3.22674717427712948181e-03 	 8 7 8 8
      1.44576342993205590710e-05 	 8 7 9 1
      4.24235869399090391625e-05 	 8 7 9 2
      3.11809026311327603710e-06 	 8 7 9 3
      2.40108189043724460060e-05 	 8 7 9 4
     -5.49143963524063565148e-05 	 8 7 9 5
      7.68794187005040032586e-06 	 8 7 9 6
     -1.26013665872187535701e-04 	 8 7 9 7
      9.51307122681008151795e-05 	 8 7 9 8
     -8.28165873006479020743e-04 	 8 7 9 9
      2.47801217391983019667e-02 	 8 8 1 1
      3.17251350992833486969e-04 	 8 8 2 1
      4.63022547598966216498e-01 	 8 8 2 2
      4.94668608686269655784e-04 	 8 8 3 1
     -1.10536203829076040651e-04 	 8 8 3 2
      1.83484906545419712565e-02 	 8 8 3 3
      4.80176155206764494754e-03 	 8 8 4 1
     -1.54729806737206030710e-03 	 8 8 4 2
      1.05936797925113056554e-03 	 8 8 4 3
      1.65564313178906824531e-01 	 8 8 4 4
      2.40803035692590964092e-04 	 8 8 5 1
     -8.14130646772924342069e-03 	 8 8 5 2
      3.61760249612691118203e-04 	 8 8 5 3
     -3.59671541491520018255e-03 	 8 8 5 4
      3.57876335654770283412e-01 	 8 8 5 5
     -1.83602587256683326758e-03 	 8 8 6 1
     -4.32173040420942198257e-04 	 8 8 6 2
      1.74040813547363701179e-03 	 8 8 6 3
      1.42304979945388765383e-03 	 8 8 6 4
      2.16240778953369393658e-04 	 8 8 6 5
     -7.12402449436326662413e-02 	 8 8 6 6
     -2.26794688605160346673e-03 	 8 8 7 1
      1.35018010136144644973e-03 	 8 8 7 2
      1.58748513292890662194e-03 	 8 8 7 3
     -1.93461274048547463705e-03 	 8 8 7 4
      1.16196868699705102915e-03 	 8 8 7 5
      9.25122134386684624903e-04 	 8 8 7 6
      2.73937377768808110190e-01 	 8 8 7 7
     -1.71531503304667935078e-03 	 8 8 8 1
     -1.45467209273054173119e-02 	 8 8 8 2
     -5.14340263219701960412e-04 	 8 8 8 3
     -2.91658412760315791795e-03 	 8 8 8 4
     -1.53047530542333026782e-02 	 8 8 8 5
      6.30267634422454025959e-04 	 8 8 8 6
      3.22674717427717024781e-03 	 8 8 8 7
      6.74152291547390758453e-01 	 8 8 8 8
      3.96162172146027977832e-03 	 8 8 9 1
     -1.32204553098841728898e-03 	 8 8 9 2
      6.80496860785125196915e-04 	 8 8 9 3
      3.17199168476766778929e-03 	 8 8 9 4
     -3.07828709215906626620e-03 	 8 8 9 5
      8.19085118029189282116e-04 	 8 8 9 6
     -2.30190658559796187954e-03 	 8 8 9 7
     -1.24866657349755982680e-03 	 8 8 9 8
      1.67048725212874227264e-01 	 8 8 9 9
     -6.71731298161690887349e-03 	 9 1 1 1
     -1.99975927417373781849e-05 	 9 1 2 1
      4.26845709531162124939e-03 	 9 1 2 2
     -2.26641554307415994630e-05 	 9 1 3 1
      1.74497643205707032160e-05 	 9 1 3 2
     -2.76261096895447609556e-03 	 9 1 3 3
     -2.83826676558106240009e-04 	 9 1 4 1
     -1.56081896466696827151e-05 	 9 1 4 2
      3.94084449534215532887e-05 	 9 1 4 3
      4.87612567265477067635e-03 	 9 1 4 4
      9.40748031531050447830e-06 	 9 1 5 1
     -3.34522407515867208679e-05 	 9 1 5 2
     -3.53376585982248029891e-06 	 9 1 5 3
     -6.70701144164026149836e-05 	 9 1 5 4
      2.42624348411260397362e-03 	 9 1 5 5
     -4.33398701560464710576e-04 	 9 1 6 1
      4.38068428266422353471e-06 	 9 1 6 2
     -2.29878440044047618006e-05 	 9 1 6 3
      1.06445319950347318467e-04 	 9 1 6 4
     -1.30019332786529723966e-05 	 9 1 6 5
     -6.51225121471381892396e-03 	 9 1 6 6
     -1.87780229133473934924e-04 	 9 1 7 1
      7.24108806034803192692e-05 	 9 1 7 2
      5.54118176966147156298e-06 	 9 1 7 3
     -1.98450447614284883465e-04 	 9 1 7 4
      3.21638368118161942482e-05 	 9 1 7 5
      1.75721681090746789926e-05 	 9 1 7 6
      3.57808121142205812909e-03 	 9 1 7 7
      5.48906777610765755915e-06 	 9 1 8 1
     -9.71988742045917189939e-05 	 9 1 8 2
      8.03739185739605387971e-06 	 9 1 8 3
     -2.79770966253599450790e-05 	 9 1 8 4
     -1.81079507990421814233e-04 	 9 1 8 5
     -4.67543309761634124370e-06 	 9 1 8 6
      1.44576342993026477123e-05 	 9 1 8 7
      3.96162172146027891095e-03 	 9 1 8 8
      4.44417505828745653708e-04 	 9 1 9 1
     -4.88245402127471334812e-05 	 9 1 9 2
      4.90919540794451558416e-05 	 9 1 9 3
      7.78728244028070986510e-04 	 9 1 9 4
     -2.74864900430309296551e-04 	 9 1 9 5
      1.32016942181890968729e-05 	 9 1 9 6
      1.42191073631626926617e-04 	 9 1 9 7
      1.43654286642417511804e-05 	 9 1 9 8
      3.05554433550733533717e-03 	 9 1 9 9
     -7.83804690039571522360e-04 	 9 2 1 1
      1.90484832420029263033e-05 	 9 2 2 1
      1.76877528506832982710e-03 	 9 2 2 2
      2.44103052273603188119e-05 	 9 2 3 1
     -6.11918200874544040827e-06 	 9 2 3 2
     -6.99027726349226276661e-04 	 9 2 3 3
     -1.14161566056907427561e-06 	 9 2 4 1
     -3.51235380764780634032e-05 	 9 2 4 2
     -2.07650957235297042099e-06 	 9 2 4 3
     -1.77497804509346864509e-03 	 9 2 4 4
     -2.20517422373483608657e-06 	 9 2 5 1
      4.38045044656033466979e-05 	 9 2 5 2
     -1.57828869645125856399e-06 	 9 2 5 3
      5.17042460115843999268e-05 	 9 2 5 4
     -1.30114411140148369603e-03 	 9 2 5 5
      3.69399690559425660256e-05 	 9 2 6 1
     -9.93481530211317034830e-06 	 9 2 6 2
     -1.02908224990839928354e-05 	 9 2 6 3
     -3.35422607278388330517e-05 	 9 2 6 4
     -5.69462913922938288069e-06 	 9 2 6 5
      1.11108641004542692786e-05 	 9 2 6 6
      3.44072279890740082681e-05 	 9 2 7 1
     -9.03765854038947151483e-05 	 9 2 7 2
      5.77204825438276051663e-06 	 9 2 7 3
      2.78582401002619656563e-04 	 9 2 7 4
     -3.34015268775477519199e-06 	 9 2 7 5
     -9.15901534116712844871e-06 	 9 2 7 6
     -1.41905513294981826776e-03 	 9 2 7 7
      1.79801430758687312808e-07 	 9 2 8 1
      4.39596945032346970821e-05 	 9 2 8 2
      3.04639134369086019379e-07 	 9 2 8 3
      9.37944516600816293958e-06 	 9 2 8 4
      2.97459774229053616063e-04 	 9 2 8 5
     -5.86407643460062128145e-07 	 9 2 8 6
      4.24235869399283379612e-05 	 9 2 8 7
     -1.32204553098842617943e-03 	 9 2 8 8
     -4.88245402127544315170e-05 	 9 2 9 1
      1.19852743294903657891e-04 	 9 2 9 2
      1.68797834346531106706e-06 	 9 2 9 3
     -1.05041571194153972985e-04 	 9 2 9 4
      8.77063883313788705603e-05 	 9 2 9 5
      3.57915318197759785095e-05 	 9 2 9 6
     -8.22018369016753422699e-05 	 9 2 9 7
      4.61811496707900207026e-05 	 9 2 9 8
      1.86070249092653390230e-03 	 9 2 9 9
     -9.38033316617068157464e-05 	 9 3 1 1
     -1.06090896514608871821e-06 	 9 3 2 1
      4.88151529383255475790e-04 	 9 3 2 2
     -8.42764638827069500950e-05 	 9 3 3 1
     -1.25222374224118847540e-05 	 9 3 3 2
      3.24527380990760497357e-04 	 9 3 3 3
      1.00353165730406699457e-04 	 9 3 4 1
     -1.98160878013795647827e-05 	 9 3 4 2
     -1.59783342565014804988e-05 	 9 3 4 3
      7.71493662565077504070e-04 	 9 3 4 4
      2.31703938681484839222e-08 	 9 3 5 1
     -3.38898747661506955056e-06 	 9 3 5 2
      2.82843323344776708422e-06 	 9 3 5 3
      3.60453517643632750911e-06 	 9 3 5 4
      9.13720097392588595508e-04 	 9 3 5 5
     -1.52223578545462997699e-05 	 9 3 6 1
     -1.04190785943571772474e-06 	 9 3 6 2
     -3.27646983910718424555e-06 	 9 3 6 3
      3.39996999766805399853e-06 	 9 3 6 4
      3.35628815667383490648e-07 	 9 3 6 5
     -3.97946000537083874153e-04 	 9 3 6 6
     -1.17733781555780748568e-05 	 9 3 7 1
      4.31886874238000600598e-05 	 9 3 7 2
      1.68935106914575291289e-05 	 9 3 7 3
     -1.94621858001857407031e-05 	 9 3 7 4
      8.93482556328232547236e-06 	 9 3 7 5
      8.15405455073790977490e-06 	 9 3 7 6
      1.99924749092717033826e-04 	 9 3 7 7
      1.32661482303074286659e-06 	 9 3 8 1
     -3.27762404290900681071e-05 	 9 3 8 2
     -3.18271568890967969872e-06 	 9 3 8 3
     -1.45583650841316020262e-06 	 9 3 8 4
     -4.58916915379483159108e-05 	 9 3 8 5
     -7.20695822405411276489e-07 	 9 3 8 6
      3.11809026310864573149e-06 	 9 3 8 7
      6.80496860785127473739e-04 	 9 3 8 8
      4.90919540794446679507e-05 	 9 3 9 1
      1.68797834346671565944e-06 	 9 3 9 2
      3.22597990207517477858e-05 	 9 3 9 3
      1.79150120916245621195e-04 	 9 3 9 4
     -1.59309705006333669286e-04 	 9 3 9 5
      2.38195942484161270289e-05 	 9 3 9 6
      1.48834967665073289147e-05 	 9 3 9 7
     -1.62660415229766665203e-05 	 9 3 9 8
      1.69770752631076874382e-03 	 9 3 9 9
      7.82363744497266032016e-04 	 9 4 1 1
     -2.66878105168850326682e-06 	 9 4 2 1
      2.76467365237810167033e-03 	 9 4 2 2
      4.05668630628649106405e-04 	 9 4 3 1
     -9.79515249398112353369e-06 	 9 4 3 2
     -1.52039754833250650816e-03 	 9 4 3 3
      1.09184256131746146475e-03 	 9 4 4 1
     -5.99532103155830942143e-04 	 9 4 4 2
     -7.98677357684414120954e-05 	 9 4 4 3
      1.27058537664964006642e-02 	 9 4 4 4
     -1.13135687734527740252e-04 	 9 4 5 1
     -3.96816338814958108165e-05 	 9 4 5 2
     -4.01797123255654586209e-05 	 9 4 5 3
      5.01488616631183309509e-04 	 9 4 5 4
      1.54916225909409121207e-03 	 9 4 5 5
      3.92653297521723264503e-04 	 9 4 6 1
      1.30093182256439153406e-06 	 9 4 6 2
      2.60545824944366926918e-05 	 9 4 6 3
     -2.89581013361000149872e-04 	 9 4 6 4
     -9.87588883916580545898e-06 	 9 4 6 5
      2.86119773553959516263e-03 	 9 4 6 6
     -2.14064066275129890552e-04 	 9 4 7 1
      5.37023058573063362571e-04 	 9 4 7 2
     -3.66066556441723713576e-05 	 9 4 7 3
      1.48676374856695613785e-03 	 9 4 7 4
      2.78418496689040268974e-04 	 9 4 7 5
      2.14436490546603742465e-05 	 9 4 7 6
     -2.66067730389165420929e-04 	 9 4 7 7
      3.32114686339555645827e-06 	 9 4 8 1
     -4.64989715686183076575e-04 	 9 4 8 2
     -2.04698900013755811118e-06 	 9 4 8 3
     -3.45978928186040576989e-06 	 9 4 8 4
     -6.37023555184588205838e-04 	 9 4 8 5
     -7.34152342438691722290e-06 	 9 4 8 6
      2.40108189042979579286e-05 	 9 4 8 7
      3.17199168476770031536e-03 	 9 4 8 8
      7.78728244028069685467e-04 	 9 4 9 1
     -1.05041571194114982364e-04 	 9 4 9 2
      1.79150120916246054876e-04 	 9 4 9 3
      6.80778377539451549916e-03 	 9 4 9 4
      4.57676396142599965344e-04 	 9 4 9 5
     -3.30564191851237968518e-05 	 9 4 9 6
      9.08240106448657985062e-04 	 9 4 9 7
      3.63544820248796769074e-04 	 9 4 9 8
      1.46713441337673645981e-02 	 9 4 9 9
      1.93128855530123096779e-03 	 9 5 1 1
      2.86344482443700211612e-05 	 9 5 2 1
     -4.61684032719337968803e-03 	 9 5 2 2
      6.08871598635771032158e-05 	 9 5 3 1
      2.33362990248662025057e-06 	 9 5 3 2
      7.70074618898459323235e-04 	 9 5 3 3
     -6.00155891320824984130e-04 	 9 5 4 1
      2.98783403914000244010e-05 	 9 5 4 2
     -1.27799500465279760155e-04 	 9 5 4 3
     -2.91118163092818349469e-03 	 9 5 4 4
     -1.06305899079766968344e-04 	 9 5 5 1
     -3.83480318076846878831e-04 	 9 5 5 2
     -9.57196660983473096151e-06 	 9 5 5 3
     -6.34146620943185686942e-04 	 9 5 5 4
     -1.67830037538977266953e-02 	 9 5 5 5
      1.24946033666206181550e-04 	 9 5 6 1
     -3.58871157475094372730e-06 	 9 5 6 2
      9.63004127864301589254e-06 	 9 5 6 3
      1.53407531937978504843e-05 	 9 5 6 4
      6.82705987101890870560e-05 	 9 5 6 5
      3.53480325907377370895e-03 	 9 5 6 6
      8.89800170192270160376e-05 	 9 5 7 1
     -4.90644281095678567312e-04 	 9 5 7 2
     -4.15138809015484766800e-05 	 9 5 7 3
      5.33197225602821374760e-04 	 9 5 7 4
     -8.96523755896374636076e-05 	 9 5 7 5
     -4.67120110174716124873e-05 	 9 5 7 6
     -4.11441297375268310449e-03 	 9 5 7 7
     -6.54654723046946463881e-05 	 9 5 8 1
      6.43511416394753569398e-04 	 9 5 8 2
     -1.71264098417310873276e-05 	 9 5 8 3
     -2.73035865244024896631e-04 	 9 5 8 4
     -5.42389127791405496228e-04 	 9 5 8 5
      1.86406168646475321911e-05 	 9 5 8 6
     -5.49143963523730511793e-05 	 9 5 8 7
     -3.07828709215911874159e-03 	 9 5 8 8
     -2.74864900430260236403e-04 	 9 5 9 1
      8.77063883313105116133e-05 	 9 5 9 2
     -1.59309705006321824378e-04 	 9 5 9 3
      4.57676396142760698316e-04 	 9 5 9 4
      7.23699294044829761346e-03 	 9 5 9 5
     -3.00754594238199094228e-04 	 9 5 9 6
      3.62346848412533467914e-04 	 9 5 9 7
      7.52842399950146338138e-04 	 9 5 9 8
     -1.58594114049251944110e-02 	 9 5 9 9
     -1.92625294396155306333e-03 	 9 6 1 1
     -2.03823730653208602076e-06 	 9 6 2 1
      3.48820963568040364258e-04 	 9 6 2 2
     -9.43156837112479270481e-06 	 9 6 3 1
     -4.13229467185806391996e-06 	 9 6 3 2
     -1.09044391513097747512e-03 	 9 6 3 3
      1.99172220503927871081e-04 	 9 6 4 1
     -1.95296166717361522930e-05 	 9 6 4 2
      3.56842143494198792229e-05 	 9 6 4 3
     -1.08722428135477489769e-03 	 9 6 4 4
      8.70561053914236541507e-06 	 9 6 5 1
      2.86896381272619860849e-06 	 9 6 5 2
      4.74543710447073373396e-06 	 9 6 5 3
      4.20134567036019307548e-05 	 9 6 5 4
      1.73622980554219560542e-03 	 9 6 5 5
     -1.36860155256636500292e-04 	 9 6 6 1
     -7.90661333275233160073e-06 	 9 6 6 2
     -6.50556912836954134242e-05 	 9 6 6 3
     -7.34213647125444809124e-05 	 9 6 6 4
      4.59905145830371496181e-05 	 9 6 6 5
      2.47206073271871587874e-03 	 9 6 6 6
      9.13839955289077934125e-06 	 9 6 7 1
      3.40527183906354027096e-05 	 9 6 7 2
      1.78489181581365759309e-05 	 9 6 7 3
      4.02475082546045165419e-05 	 9 6 7 4
     -6.14148202702180994139e-06 	 9 6 7 5
      1.63832453853939388234e-05 	 9 6 7 6
     -3.33071032928237390110e-04 	 9 6 7 7
     -3.48784210630814819639e-07 	 9 6 8 1
     -2.91388691876764091175e-06 	 9 6 8 2
     -1.05692742309316181642e-06 	 9 6 8 3
      2.56994597535741013314e-05 	 9 6 8 4
      1.33744920171039179910e-05 	 9 6 8 5
      1.47562121747016284853e-05 	 9 6 8 6
      7.68794187005235188977e-06 	 9 6 8 7
      8.19085118029191884201e-04 	 9 6 8 8
      1.32016942181911670214e-05 	 9 6 9 1
      3.57915318197733696480e-05 	 9 6 9 2
      2.38195942484163099880e-05 	 9 6 9 3
     -3.30564191851168037478e-05 	 9 6 9 4
     -3.00754594238189119568e-04 	 9 6 9 5
      1.39308694892030325964e-04 	 9 6 9 6
     -6.97106935395746824674e-05 	 9 6 9 7
     -7.05291630333725028633e-05 	 9 6 9 8
      3.04184844140667053763e-03 	 9 6 9 9
      5.72897908989895496279e-03 	 9 7 1 1
     -1.49460336479925281187e-05 	 9 7 2 1
     -3.01468153051699530934e-03 	 9 7 2 2
      2.86930345815882249458e-05 	 9 7 3 1
      8.28476460365101035287e-06 	 9 7 3 2
      3.76746501050933234322e-03 	 9 7 3 3
     -1.31790350589650799660e-04 	 9 7 4 1
      3.08787401803503795488e-05 	 9 7 4 2
     -1.01978594935357290852e-04 	 9 7 4 3
      9.14043610608246924476e-03 	 9 7 4 4
     -1.39519625882198827858e-05 	 9 7 5 1
     -1.11809207686936563702e-05 	 9 7 5 2
     -1.45027362439688374952e-05 	 9 7 5 3
      5.75264088187276681399e-05 	 9 7 5 4
     -1.64752109685835498518e-03 	 9 7 5 5
     -1.12521857284428283255e-05 	 9 7 6 1
      1.54182709750739295636e-05 	 9 7 6 2
      3.61203912342281737054e-05 	 9 7 6 3
      6.97011844142745163981e-05 	 9 7 6 4
     -9.65898000311866398494e-06 	 9 7 6 5
      4.93233928886694858451e-03 	 9 7 6 6
     -1.64212629381519726116e-04 	 9 7 7 1
     -3.39879005457238898315e-04 	 9 7 7 2
     -7.97018146891238218671e-05 	 9 7 7 3
     -9.24327538447509522261e-04 	 9 7 7 4
      8.42832732934202489509e-05 	 9 7 7 5
      1.17026369090909047801e-05 	 9 7 7 6
      1.40620125104765005160e-03 	 9 7 7 7
      1.22875765611884160107e-06 	 9 7 8 1
     -1.18883912657619908622e-04 	 9 7 8 2
      7.19455487113198382040e-07 	 9 7 8 3
     -9.85488032293175235518e-05 	 9 7 8 4
     -1.09027559703174783067e-04 	 9 7 8 5
     -2.22671889570111440794e-06 	 9 7 8 6
     -1.26013665872210629208e-04 	 9 7 8 7
     -2.30190658559795841009e-03 	 9 7 8 8
      1.42191073631641725977e-04 	 9 7 9 1
     -8.22018369016710461188e-05 	 9 7 9 2
      1.48834967665110219783e-05 	 9 7 9 3
      9.08240106448706448899e-04 	 9 7 9 4
      3.62346848412419626686e-04 	 9 7 9 5
     -6.97106935395811876804e-05 	 9 7 9 6
      5.91568566948860036225e-04 	 9 7 9 7
      1.00293542616845197382e-04 	 9 7 9 8
      2.79602273015330197309e-03 	 9 7 9 9
      8.43285194752173630772e-04 	 9 8 1 1
      3.69188958104231434708e-06 	 9 8 2 1
      1.28604647604287449826e-03 	 9 8 2 2
      2.22464386724137965976e-05 	 9 8 3 1
     -7.57183489775937407271e-07 	 9 8 3 2
      4.16002193978898379603e-04 	 9 8 3 3
     -6.13350273248796854083e-05 	 9 8 4 1
     -2.60762768160088619475e-05 	 9 8 4 2
     -2.32304928169044752910e-05 	 9 8 4 3
      9.06511500908432823337e-04 	 9 8 4 4
     -4.46165061384573186933e-05 	 9 8 5 1
      6.24024553439623679311e-05 	 9 8 5 2
     -1.77651038831258328496e-05 	 9 8 5 3
     -9.23822077723194070350e-05 	 9 8 5 4
     -6.18556052826005255824e-03 	 9 8 5 5
      1.95218907734844152925e-05 	 9 8 6 1
     -8.94142120273874496965e-07 	 9 8 6 2
      9.31220076695400896547e-06 	 9 8 6 3
      6.81758114892136217412e-06 	 9 8 6 4
     -9.69172597998491741985e-07 	 9 8 6 5
      7.95010864357801987079e-04 	 9 8 6 6
     -1.40098683296484758217e-05 	 9 8 7 1
     -4.52196022691234842034e-05 	 9 8 7 2
     -3.45901346277840100466e-06 	 9 8 7 3
      2.14486763938161488149e-05 	 9 8 7 4
      4.24939832702539020855e-05 	 9 8 7 5
     -4.57289784282633875391e-07 	 9 8 7 6
      6.04694226640367952716e-04 	 9 8 7 7
     -3.65113424100236627564e-06 	 9 8 8 1
     -4.22535427598385606145e-04 	 9 8 8 2
      5.15254501742342535271e-06 	 9 8 8 3
     -5.27219488846659354838e-05 	 9 8 8 4
      6.73913389809213604804e-04 	 9 8 8 5
      6.36864051331472207833e-06 	 9 8 8 6
      9.51307122681193550367e-05 	 9 8 8 7
     -1.24866657349762075896e-03 	 9 8 8 8
      1.43654286642579142631e-05 	 9 8 9 1
      4.61811496707653144455e-05 	 9 8 9 2
     -1.62660415229721332000e-05 	 9 8 9 3
      3.63544820248828644618e-04 	 9 8 9 4
      7.52842399950179406304e-04 	 9 8 9 5
     -7.05291630333757690223e-05 	 9 8 9 6
      1.00293542616881138684e-04 	 9 8 9 7
      3.90448285603832250228e-04 	 9 8 9 8
     -2.24844523817324714113e-03 	 9 8 9 9
      2.18851512033487932696e-01 	 9 9 1 1
     -1.54530129874332072685e-04 	 9 9 2 1
      1.40784341755818470654e-01 	 9 9 2 2
      2.37213751113827609265e-03 	 9 9 3 1
      1.22318847741012266383e-04 	 9 9 3 2
      1.58650967677300053227e-01 	 9 9 3 3
      2.35941115515239403094e-03 	 9 9 4 1
     -2.01274240447040040497e-03 	 9 9 4 2
     -1.76342719413053318316e-03 	 9 9 4 3
      3.07313536238640161447e-01 	 9 9 4 4
      1.03934033043524023899e-04 	 9 9 5 1
      1.42784342796681436825e-03 	 9 9 5 2
     -1.79999701337302654789e-04 	 9 9 5 3
      5.61128157916765488850e-03 	 9 9 5 4
      2.88266669713621137561e-01 	 9 9 5 5
      1.10757889936673073299e-03 	 9 9 6 1
      2.18371674810474697545e-04 	 9 9 6 2
      9.37703542879001427333e-04 	 9 9 6 3
     -6.78902341534670444520e-04 	 9 9 6 4
     -7.07010194136985996131e-04 	 9 9 6 5
      2.16808021534049100154e-01 	 9 9 6 6
     -2.23110596075174307321e-03 	 9 9 7 1
      3.78572931005959198089e-03 	 9 9 7 2
     -6.48390750764179764690e-04 	 9 9 7 3
      2.64762740184556479798e-04 	 9 9 7 4
      1.43332928295748372911e-03 	 9 9 7 5
      2.85067455526254696918e-05 	 9 9 7 6
      1.77605420676454128781e-01 	 9 9 7 7
      3.53644283229965486134e-04 	 9 9 8 1
     -3.67454712396323660700e-03 	 9 9 8 2
      2.50815309337632315236e-05 	 9 9 8 3
      6.12258434703947173813e-04 	 9 9 8 4
     -1.87857026306881107203e-03 	 9 9 8 5
     -2.87669662548551449514e-04 	 9 9 8 6
     -8.28165873006392284569e-04 	 9 9 8 7
      1.67048725212874116242e-01 	 9 9 8 8
      3.05554433550746977824e-03 	 9 9 9 1
      1.86070249092636520044e-03 	 9 9 9 2
      1.69770752631080408881e-03 	 9 9 9 3
      1.46713441337679179749e-02 	 9 9 9 4
     -1.58594114049251978804e-02 	 9 9 9 5
      3.04184844140664711887e-03 	 9 9 9 6
      2.79602273015361075387e-03 	 9 9 9 7
     -2.24844523817334081620e-03 	 9 9 9 8
      5.23968584273010851149e-01 	 9 9 9 9
     -2.91397744837422001396e+00 	 1 1 0 0
      1.84211039216582227011e-03 	 1 2 0 0
      1.55396718678657841384e-01 	 1 3 0 0
      1.01551495582363829340e-01 	 1 4 0 0
      1.41720644150704583146e-03 	 1 5 0 0
     -1.55937162151873087712e-01 	 1 6 0 0
      1.26057531248918198996e-02 	 1 7 0 0
     -2.56751593268577694984e-03 	 1 8 0 0
     -1.26301974841116545351e-02 	 1 9 0 0
      1.84211039216700513468e-03 	 2 1 0 0
     -1.93113976031999645677e+00 	 2 2 0 0
     -2.15687117024696787398e-03 	 2 3 0 0
     -1.23570676118896338042e-02 	 2 4 0 0
      1.18209134878076837366e-02 	 2 5 0 0
     -1.68590109555917934230e-03 	 2 6 0 0
     -1.60892659567457130265e-01 	 2 7 0 0
      1.65396521647911465269e-01 	 2 8 0 0
      1.83999925510890012526e-02 	 2 9 0 0
      1.55396718678649181644e-01 	 3 1 0 0
     -2.15687117024639411419e-03 	 3 2 0 0
     -2.56248246089297815331e+00 	 3 3 0 0
      1.28638299666491359718e-02 	 3 4 0 0
      1.48549249365850549905e-03 	 3 5 0 0
     -3.05625151062605127095e-02 	 3 6 0 0
      1.07554540741178743940e-02 	 3 7 0 0
     -8.49882814953818342338e-05 	 3 8 0 0
     -1.59390001688587993819e-03 	 3 9 0 0
      1.01551495582355863490e-01 	 4 1 0 0
     -1.23570676119060685744e-02 	 4 2 0 0
      1.28638299666475643124e-02 	 4 3 0 0
     -2.62135477290582796783e+00 	 4 4 0 0
     -1.20691031385848114577e-02 	 4 5 0 0
     -1.41343667287056294624e-02 	 4 6 0 0
      1.66498212351657542962e-01 	 4 7 0 0
     -8.01939244504274936776e-03 	 4 8 0 0
     -1.63572806265280867866e-01 	 4 9 0 0
      1.41720644150662732942e-03 	 5 1 0 0
      1.18209134878029670235e-02 	 5 2 0 0
      1.48549249365785432722e-03 	 5 3 0 0
     -1.20691031385777702151e-02 	 5 4 0 0
     -2.02002146995408704555e+00 	 5 5 0 0
      2.22366040705928658464e-03 	 5 6 0 0
     -1.70848028069250715277e-02 	 5 7 0 0
      1.67779609279342351025e-01 	 5 8 0 0
      1.60187108121547988615e-01 	 5 9 0 0
     -1.55937162151848635050e-01 	 6 1 0 0
     -1.68590109555923290188e-03 	 6 2 0 0
     -3.05625151062647246181e-02 	 6 3 0 0
     -1.41343667287049685327e-02 	 6 4 0 0
      2.22366040706088296391e-03 	 6 5 0 0
     -2.49850635571758550313e+00 	 6 6 0 0
     -1.64472042455063153545e-03 	 6 7 0 0
      1.99810040018532053237e-04 	 6 8 0 0
      1.03597520051385942608e-02 	 6 9 0 0
      1.26057531248873963547e-02 	 7 1 0 0
     -1.60892659567462126269e-01 	 7 2 0 0
      1.07554540741193402353e-02 	 7 3 0 0
      1.66498212351620544780e-01 	 7 4 0 0
     -1.70848028069208561497e-02 	 7 5 0 0
     -1.64472042455133800158e-03 	 7 6 0 0
     -2.22568043270464999139e+00 	 7 7 0 0
     -1.05072976262236567752e-02 	 7 8 0 0
     -3.81198710872604554223e-02 	 7 9 0 0
     -2.56751593268552021077e-03 	 8 1 0 0
      1.65396521647932726040e-01 	 8 2 0 0
     -8.49882814953328282956e-05 	 8 3 0 0
     -8.01939244504042657302e-03 	 8 4 0 0
      1.67779609279356867191e-01 	 8 5 0 0
      1.99810040018605453724e-04 	 8 6 0 0
     -1.05072976261996672842e-02 	 8 7 0 0
     -1.87882487049803903467e+00 	 8 8 0 0
      1.35046311325236114559e-02 	 8 9 0 0
     -1.26301974841206959138e-02 	 9 1 0 0
      1.83999925510913986404e-02 	 9 2 0 0
     -1.59390001688544712469e-03 	 9 3 0 0
     -1.63572806265291637029e-01 	 9 4 0 0
      1.60187108121596644139e-01 	 9 5 0 0
      1.03597520051375707739e-02 	 9 6 0 0
     -3.81198710872643758973e-02 	 9 7 0 0
      1.35046311325277990784e-02 	 9 8 0 0
     -2.25775623923656354464e+00 	 9 9 0 0
     -4.18838186248804731804e+02 	 0 0 0 0
