 C    -1.820563    1.210103    0.000142  2
 C    -0.429516    1.217922    0.000173  7
 C     0.242206    0.000000    0.000184  4
# H    -2.361810    2.149763   -0.000162
# H     0.136838    2.139364    0.000104
 N     1.722746   -0.000000    0.000106  1
 O     2.289251   -1.084455   -0.000114  6
 O     2.289251    1.084454   -0.000213  3
 C    -1.820564   -1.210103    0.000100  5
# H    -2.361812   -2.149762   -0.000242
 C    -0.429517   -1.217922    0.000137  9
# H     0.136837   -2.139364    0.000049
 C    -2.514942    0.000000   -0.000199  8
# H    -3.599911   -0.000000   -0.001087
