 # Printing electron repulsion integrals in spatial MO basis
      7.26994056091480267412e-01 	 1 1 1 1
      5.14413938128549692863e-04 	 1 1 2 1
      1.37200546016014723882e-01 	 1 1 2 2
     -8.48815367972381999880e-04 	 1 1 3 1
     -5.03617225286992863781e-05 	 1 1 3 2
      3.74591709840201902981e-01 	 1 1 3 3
     -3.21858910358455933137e-03 	 1 1 4 1
      5.00983120698003225185e-04 	 1 1 4 2
     -4.32768175639400027449e-03 	 1 1 4 3
      3.14936413501256340375e-01 	 1 1 4 4
      5.14424310401146822440e-04 	 1 1 5 1
      4.79463596466802341282e-04 	 1 1 5 2
     -2.03726857640187811530e-04 	 1 1 5 3
      5.00992496641141206795e-04 	 1 1 5 4
      1.37200584965699923234e-01 	 1 1 5 5
      8.48872872419000404354e-04 	 1 1 6 1
      2.03725739602196793173e-04 	 1 1 6 2
      6.08295803549746896821e-03 	 1 1 6 3
      4.32769025799434412655e-03 	 1 1 6 4
      5.03652898320740136833e-05 	 1 1 6 5
      3.74591898731620964735e-01 	 1 1 6 6
      5.24608859018405124935e-03 	 1 1 7 1
     -1.37201381296723134637e-03 	 1 1 7 2
     -1.75927550762341815792e-03 	 1 1 7 3
     -9.69633633659698949102e-04 	 1 1 7 4
      7.95324258969712350430e-04 	 1 1 7 5
      2.33349455399465687423e-05 	 1 1 7 6
      2.02570365914834155108e-01 	 1 1 7 7
      5.19345372458837042581e-04 	 1 1 8 1
     -1.15965709615198169467e-03 	 1 1 8 2
     -3.33184830011506194513e-05 	 1 1 8 3
     -1.53955154496619251239e-03 	 1 1 8 4
     -1.15965548138047182952e-03 	 1 1 8 5
      3.33212843545390691147e-05 	 1 1 8 6
     -9.43309569659835718720e-04 	 1 1 8 7
      1.21056939676462915756e-01 	 1 1 8 8
     -5.24609094381687981329e-03 	 1 1 9 1
     -7.95322233512818998168e-04 	 1 1 9 2
      2.33335272734728133893e-05 	 1 1 9 3
      9.69649846595569417720e-04 	 1 1 9 4
      1.37201915448100409019e-03 	 1 1 9 5
     -1.75927367512531264253e-03 	 1 1 9 6
      4.47714873063263102404e-03 	 1 1 9 7
      9.43309064811573348523e-04 	 1 1 9 8
      2.02570430667164902427e-01 	 1 1 9 9
      5.14413938128547524459e-04 	 2 1 1 1
      2.34380482703268647974e-05 	 2 1 2 1
      1.33596312698763711006e-03 	 2 1 2 2
      1.11160140320459339567e-04 	 2 1 3 1
      1.27532653203870664469e-06 	 2 1 3 2
     -5.51234716242288732939e-04 	 2 1 3 3
     -5.21206741750926397434e-05 	 2 1 4 1
      2.57152257511936213608e-05 	 2 1 4 2
     -2.97161284858533499757e-05 	 2 1 4 3
     -9.23661629659308327416e-05 	 2 1 4 4
     -1.74576681618356494257e-06 	 2 1 5 1
      4.98235875451279038538e-06 	 2 1 5 2
     -3.06608177776422926025e-07 	 2 1 5 3
      1.44441186411393636852e-05 	 2 1 5 4
     -1.07006591221760349202e-04 	 2 1 5 5
      4.70672027650131488447e-05 	 2 1 6 1
     -6.32624829017992349324e-06 	 2 1 6 2
      5.20759051186807314724e-06 	 2 1 6 3
     -7.21202215014421395685e-06 	 2 1 6 4
     -6.14910060318110950287e-07 	 2 1 6 5
      2.84511785322193384070e-04 	 2 1 6 6
     -6.75855722658368238359e-06 	 2 1 7 1
      1.05299715177557281056e-04 	 2 1 7 2
      8.40493842261718761906e-06 	 2 1 7 3
      1.13471295099475886744e-04 	 2 1 7 4
      2.18441855193436739745e-06 	 2 1 7 5
     -1.87627997442723799400e-07 	 2 1 7 6
      1.33260816873073694756e-04 	 2 1 7 7
      2.59954917117490554506e-06 	 2 1 8 1
      4.91712885116744313481e-05 	 2 1 8 2
      5.59996452193367224917e-07 	 2 1 8 3
      3.37736507655902056825e-06 	 2 1 8 4
      3.70137593974502500925e-05 	 2 1 8 5
     -7.75480962448863883558e-08 	 2 1 8 6
      4.47965178117005571900e-05 	 2 1 8 7
      6.74332212800882093567e-05 	 2 1 8 8
     -2.38151050541234016568e-05 	 2 1 9 1
      1.90783688492428012801e-05 	 2 1 9 2
     -1.36485452177391297132e-06 	 2 1 9 3
     -3.15474916674877404966e-06 	 2 1 9 4
      3.00856349236798626735e-05 	 2 1 9 5
     -2.47151345271365030734e-06 	 2 1 9 6
     -1.16977966811591398860e-05 	 2 1 9 7
      3.43234863772868453022e-06 	 2 1 9 8
     -1.12284141859497399647e-04 	 2 1 9 9
      1.37200546016014557349e-01 	 2 2 1 1
      1.33596312698763277325e-03 	 2 2 2 1
      5.18446375162414874183e-01 	 2 2 2 2
     -1.36096780854257572195e-05 	 2 2 3 1
     -3.87464175017230853435e-05 	 2 2 3 2
      1.25652833665668595131e-01 	 2 2 3 3
      2.88781140828713554780e-03 	 2 2 4 1
      2.12449479398226165686e-03 	 2 2 4 2
      3.32813258412286740173e-04 	 2 2 4 3
      2.00350695484700608295e-01 	 2 2 4 4
     -1.07007560481315642880e-04 	 2 2 5 1
     -2.04337369726148142951e-03 	 2 2 5 2
      5.25061676145470792465e-06 	 2 2 5 3
     -1.15022503007958893859e-03 	 2 2 5 4
      1.93293821713547031571e-01 	 2 2 5 5
     -9.43544253156102571273e-04 	 2 2 6 1
     -7.22172660289258148796e-04 	 2 2 6 2
      5.94139758546901870610e-04 	 2 2 6 3
      3.96564306959970266139e-04 	 2 2 6 4
      3.03405806678790219402e-05 	 2 2 6 5
      1.09398464684408738834e-01 	 2 2 6 6
     -1.50267598183536753992e-03 	 2 2 7 1
      1.64319091970518277313e-02 	 2 2 7 2
      1.63140637142372701973e-03 	 2 2 7 3
     -1.43158637250524484880e-03 	 2 2 7 4
      1.29391349063385867856e-03 	 2 2 7 5
      8.40191398896362345340e-04 	 2 2 7 6
      2.98487132798577858850e-01 	 2 2 7 7
      2.46306820720152411979e-06 	 2 2 8 1
     -1.58311865425506508032e-02 	 2 2 8 2
      1.42849562823418933756e-04 	 2 2 8 3
      9.13626044627277198937e-04 	 2 2 8 4
     -1.95606145424526839394e-03 	 2 2 8 5
      1.32281748867119048436e-04 	 2 2 8 6
      6.24834624946661240652e-03 	 2 2 8 7
      2.97438547526610697069e-01 	 2 2 8 8
      1.73814050167109940791e-03 	 2 2 9 1
      1.78858400912295669415e-03 	 2 2 9 2
      2.86690886278507541494e-04 	 2 2 9 3
      2.44256514687362638258e-03 	 2 2 9 4
     -3.65496740191241552623e-03 	 2 2 9 5
      6.16376534403690132117e-05 	 2 2 9 6
     -8.61690989881599999668e-04 	 2 2 9 7
      1.11401801828620830755e-03 	 2 2 9 8
      1.68785750982857252200e-01 	 2 2 9 9
     -8.48815367972408454413e-04 	 3 1 1 1
      1.11160140320464475975e-04 	 3 1 2 1
     -1.36096780854061179136e-05 	 3 1 2 2
      5.30939550216101823626e-03 	 3 1 3 1
      3.60086579849563236274e-06 	 3 1 3 2
     -1.10708549441585236972e-02 	 3 1 3 3
     -7.63879888947268086835e-04 	 3 1 4 1
     -1.30522626504616680570e-04 	 3 1 4 2
      3.73172378668062981353e-05 	 3 1 4 3
      2.50209381899468364177e-03 	 3 1 4 4
     -4.70674192824190073311e-05 	 3 1 5 1
      1.54838073225063372098e-06 	 3 1 5 2
     -1.36986203244040906694e-05 	 3 1 5 3
      1.03717074540322397314e-04 	 3 1 5 4
      9.43545564865327750226e-04 	 3 1 5 5
      1.37241612948436984137e-03 	 3 1 6 1
     -4.34191037030022830578e-06 	 3 1 6 2
     -4.33154913709827627585e-04 	 3 1 6 3
     -1.07961570988400582275e-04 	 3 1 6 4
      1.89240047777680736599e-06 	 3 1 6 5
      3.98324249016330633050e-03 	 3 1 6 6
     -4.11417877107926838014e-04 	 3 1 7 1
      1.16590513544853147197e-04 	 3 1 7 2
      1.34365771319304438958e-04 	 3 1 7 3
      3.95451747820685915215e-04 	 3 1 7 4
      3.67679076283705617563e-05 	 3 1 7 5
      1.34724174354650318858e-05 	 3 1 7 6
     -8.64347787241816559178e-04 	 3 1 7 7
      3.11222321167766978489e-05 	 3 1 8 1
     -3.35001931222510141036e-05 	 3 1 8 2
     -2.55367121147951940202e-06 	 3 1 8 3
     -3.58764975589495469432e-05 	 3 1 8 4
     -3.44901923564277426823e-07 	 3 1 8 5
     -1.22661740779645679398e-06 	 3 1 8 6
      2.10159336876656024549e-05 	 3 1 8 7
      3.97703896641859186781e-04 	 3 1 8 8
     -2.41458892920569689379e-05 	 3 1 9 1
      2.44219050632641262154e-05 	 3 1 9 2
     -8.43944376802600550918e-05 	 3 1 9 3
      4.05480006375059226758e-04 	 3 1 9 4
      6.14504252225052676091e-05 	 3 1 9 5
     -9.59974070027205809888e-06 	 3 1 9 6
      2.99538092199636642220e-05 	 3 1 9 7
      2.21457001357142179278e-05 	 3 1 9 8
      2.38853492019614702807e-03 	 3 1 9 9
     -5.03617225287009804440e-05 	 3 2 1 1
      1.27532653203838604272e-06 	 3 2 2 1
     -3.87464175017246913180e-05 	 3 2 2 2
      3.60086579849806673543e-06 	 3 2 3 1
      4.07730887509153531469e-05 	 3 2 3 2
     -3.33376512441350275617e-03 	 3 2 3 3
     -6.47893852072290083767e-05 	 3 2 4 1
      2.65534047834976799716e-05 	 3 2 4 2
     -3.26731913417052199748e-05 	 3 2 4 3
      4.89279317767857941344e-04 	 3 2 4 4
      6.14795610112602107924e-07 	 3 2 5 1
      1.57771633285438132215e-05 	 3 2 5 2
     -5.75582900796863627501e-06 	 3 2 5 3
     -7.70468281570447256666e-07 	 3 2 5 4
     -3.03392844001212904032e-05 	 3 2 5 5
      1.89235451179725444193e-06 	 3 2 6 1
      1.89318711644741317337e-06 	 3 2 6 2
      2.78139106610439824224e-05 	 3 2 6 3
      9.94100218650102112705e-06 	 3 2 6 4
     -2.06929737980442819811e-06 	 3 2 6 5
     -2.96284287966395782808e-05 	 3 2 6 6
     -1.26962935484485952024e-05 	 3 2 7 1
      6.81544115036480496186e-05 	 3 2 7 2
     -4.60250932201221942290e-05 	 3 2 7 3
     -9.83755082107419485406e-06 	 3 2 7 4
     -5.69683008043281698595e-06 	 3 2 7 5
     -3.59868233378338649508e-07 	 3 2 7 6
      7.10393972968633422883e-04 	 3 2 7 7
      2.28674763874613127940e-06 	 3 2 8 1
      6.63112236748923244024e-05 	 3 2 8 2
      1.31647846492946618454e-05 	 3 2 8 3
      1.56459820347501392015e-06 	 3 2 8 4
      1.71377260624032204361e-06 	 3 2 8 5
     -9.54396899200623350656e-07 	 3 2 8 6
     -9.48504064193714557286e-07 	 3 2 8 7
     -2.36244815958079921537e-04 	 3 2 8 8
      1.55287901497855036596e-05 	 3 2 9 1
     -6.10414355570242775009e-06 	 3 2 9 2
     -1.26751829837819706483e-05 	 3 2 9 3
     -1.00396919009165485584e-05 	 3 2 9 4
      3.06386779038240938470e-06 	 3 2 9 5
     -4.35031945279358382288e-06 	 3 2 9 6
      9.91927912605008583167e-06 	 3 2 9 7
     -8.87784626728356350504e-07 	 3 2 9 8
      1.43577050768330550124e-04 	 3 2 9 9
      3.74591709840201791959e-01 	 3 3 1 1
     -5.51234716242277782497e-04 	 3 3 2 1
      1.25652833665668567376e-01 	 3 3 2 2
     -1.10708549441586468626e-02 	 3 3 3 1
     -3.33376512441349625096e-03 	 3 3 3 2
      7.68419254003407159459e-01 	 3 3 3 3
     -5.21236683504888330051e-04 	 3 3 4 1
      1.38875248542500969243e-03 	 3 3 4 2
      4.99168014439070606425e-03 	 3 3 4 3
      2.15295077491818642734e-01 	 3 3 4 4
      2.84517048360499551479e-04 	 3 3 5 1
      4.62833403662832819879e-04 	 3 3 5 2
      3.70720373092300816038e-04 	 3 3 5 3
     -3.42310425600794699351e-04 	 3 3 5 4
      1.09398477896716611601e-01 	 3 3 5 5
     -3.98323050145032997449e-03 	 3 3 6 1
      2.31959569301449982379e-04 	 3 3 6 2
     -1.33222868336073705471e-04 	 3 3 6 3
      2.59558656832939741929e-03 	 3 3 6 4
      2.96294787273096187541e-05 	 3 3 6 5
      2.33433313864067210064e-01 	 3 3 6 6
      3.82832645897321658876e-03 	 3 3 7 1
     -2.51453408949962398458e-03 	 3 3 7 2
      2.77666845936944649276e-03 	 3 3 7 3
     -3.20285498892261327394e-03 	 3 3 7 4
      9.90150002900063610340e-06 	 3 3 7 5
     -1.84255770218050719117e-04 	 3 3 7 6
      1.87106715601854489694e-01 	 3 3 7 7
      1.18214420542542457209e-05 	 3 3 8 1
     -2.80066215275278382422e-04 	 3 3 8 2
     -1.14931958422284760842e-03 	 3 3 8 3
     -5.86484744721021793168e-04 	 3 3 8 4
     -8.84658656565941343974e-04 	 3 3 8 5
      5.74972801742233417571e-05 	 3 3 8 6
     -9.77484866671610164168e-04 	 3 3 8 7
      1.04395599747342013308e-01 	 3 3 8 8
     -1.44771081025597716900e-03 	 3 3 9 1
     -7.09321495306103376802e-04 	 3 3 9 2
      4.29218087387633353245e-04 	 3 3 9 3
     -1.35301117222181633594e-03 	 3 3 9 4
      2.70229316823280966194e-04 	 3 3 9 5
     -9.41206708607165878737e-04 	 3 3 9 6
      2.64864548782959294618e-03 	 3 3 9 7
      5.05398219349085880102e-04 	 3 3 9 8
      1.44099801420545792219e-01 	 3 3 9 9
     -3.21858910358459272480e-03 	 4 1 1 1
     -5.21206741750763089482e-05 	 4 1 2 1
      2.88781140828707179671e-03 	 4 1 2 2
     -7.63879888947262991085e-04 	 4 1 3 1
     -6.47893852072284120655e-05 	 4 1 3 2
     -5.21236683504938420192e-04 	 4 1 3 3
      4.37785805180609336601e-03 	 4 1 4 1
     -6.75429731502738360917e-05 	 4 1 4 2
      4.93703935044100265979e-04 	 4 1 4 3
     -1.54951301816941299817e-03 	 4 1 4 4
     -5.21199656462056231700e-05 	 4 1 5 1
      1.56758734641823386700e-05 	 4 1 5 2
      2.14273947854276763188e-05 	 4 1 5 3
     -6.75438889142481585764e-05 	 4 1 5 4
      2.88781590242419413869e-03 	 4 1 5 5
      7.63882927595317738449e-04 	 4 1 6 1
     -2.14271325093235245375e-05 	 4 1 6 2
     -8.55461392060500181844e-05 	 4 1 6 3
     -4.93705914888607788095e-04 	 4 1 6 4
      6.47895477855124450866e-05 	 4 1 6 5
     -5.21229829719120131039e-04 	 4 1 6 6
      3.16483714952307424936e-04 	 4 1 7 1
      5.87740760740100586824e-04 	 4 1 7 2
      1.95465799353218653298e-04 	 4 1 7 3
     -1.08768452258601222744e-03 	 4 1 7 4
      8.85749452775658957817e-07 	 4 1 7 5
      9.77528431573297169237e-05 	 4 1 7 6
      2.72079171804886187080e-03 	 4 1 7 7
     -4.23807293617272344425e-05 	 4 1 8 1
     -1.98132146497239774183e-04 	 4 1 8 2
     -1.66116319218701615813e-05 	 4 1 8 3
      7.10722163835638309944e-05 	 4 1 8 4
     -1.98132534920496250746e-04 	 4 1 8 5
      1.66115596039822876031e-05 	 4 1 8 6
      6.35542765988232947029e-05 	 4 1 8 7
      2.66476364349498267420e-03 	 4 1 8 8
     -3.16482496360222926007e-04 	 4 1 9 1
     -8.85967760476941924393e-07 	 4 1 9 2
      9.77531501927582656452e-05 	 4 1 9 3
      1.08768548574113732737e-03 	 4 1 9 4
     -5.87742128948060059239e-04 	 4 1 9 5
      1.95465883340640434037e-04 	 4 1 9 6
     -1.04004234295269887408e-04 	 4 1 9 7
     -6.35551962679442767907e-05 	 4 1 9 8
      2.72079240532500064853e-03 	 4 1 9 9
      5.00983120697985227429e-04 	 4 2 1 1
      2.57152257511923237063e-05 	 4 2 2 1
      2.12449479398220657939e-03 	 4 2 2 2
     -1.30522626504614349535e-04 	 4 2 3 1
      2.65534047834985744384e-05 	 4 2 3 2
      1.38875248542501923341e-03 	 4 2 3 3
     -6.75429731503058336083e-05 	 4 2 4 1
      3.76916683207151803278e-04 	 4 2 4 2
      6.60111112810394932461e-05 	 4 2 4 3
     -1.90199187820685571828e-04 	 4 2 4 4
      1.44439726132261253734e-05 	 4 2 5 1
      8.56949632216756076401e-05 	 4 2 5 2
      9.74280377698209686034e-07 	 4 2 5 3
     -9.16868195650968344744e-05 	 4 2 5 4
     -1.15022374373908477241e-03 	 4 2 5 5
     -1.03716909128606849704e-04 	 4 2 6 1
     -1.23747725844327827523e-06 	 4 2 6 2
      9.03863383389949517010e-06 	 4 2 6 3
      5.84302403817615485771e-05 	 4 2 6 4
      7.70475553106560890369e-07 	 4 2 6 5
     -3.42315112727240944499e-04 	 4 2 6 6
      3.32008068936732837827e-05 	 4 2 7 1
      6.47022824338319311674e-04 	 4 2 7 2
      4.58571501068817498218e-05 	 4 2 7 3
     -5.05800568865612536380e-04 	 4 2 7 4
     -5.14397054091659348680e-05 	 4 2 7 5
      6.30161625599417541868e-06 	 4 2 7 6
      5.23647957223628748163e-03 	 4 2 7 7
      8.74578353342197197353e-06 	 4 2 8 1
      4.33946223031513717266e-04 	 4 2 8 2
      6.41151496992216299867e-06 	 4 2 8 3
      6.04321701356624690037e-05 	 4 2 8 4
      1.35594817536231034076e-05 	 4 2 8 5
     -2.75858447635100924248e-07 	 4 2 8 6
      9.00802585676728658198e-05 	 4 2 8 7
     -1.38033284953757284103e-03 	 4 2 8 8
     -1.30567664349657878932e-05 	 4 2 9 1
     -3.51435120350806481449e-05 	 4 2 9 2
     -1.96129466756971918549e-05 	 4 2 9 3
     -5.99207307784322697718e-04 	 4 2 9 4
      2.89084440097655068084e-05 	 4 2 9 5
     -1.92400378240880918558e-05 	 4 2 9 6
      2.87077904850937181899e-05 	 4 2 9 7
     -2.59028133841843878984e-05 	 4 2 9 8
     -2.04097738724886169220e-03 	 4 2 9 9
     -4.32768175639400461130e-03 	 4 3 1 1
     -2.97161284858472581148e-05 	 4 3 2 1
      3.32813258412271507133e-04 	 4 3 2 2
      3.73172378668066505010e-05 	 4 3 3 1
     -3.26731913417041357726e-05 	 4 3 3 2
      4.99168014439067830867e-03 	 4 3 3 3
      4.93703935044093218665e-04 	 4 3 4 1
      6.60111112810549566796e-05 	 4 3 4 2
      3.25723062398403052572e-04 	 4 3 4 3
     -4.31543534722169958712e-03 	 4 3 4 4
      7.21230595118874822004e-06 	 4 3 5 1
      3.14536340676137167449e-06 	 4 3 5 2
      7.40955382122266913543e-06 	 4 3 5 3
     -5.84295923146641732211e-05 	 4 3 5 4
     -3.96563438712198843613e-04 	 4 3 5 5
     -1.07961636825126328955e-04 	 4 3 6 1
      1.01851429083185139418e-06 	 4 3 6 2
     -9.61832978818925979662e-05 	 4 3 6 3
     -7.97349283813909479567e-05 	 4 3 6 4
      9.94092202862449436174e-06 	 4 3 6 5
     -2.59558227418512504903e-03 	 4 3 6 6
      8.47842577594605653147e-05 	 4 3 7 1
      2.35742761659093495925e-05 	 4 3 7 2
      7.58797730594465045465e-05 	 4 3 7 3
     -2.92339094160677269094e-04 	 4 3 7 4
     -3.33727309446310262597e-05 	 4 3 7 5
     -1.67547415827354479296e-06 	 4 3 7 6
      4.39188991126809554540e-04 	 4 3 7 7
     -1.05199192763464414562e-05 	 4 3 8 1
      8.53447659361567552286e-06 	 4 3 8 2
     -1.23824065684434991705e-05 	 4 3 8 3
      6.89541582738070556831e-05 	 4 3 8 4
     -1.71132956934458235700e-05 	 4 3 8 5
      4.91520863280364531822e-06 	 4 3 8 6
      5.34469732964773350020e-06 	 4 3 8 7
     -5.54249514285807681351e-06 	 4 3 8 8
      2.31353712085475544762e-05 	 4 3 9 1
     -1.94911491024734736955e-06 	 4 3 9 2
     -1.72739760391796295610e-05 	 4 3 9 3
     -8.19392929321546777165e-05 	 4 3 9 4
     -1.21613464660362462851e-04 	 4 3 9 5
      3.38372695064318416720e-05 	 4 3 9 6
     -8.81321956641968699006e-05 	 4 3 9 7
     -2.43368491464942037557e-05 	 4 3 9 8
     -1.58334340602467966638e-03 	 4 3 9 9
      3.14936413501256562419e-01 	 4 4 1 1
     -9.23661629659033211115e-05 	 4 4 2 1
      2.00350695484700080939e-01 	 4 4 2 2
      2.50209381899471486679e-03 	 4 4 3 1
      4.89279317767859892908e-04 	 4 4 3 2
      2.15295077491818476201e-01 	 4 4 3 3
     -1.54951301816936139015e-03 	 4 4 4 1
     -1.90199187820732246732e-04 	 4 4 4 2
     -4.31543534722167009682e-03 	 4 4 4 3
      5.64010896491375146589e-01 	 4 4 4 4
     -9.23691778419952766802e-05 	 4 4 5 1
      6.37730365656852976088e-04 	 4 4 5 2
     -3.27493835804733084919e-04 	 4 4 5 3
     -1.90187060832938974100e-04 	 4 4 5 4
      2.00350766439433447541e-01 	 4 4 5 5
     -2.50209271140988589316e-03 	 4 4 6 1
      3.27495121315875389791e-04 	 4 4 6 2
      2.15783421965388575933e-03 	 4 4 6 3
      4.31543429894686979970e-03 	 4 4 6 4
     -4.89275220484119846912e-04 	 4 4 6 5
      2.15295117812140113234e-01 	 4 4 6 6
     -5.02989744420416669268e-03 	 4 4 7 1
      2.96963086434356201421e-03 	 4 4 7 2
     -1.06977155488303271071e-03 	 4 4 7 3
     -1.27253906607430553738e-02 	 4 4 7 4
      1.77618108187199740325e-03 	 4 4 7 5
      7.83738145730904743613e-04 	 4 4 7 6
      3.05611785430001781094e-01 	 4 4 7 7
      3.96792616445393949050e-04 	 4 4 8 1
     -3.85958763356021973892e-03 	 4 4 8 2
      2.12025087939494299733e-04 	 4 4 8 3
     -4.19589877840688841443e-03 	 4 4 8 4
     -3.85958636993848948349e-03 	 4 4 8 5
     -2.12023292570371154524e-04 	 4 4 8 6
     -9.16976314035258636970e-04 	 4 4 8 7
      1.75627208668033801819e-01 	 4 4 8 8
      5.02989844917016773462e-03 	 4 4 9 1
     -1.77618186381608826087e-03 	 4 4 9 2
      7.83736858744156017834e-04 	 4 4 9 3
      1.27254289925616288076e-02 	 4 4 9 4
     -2.96963671545254952536e-03 	 4 4 9 5
     -1.06977153450348461822e-03 	 4 4 9 6
      9.00959424462619874741e-03 	 4 4 9 7
      9.16966039939279059165e-04 	 4 4 9 8
      3.05611830430822628557e-01 	 4 4 9 9
      5.14424310401152785552e-04 	 5 1 1 1
     -1.74576681618344212280e-06 	 5 1 2 1
     -1.07007560481319058117e-04 	 5 1 2 2
     -4.70674192824171032010e-05 	 5 1 3 1
      6.14795610112144392495e-07 	 5 1 3 2
      2.84517048360501828303e-04 	 5 1 3 3
     -5.21199656462164651917e-05 	 5 1 4 1
      1.44439726132246600064e-05 	 5 1 4 2
      7.21230595118436567157e-06 	 5 1 4 3
     -9.23691778420037741147e-05 	 5 1 4 4
      2.34381078756603849849e-05 	 5 1 5 1
      4.98227172215244332312e-06 	 5 1 5 2
      6.32620447039192384338e-06 	 5 1 5 3
      2.57150704522651497299e-05 	 5 1 5 4
      1.33595924072277987861e-03 	 5 1 5 5
     -1.11160101199225607674e-04 	 5 1 6 1
      3.06532769374600498080e-07 	 5 1 6 2
      5.20766690517711950027e-06 	 5 1 6 3
      2.97161682968563684785e-05 	 5 1 6 4
     -1.27538035640232455330e-06 	 5 1 6 5
     -5.51231190606326412057e-04 	 5 1 6 6
      2.38153249878704074310e-05 	 5 1 7 1
     -3.00856507652648238094e-05 	 5 1 7 2
     -2.47139754984714779060e-06 	 5 1 7 3
      3.15449008681295751971e-06 	 5 1 7 4
     -1.90785847286250665258e-05 	 5 1 7 5
     -1.36488120094820853345e-06 	 5 1 7 6
     -1.12283600911450043595e-04 	 5 1 7 7
      2.59932879297723470424e-06 	 5 1 8 1
      3.70139658581621937218e-05 	 5 1 8 2
      7.75780566138049658845e-08 	 5 1 8 3
      3.37675271911998361502e-06 	 5 1 8 4
      4.91724636691534696363e-05 	 5 1 8 5
     -5.59949848285341589575e-07 	 5 1 8 6
     -3.43241322769863676690e-06 	 5 1 8 7
      6.74308853644243761782e-05 	 5 1 8 8
      6.75815170463077281274e-06 	 5 1 9 1
     -2.18443380750279888901e-06 	 5 1 9 2
     -1.87765837200760155527e-07 	 5 1 9 3
     -1.13472946432173097753e-04 	 5 1 9 4
     -1.05298785003136055973e-04 	 5 1 9 5
      8.40491972366270868996e-06 	 5 1 9 6
     -1.16977073491482435930e-05 	 5 1 9 7
     -4.47966258579911673896e-05 	 5 1 9 8
      1.33252472797792335512e-04 	 5 1 9 9
      4.79463596466775995170e-04 	 5 2 1 1
      4.98235875450739902067e-06 	 5 2 2 1
     -2.04337369726138385131e-03 	 5 2 2 2
      1.54838073226336547321e-06 	 5 2 3 1
      1.57771633285453412689e-05 	 5 2 3 2
      4.62833403662871851157e-04 	 5 2 3 3
      1.56758734641914493563e-05 	 5 2 4 1
      8.56949632216693599250e-05 	 5 2 4 2
      3.14536340676930964376e-06 	 5 2 4 3
      6.37730365656851241364e-04 	 5 2 4 4
      4.98227172215236285499e-06 	 5 2 5 1
      3.84095170962504449050e-04 	 5 2 5 2
     -6.80728437990245368694e-06 	 5 2 5 3
      8.56950892271257137506e-05 	 5 2 5 4
     -2.04335166989088419173e-03 	 5 2 5 5
     -1.54860237731527511605e-06 	 5 2 6 1
      6.80732553667877188041e-06 	 5 2 6 2
      1.57474804299925210710e-06 	 5 2 6 3
     -3.14529313081951331771e-06 	 5 2 6 4
     -1.57773014230991726178e-05 	 5 2 6 5
      4.62834210194923228402e-04 	 5 2 6 6
      6.23413432199191924667e-06 	 5 2 7 1
      3.93825736140372120644e-04 	 5 2 7 2
      5.95813511098449565825e-06 	 5 2 7 3
      3.62165839503054759127e-05 	 5 2 7 4
     -4.35917202198682040269e-05 	 5 2 7 5
     -1.22205009752075929244e-06 	 5 2 7 6
      1.12663253741184139767e-03 	 5 2 7 7
      3.44475833813346382271e-05 	 5 2 8 1
      6.94224072739123873425e-04 	 5 2 8 2
      1.15237653363685746725e-05 	 5 2 8 3
      5.67227965178162797872e-05 	 5 2 8 4
      6.94221965248278515687e-04 	 5 2 8 5
     -1.15238652715554450531e-05 	 5 2 8 6
     -6.42535333666656899342e-05 	 5 2 8 7
     -6.36015568690338848473e-03 	 5 2 8 8
     -6.23417998171324374938e-06 	 5 2 9 1
      4.35914263645726385841e-05 	 5 2 9 2
     -1.22191951344662634415e-06 	 5 2 9 3
     -3.62167833172499583510e-05 	 5 2 9 4
     -3.93826974221787667017e-04 	 5 2 9 5
      5.95813170847913435558e-06 	 5 2 9 6
     -3.43401679234073839778e-05 	 5 2 9 7
      6.42529277431712884418e-05 	 5 2 9 8
      1.12663840884095600020e-03 	 5 2 9 9
     -2.03726857640189464938e-04 	 5 3 1 1
     -3.06608177776503447095e-07 	 5 3 2 1
      5.25061676145360508775e-06 	 5 3 2 2
     -1.36986203244033656092e-05 	 5 3 3 1
     -5.75582900796880398754e-06 	 5 3 3 2
      3.70720373092301358139e-04 	 5 3 3 3
      2.14273947854249285439e-05 	 5 3 4 1
      9.74280377697043956941e-07 	 5 3 4 2
      7.40955382122170944711e-06 	 5 3 4 3
     -3.27493835804735849634e-04 	 5 3 4 4
      6.32620447039184252821e-06 	 5 3 5 1
     -6.80728437990211656782e-06 	 5 3 5 2
      4.41273586220265006915e-06 	 5 3 5 3
      1.23741954914228107800e-06 	 5 3 5 4
      7.22172778381581829087e-04 	 5 3 5 5
     -4.34183231614960084066e-06 	 5 3 6 1
     -7.70372716383619515626e-07 	 5 3 6 2
     -7.61955275744930387086e-06 	 5 3 6 3
      1.01844736771021642222e-06 	 5 3 6 4
      1.89299354993930058555e-06 	 5 3 6 5
     -2.31960218701616842883e-04 	 5 3 6 6
      7.45809399764106919893e-06 	 5 3 7 1
     -4.75832645298383518701e-06 	 5 3 7 2
      7.55743784998486492857e-06 	 5 3 7 3
      1.69255349971309002486e-06 	 5 3 7 4
     -9.95835594306290509069e-06 	 5 3 7 5
      7.96913415995486066143e-07 	 5 3 7 6
     -1.84314445581916725239e-04 	 5 3 7 7
     -8.76946811348389098372e-07 	 5 3 8 1
      8.53262854550846450488e-06 	 5 3 8 2
     -2.12751695465143212562e-06 	 5 3 8 3
      1.84518790684325972828e-06 	 5 3 8 4
     -1.66882162241363707518e-05 	 5 3 8 5
      2.87658270631044092644e-07 	 5 3 8 6
     -6.84658881798960659409e-07 	 5 3 8 7
      2.30784049513774473707e-04 	 5 3 8 8
     -5.53523491686329511939e-06 	 5 3 9 1
     -1.56262008472822650415e-06 	 5 3 9 2
      2.66907876990757838916e-06 	 5 3 9 3
     -4.04344987062097777552e-05 	 5 3 9 4
     -8.81112944774469273148e-06 	 5 3 9 5
      4.51827639645739264284e-06 	 5 3 9 6
     -1.27997303995821101378e-05 	 5 3 9 7
     -1.79011776203224861367e-05 	 5 3 9 8
     -1.57850712446238927765e-04 	 5 3 9 9
      5.00992496641164950823e-04 	 5 4 1 1
      1.44441186411407697599e-05 	 5 4 2 1
     -1.15022503007958199969e-03 	 5 4 2 2
      1.03717074540327601484e-04 	 5 4 3 1
     -7.70468281572386326840e-07 	 5 4 3 2
     -3.42310425600793940409e-04 	 5 4 3 3
     -6.75438889142714418180e-05 	 5 4 4 1
     -9.16868195651100481884e-05 	 5 4 4 2
     -5.84295923146791758686e-05 	 5 4 4 3
     -1.90187060832939651726e-04 	 5 4 4 4
      2.57150704522680262538e-05 	 5 4 5 1
      8.56950892271249412566e-05 	 5 4 5 2
      1.23741954914358466170e-06 	 5 4 5 3
      3.76917638456673105736e-04 	 5 4 5 4
      2.12448683000183947620e-03 	 5 4 5 5
      1.30522519181349680754e-04 	 5 4 6 1
     -9.74361533713485338895e-07 	 5 4 6 2
      9.03863004398920317508e-06 	 5 4 6 3
     -6.60100162216512329838e-05 	 5 4 6 4
     -2.65534420478805707007e-05 	 5 4 6 5
      1.38875556394611396338e-03 	 5 4 6 6
      1.30566517072391929060e-05 	 5 4 7 1
     -2.89093286061393904215e-05 	 5 4 7 2
     -1.92400283737781589255e-05 	 5 4 7 3
      5.99208098254392956990e-04 	 5 4 7 4
      3.51427700440493348045e-05 	 5 4 7 5
     -1.96130207329645565601e-05 	 5 4 7 6
     -2.04097915927464127611e-03 	 5 4 7 7
      8.74538297012595549718e-06 	 5 4 8 1
      1.35598581720596258972e-05 	 5 4 8 2
      2.75869570896588474064e-07 	 5 4 8 3
      6.04312537612239458989e-05 	 5 4 8 4
      4.33948415565964804638e-04 	 5 4 8 5
     -6.41142932387794022453e-06 	 5 4 8 6
      2.59028450892164304386e-05 	 5 4 8 7
     -1.38033916585976988711e-03 	 5 4 8 8
     -3.32013010144963856035e-05 	 5 4 9 1
      5.14391021238814338682e-05 	 5 4 9 2
      6.30112774764604015190e-06 	 5 4 9 3
      5.05800105911672053666e-04 	 5 4 9 4
     -6.47021489923864726035e-04 	 5 4 9 5
      4.58574649858459746418e-05 	 5 4 9 6
      2.87081830448619929920e-05 	 5 4 9 7
     -9.00795711179822413718e-05 	 5 4 9 8
      5.23647689802335305348e-03 	 5 4 9 9
      1.37200584965700117523e-01 	 5 5 1 1
     -1.07006591221781558907e-04 	 5 5 2 1
      1.93293821713547087082e-01 	 5 5 2 2
      9.43545564865357348945e-04 	 5 5 3 1
     -3.03392844001200774520e-05 	 5 5 3 2
      1.09398477896716667113e-01 	 5 5 3 3
      2.88781590242416117895e-03 	 5 5 4 1
     -1.15022374373910168596e-03 	 5 5 4 2
     -3.96563438712187893171e-04 	 5 5 4 3
      2.00350766439433336519e-01 	 5 5 4 4
      1.33595924072277684284e-03 	 5 5 5 1
     -2.04335166989092278933e-03 	 5 5 5 2
      7.22172778381579552262e-04 	 5 5 5 3
      2.12448683000182689945e-03 	 5 5 5 4
      5.18446381536114442312e-01 	 5 5 5 5
      1.36083654729470490300e-05 	 5 5 6 1
     -5.24989626355835397063e-06 	 5 5 6 2
      5.94137808946379616069e-04 	 5 5 6 3
     -3.32816946446103556663e-04 	 5 5 6 4
      3.87436206336241761752e-05 	 5 5 6 5
      1.25652866144492753042e-01 	 5 5 6 6
     -1.73814246424452783189e-03 	 5 5 7 1
      3.65496834075695756563e-03 	 5 5 7 2
      6.16436652858313408488e-05 	 5 5 7 3
     -2.44256095197305928002e-03 	 5 5 7 4
     -1.78859797628209016979e-03 	 5 5 7 5
      2.86688792359774909969e-04 	 5 5 7 6
      1.68785817790842951336e-01 	 5 5 7 7
      2.46740788570436040588e-06 	 5 5 8 1
     -1.95606742520339129537e-03 	 5 5 8 2
     -1.32286028097806972539e-04 	 5 5 8 3
      9.13624802916864972580e-04 	 5 5 8 4
     -1.58311669719663969391e-02 	 5 5 8 5
     -1.42847170828020846858e-04 	 5 5 8 6
     -1.11402026010496671589e-03 	 5 5 8 7
      2.97438493259395475565e-01 	 5 5 8 8
      1.50268278120839439069e-03 	 5 5 9 1
     -1.29391396511519137479e-03 	 5 5 9 2
      8.40187349110515613142e-04 	 5 5 9 3
      1.43159327247451440696e-03 	 5 5 9 4
     -1.64319219812990510721e-02 	 5 5 9 5
      1.63140844823413079176e-03 	 5 5 9 6
     -8.61683679495344454803e-04 	 5 5 9 7
     -6.24835058534591383794e-03 	 5 5 9 8
      2.98487130367854236468e-01 	 5 5 9 9
      8.48872872418965926725e-04 	 6 1 1 1
      4.70672027650158390213e-05 	 6 1 2 1
     -9.43544253156165346579e-04 	 6 1 2 2
      1.37241612948437764763e-03 	 6 1 3 1
      1.89235451179835537300e-06 	 6 1 3 2
     -3.98323050145031002517e-03 	 6 1 3 3
      7.63882927595280333474e-04 	 6 1 4 1
     -1.03716909128583864618e-04 	 6 1 4 2
     -1.07961636825139895035e-04 	 6 1 4 3
     -2.50209271140994053695e-03 	 6 1 4 4
     -1.11160101199217069582e-04 	 6 1 5 1
     -1.54860237732354406344e-06 	 6 1 5 2
     -4.34183231614756287938e-06 	 6 1 5 3
      1.30522519181369304813e-04 	 6 1 5 4
      1.36083654729064659875e-05 	 6 1 5 5
      5.30940682804906770309e-03 	 6 1 6 1
     -1.36989958328905939074e-05 	 6 1 6 2
      4.33155710675916074195e-04 	 6 1 6 3
      3.73174788761029312058e-05 	 6 1 6 4
      3.60115015913382747076e-06 	 6 1 6 5
      1.10708960457561282620e-02 	 6 1 6 6
     -2.41443780140384481965e-05 	 6 1 7 1
      6.14502864709972902290e-05 	 6 1 7 2
      9.59984972735205700886e-06 	 6 1 7 3
      4.05480038407912322072e-04 	 6 1 7 4
      2.44218852792874943918e-05 	 6 1 7 5
      8.43944638486464148277e-05 	 6 1 7 6
     -2.38853121457541445541e-03 	 6 1 7 7
     -3.11222445979488198785e-05 	 6 1 8 1
      3.45061233848373661558e-07 	 6 1 8 2
     -1.22666120867245706303e-06 	 6 1 8 3
      3.58761381385276010821e-05 	 6 1 8 4
      3.35002445993615996164e-05 	 6 1 8 5
     -2.55330635126246505333e-06 	 6 1 8 6
      2.21454646942901401492e-05 	 6 1 8 7
     -3.97704287140772394255e-04 	 6 1 8 8
     -4.11419470638760980969e-04 	 6 1 9 1
      3.67679034253663315681e-05 	 6 1 9 2
     -1.34723989728047338610e-05 	 6 1 9 3
      3.95451246696062780513e-04 	 6 1 9 4
      1.16590862935572452271e-04 	 6 1 9 5
     -1.34365578765522437812e-04 	 6 1 9 6
     -2.99538281967549668621e-05 	 6 1 9 7
      2.10161912130484467346e-05 	 6 1 9 8
      8.64348688138557121920e-04 	 6 1 9 9
      2.03725739602199097103e-04 	 6 2 1 1
     -6.32624829018029195257e-06 	 6 2 2 1
     -7.22172660289256088811e-04 	 6 2 2 2
     -4.34191037030034350226e-06 	 6 2 3 1
      1.89318711644734668129e-06 	 6 2 3 2
      2.31959569301449901064e-04 	 6 2 3 3
     -2.14271325093204243969e-05 	 6 2 4 1
     -1.23747725844631319428e-06 	 6 2 4 2
      1.01851429083300462954e-06 	 6 2 4 3
      3.27495121315885310241e-04 	 6 2 4 4
      3.06532769374050561939e-07 	 6 2 5 1
      6.80732553668046848740e-06 	 6 2 5 2
     -7.70372716383760970129e-07 	 6 2 5 3
     -9.74361533715408315444e-07 	 6 2 5 4
     -5.24989626355899348051e-06 	 6 2 5 5
     -1.36989958328885932156e-05 	 6 2 6 1
      4.41267567799719651598e-06 	 6 2 6 2
      7.61947445430821023474e-06 	 6 2 6 3
      7.40956528185567682866e-06 	 6 2 6 4
     -5.75570835847838964367e-06 	 6 2 6 5
     -3.70723076957321098172e-04 	 6 2 6 6
     -5.53514755455501588114e-06 	 6 2 7 1
     -8.81100653037441543128e-06 	 6 2 7 2
     -4.51824062579104542811e-06 	 6 2 7 3
     -4.04339873211801591928e-05 	 6 2 7 4
     -1.56272076963876357666e-06 	 6 2 7 5
     -2.66918551475060922488e-06 	 6 2 7 6
      1.57849780913340339422e-04 	 6 2 7 7
      8.76959887779182431312e-07 	 6 2 8 1
      1.66874688070397291591e-05 	 6 2 8 2
      2.87737820987173265554e-07 	 6 2 8 3
     -1.84521628038114715162e-06 	 6 2 8 4
     -8.53281310298310386950e-06 	 6 2 8 5
     -2.12752689717378025742e-06 	 6 2 8 6
     -1.79011264435702817756e-05 	 6 2 8 7
     -2.30782843461374678794e-04 	 6 2 8 8
      7.45816131513513010516e-06 	 6 2 9 1
     -9.95890750205680876192e-06 	 6 2 9 2
     -7.96882986399494359490e-07 	 6 2 9 3
      1.69269367962811109145e-06 	 6 2 9 4
     -4.75858171791677861249e-06 	 6 2 9 5
     -7.55732896128535604842e-06 	 6 2 9 6
      1.27997136939639760575e-05 	 6 2 9 7
     -6.84913903919552341440e-07 	 6 2 9 8
      1.84315187970777723085e-04 	 6 2 9 9
      6.08295803549747070293e-03 	 6 3 1 1
      5.20759051186801724307e-06 	 6 3 2 1
      5.94139758546883656014e-04 	 6 3 2 2
     -4.33154913709830500720e-04 	 6 3 3 1
      2.78139106610442568611e-05 	 6 3 3 2
     -1.33222868336069504187e-04 	 6 3 3 3
     -8.55461392060562658994e-05 	 6 3 4 1
      9.03863383389982551295e-06 	 6 3 4 2
     -9.61832978818945901877e-05 	 6 3 4 3
      2.15783421965387274891e-03 	 6 3 4 4
      5.20766690517934634989e-06 	 6 3 5 1
      1.57474804300144825177e-06 	 6 3 5 2
     -7.61955275744887442516e-06 	 6 3 5 3
      9.03863004399456489363e-06 	 6 3 5 4
      5.94137808946376363463e-04 	 6 3 5 5
      4.33155710675910598974e-04 	 6 3 6 1
      7.61947445430798407694e-06 	 6 3 6 2
      3.01331602546984318129e-04 	 6 3 6 3
      9.61834630451539342698e-05 	 6 3 6 4
     -2.78138016816801903798e-05 	 6 3 6 5
     -1.33210810933278488372e-04 	 6 3 6 6
      4.21388446974006782302e-05 	 6 3 7 1
     -1.69099123121087931891e-05 	 6 3 7 2
     -6.72293449696401368637e-05 	 6 3 7 3
     -2.36166493466827663995e-05 	 6 3 7 4
      1.01408998777775856149e-05 	 6 3 7 5
     -4.80120344553601471280e-06 	 6 3 7 6
      1.14963701238450142182e-03 	 6 3 7 7
      4.27315969770186487647e-06 	 6 3 8 1
     -1.04619220493124954303e-05 	 6 3 8 2
      8.41219939958994886316e-06 	 6 3 8 3
     -1.15586254405223623872e-05 	 6 3 8 4
     -1.04619021795551599130e-05 	 6 3 8 5
     -8.41207032014213320194e-06 	 6 3 8 6
     -8.01017783636204691827e-06 	 6 3 8 7
      4.87165476387328147054e-04 	 6 3 8 8
     -4.21388531280270466875e-05 	 6 3 9 1
     -1.01408977599829086709e-05 	 6 3 9 2
     -4.80124923773299909269e-06 	 6 3 9 3
      2.36166650642901272954e-05 	 6 3 9 4
      1.69100935908091501751e-05 	 6 3 9 5
     -6.72292731217964087713e-05 	 6 3 9 6
      5.24155621985248812824e-05 	 6 3 9 7
      8.01018244550058264102e-06 	 6 3 9 8
      1.14963561688644164832e-03 	 6 3 9 9
      4.32769025799433198348e-03 	 6 4 1 1
     -7.21202215014220733580e-06 	 6 4 2 1
      3.96564306959948202624e-04 	 6 4 2 2
     -1.07961570988401517400e-04 	 6 4 3 1
      9.94100218650200707340e-06 	 6 4 3 2
      2.59558656832940696027e-03 	 6 4 3 3
     -4.93705914888637169974e-04 	 6 4 4 1
      5.84302403817767951701e-05 	 6 4 4 2
     -7.97349283814017899784e-05 	 6 4 4 3
      4.31543429894680734965e-03 	 6 4 4 4
      2.97161682968591094771e-05 	 6 4 5 1
     -3.14529313082136450822e-06 	 6 4 5 2
      1.01844736771110093638e-06 	 6 4 5 3
     -6.60100162216435893585e-05 	 6 4 5 4
     -3.32816946446110116086e-04 	 6 4 5 5
      3.73174788760889585503e-05 	 6 4 6 1
      7.40956528185543373020e-06 	 6 4 6 2
      9.61834630451519556008e-05 	 6 4 6 3
      3.25724154578238935583e-04 	 6 4 6 4
     -3.26731131783058220317e-05 	 6 4 6 5
     -4.99168606698364818175e-03 	 6 4 6 6
      2.31350519949002519547e-05 	 6 4 7 1
     -1.21613268080290065783e-04 	 6 4 7 2
     -3.38374264889344951966e-05 	 6 4 7 3
     -8.19394769142625873162e-05 	 6 4 7 4
     -1.94912029919824948920e-06 	 6 4 7 5
      1.72739024568964966253e-05 	 6 4 7 6
      1.58334308016502551923e-03 	 6 4 7 7
      1.05199919566989750938e-05 	 6 4 8 1
      1.71134653294462301299e-05 	 6 4 8 2
      4.91526275869552668654e-06 	 6 4 8 3
     -6.89532367105307494697e-05 	 6 4 8 4
     -8.53434989714127474191e-06 	 6 4 8 5
     -1.23822480142310795945e-05 	 6 4 8 6
     -2.43365325175975385000e-05 	 6 4 8 7
      5.54048667349923950329e-06 	 6 4 8 8
      8.47841248218745229632e-05 	 6 4 9 1
     -3.33726848582175254277e-05 	 6 4 9 2
      1.67533272823195277616e-06 	 6 4 9 3
     -2.92338476678410778831e-04 	 6 4 9 4
      2.35750260020448136567e-05 	 6 4 9 5
     -7.58798450996787775128e-05 	 6 4 9 6
      8.81322172459852418332e-05 	 6 4 9 7
      5.34490298664252604273e-06 	 6 4 9 8
     -4.39191630755019521253e-04 	 6 4 9 9
      5.03652898320802749508e-05 	 6 5 1 1
     -6.14910060318350978248e-07 	 6 5 2 1
      3.03405806678809735041e-05 	 6 5 2 2
      1.89240047777703606488e-06 	 6 5 3 1
     -2.06929737980446334998e-06 	 6 5 3 2
      2.96294787273090563242e-05 	 6 5 3 3
      6.47895477855168361054e-05 	 6 5 4 1
      7.70475553103004940177e-07 	 6 5 4 2
      9.94092202862591398896e-06 	 6 5 4 3
     -4.89275220484107270166e-04 	 6 5 4 4
     -1.27538035640280524450e-06 	 6 5 5 1
     -1.57773014231008090855e-05 	 6 5 5 2
      1.89299354993918687138e-06 	 6 5 5 3
     -2.65534420478821800633e-05 	 6 5 5 4
      3.87436206336224482280e-05 	 6 5 5 5
      3.60115015913561428677e-06 	 6 5 6 1
     -5.75570835847839049071e-06 	 6 5 6 2
     -2.78138016816800413020e-05 	 6 5 6 3
     -3.26731131783054696660e-05 	 6 5 6 4
      4.07733958923270223686e-05 	 6 5 6 5
      3.33376732908689018403e-03 	 6 5 6 6
      1.55288705575795843211e-05 	 6 5 7 1
      3.06385595948504115471e-06 	 6 5 7 2
      4.35026669515872601229e-06 	 6 5 7 3
     -1.00397335096160395386e-05 	 6 5 7 4
     -6.10436463017456943671e-06 	 6 5 7 5
      1.26751796047174152216e-05 	 6 5 7 6
     -1.43575548510691572250e-04 	 6 5 7 7
     -2.28680994128771869424e-06 	 6 5 8 1
     -1.71395524110352793836e-06 	 6 5 8 2
     -9.54412318740734043503e-07 	 6 5 8 3
     -1.56478975135435837237e-06 	 6 5 8 4
     -6.63108505680286552117e-05 	 6 5 8 5
      1.31648588940531455080e-05 	 6 5 8 6
     -8.87863116718447983879e-07 	 6 5 8 7
      2.36245677293384759689e-04 	 6 5 8 8
     -1.26962351060973526341e-05 	 6 5 9 1
     -5.69702231435466295773e-06 	 6 5 9 2
      3.59968121896252417055e-07 	 6 5 9 3
     -9.83697355807498445394e-06 	 6 5 9 4
      6.81543908032347287539e-05 	 6 5 9 5
      4.60252104045648721556e-05 	 6 5 9 6
     -9.91909183078691800378e-06 	 6 5 9 7
     -9.48389117632087018343e-07 	 6 5 9 8
     -7.10393161963903362055e-04 	 6 5 9 9
      3.74591898731620520646e-01 	 6 6 1 1
      2.84511785322185740445e-04 	 6 6 2 1
      1.09398464684408655567e-01 	 6 6 2 2
      3.98324249016323607420e-03 	 6 6 3 1
     -2.96284287966392462438e-05 	 6 6 3 2
      2.33433313864067293331e-01 	 6 6 3 3
     -5.21229829719112650044e-04 	 6 6 4 1
     -3.42315112727284692057e-04 	 6 6 4 2
     -2.59558227418511594173e-03 	 6 6 4 3
      2.15295117812140224256e-01 	 6 6 4 4
     -5.51231190606332700430e-04 	 6 6 5 1
      4.62834210194908645883e-04 	 6 6 5 2
     -2.31960218701618523397e-04 	 6 6 5 3
      1.38875556394611287918e-03 	 6 6 5 4
      1.25652866144492447731e-01 	 6 6 5 5
      1.10708960457561698953e-02 	 6 6 6 1
     -3.70723076957323591837e-04 	 6 6 6 2
     -1.33210810933267565035e-04 	 6 6 6 3
     -4.99168606698363603869e-03 	 6 6 6 4
      3.33376732908689495452e-03 	 6 6 6 5
      7.68419304432486738321e-01 	 6 6 6 6
      1.44771308363054714355e-03 	 6 6 7 1
     -2.70228609050639364490e-04 	 6 6 7 2
     -9.41207475516734064398e-04 	 6 6 7 3
      1.35301770192277942724e-03 	 6 6 7 4
      7.09321735152254888475e-04 	 6 6 7 5
      4.29211845992732770813e-04 	 6 6 7 6
      1.44099793807815262925e-01 	 6 6 7 7
      1.18230982335681865044e-05 	 6 6 8 1
     -8.84658724868644247286e-04 	 6 6 8 2
     -5.74958791547444105982e-05 	 6 6 8 3
     -5.86486593554476180745e-04 	 6 6 8 4
     -2.80064860404770062195e-04 	 6 6 8 5
      1.14932260496417894269e-03 	 6 6 8 6
     -5.05396923526945751441e-04 	 6 6 8 7
      1.04395602010775176427e-01 	 6 6 8 8
     -3.82833068015933555145e-03 	 6 6 9 1
     -9.90035694096881529840e-06 	 6 6 9 2
     -1.84255603731935650334e-04 	 6 6 9 3
      3.20285997435679941139e-03 	 6 6 9 4
      2.51453943032021662307e-03 	 6 6 9 5
      2.77667762736062608692e-03 	 6 6 9 6
      2.64865054525748305075e-03 	 6 6 9 7
      9.77482382527168798536e-04 	 6 6 9 8
      1.87106774895732047570e-01 	 6 6 9 9
      5.24608859018404777991e-03 	 7 1 1 1
     -6.75855722658891111798e-06 	 7 1 2 1
     -1.50267598183531484769e-03 	 7 1 2 2
     -4.11417877107928247477e-04 	 7 1 3 1
     -1.26962935484497946011e-05 	 7 1 3 2
      3.82832645897318102693e-03 	 7 1 3 3
      3.16483714952331440014e-04 	 7 1 4 1
      3.32008068936522163792e-05 	 7 1 4 2
      8.47842577594683851228e-05 	 7 1 4 3
     -5.02989744420410511000e-03 	 7 1 4 4
      2.38153249878698178960e-05 	 7 1 5 1
      6.23413432199046065594e-06 	 7 1 5 2
      7.45809399764108444552e-06 	 7 1 5 3
      1.30566517072414832831e-05 	 7 1 5 4
     -1.73814246424456491161e-03 	 7 1 5 5
     -2.41443780140314550925e-05 	 7 1 6 1
     -5.53514755455452460203e-06 	 7 1 6 2
      4.21388446974014439480e-05 	 7 1 6 3
      2.31350519949042092926e-05 	 7 1 6 4
      1.55288705575800112257e-05 	 7 1 6 5
      1.44771308363053369944e-03 	 7 1 6 6
      4.07946144455906126777e-04 	 7 1 7 1
     -2.60998902929889409902e-04 	 7 1 7 2
     -9.06231165802439219531e-06 	 7 1 7 3
      7.74085998287092299543e-04 	 7 1 7 4
     -4.85386843315654156576e-05 	 7 1 7 5
     -4.61881785650085629211e-05 	 7 1 7 6
     -3.45914671709989700668e-03 	 7 1 7 7
     -8.31694003773001641925e-06 	 7 1 8 1
      1.87664379445524843668e-04 	 7 1 8 2
     -5.33739538033830887543e-06 	 7 1 8 3
      2.48796565397858077064e-05 	 7 1 8 4
      1.15368424903512464298e-04 	 7 1 8 5
      6.92777692405814597183e-06 	 7 1 8 6
      1.18866049059889187432e-05 	 7 1 8 7
     -1.57494287886273819262e-03 	 7 1 8 8
     -1.77190319854040174942e-04 	 7 1 9 1
      3.43243242958637481839e-05 	 7 1 9 2
     -1.09302228211019375177e-05 	 7 1 9 3
     -2.12715974159324102029e-04 	 7 1 9 4
      8.49543757053886614862e-05 	 7 1 9 5
      1.03403223511393871017e-05 	 7 1 9 6
     -1.73223349448713392603e-04 	 7 1 9 7
     -1.32898929061528580118e-05 	 7 1 9 8
     -2.34829777151467598839e-03 	 7 1 9 9
     -1.37201381296726734188e-03 	 7 2 1 1
      1.05299715177561888915e-04 	 7 2 2 1
      1.64319091970519005896e-02 	 7 2 2 2
      1.16590513544869884568e-04 	 7 2 3 1
      6.81544115036514106453e-05 	 7 2 3 2
     -2.51453408949964350022e-03 	 7 2 3 3
      5.87740760740041172545e-04 	 7 2 4 1
      6.47022824338313999083e-04 	 7 2 4 2
      2.35742761658928493907e-05 	 7 2 4 3
      2.96963086434341803216e-03 	 7 2 4 4
     -3.00856507652543239890e-05 	 7 2 5 1
      3.93825736140368271726e-04 	 7 2 5 2
     -4.75832645298052921742e-06 	 7 2 5 3
     -2.89093286061104117303e-05 	 7 2 5 4
      3.65496834075710848658e-03 	 7 2 5 5
      6.14502864709792111578e-05 	 7 2 6 1
     -8.81100653037608069805e-06 	 7 2 6 2
     -1.69099123121121135583e-05 	 7 2 6 3
     -1.21613268080290729857e-04 	 7 2 6 4
      3.06385595948277491806e-06 	 7 2 6 5
     -2.70228609050618602018e-04 	 7 2 6 6
     -2.60998902929873201079e-04 	 7 2 7 1
      7.23172218798966755932e-03 	 7 2 7 2
      2.99180841647907799340e-04 	 7 2 7 3
      4.59442506496854504664e-04 	 7 2 7 4
      8.75971340049527184661e-05 	 7 2 7 5
      1.58206152151503564099e-04 	 7 2 7 6
      1.60128492459302648743e-02 	 7 2 7 7
      6.65401686426165780205e-05 	 7 2 8 1
      5.39884104269458108688e-04 	 7 2 8 2
      1.88924080835676547424e-05 	 7 2 8 3
      2.74213587668706271737e-04 	 7 2 8 4
     -6.50419048375935698013e-04 	 7 2 8 5
     -1.67049606156506247529e-05 	 7 2 8 6
      7.53782882403733023140e-04 	 7 2 8 7
      2.17102009264922559892e-03 	 7 2 8 8
      8.49542727777254563564e-05 	 7 2 9 1
     -9.04747820462461360561e-05 	 7 2 9 2
      4.41873766236453385478e-05 	 7 2 9 3
      5.38619828446788113593e-04 	 7 2 9 4
     -4.95412518143287911553e-04 	 7 2 9 5
      3.54763556121463554684e-05 	 7 2 9 6
     -3.50551900999759879531e-04 	 7 2 9 7
     -4.43668155404983757502e-05 	 7 2 9 8
      3.64691954283615903804e-03 	 7 2 9 9
     -1.75927550762341512215e-03 	 7 3 1 1
      8.40493842261628468194e-06 	 7 3 2 1
      1.63140637142373070602e-03 	 7 3 2 2
      1.34365771319301376087e-04 	 7 3 3 1
     -4.60250932201221535714e-05 	 7 3 3 2
      2.77666845936943912018e-03 	 7 3 3 3
      1.95465799353219873025e-04 	 7 3 4 1
      4.58571501068813500222e-05 	 7 3 4 2
      7.58797730594474938810e-05 	 7 3 4 3
     -1.06977155488303271071e-03 	 7 3 4 4
     -2.47139754984696821962e-06 	 7 3 5 1
      5.95813511098199098182e-06 	 7 3 5 2
      7.55743784998475481428e-06 	 7 3 5 3
     -1.92400283737755432877e-05 	 7 3 5 4
      6.16436652858137090110e-05 	 7 3 5 5
      9.59984972735498096660e-06 	 7 3 6 1
     -4.51824062579107592130e-06 	 7 3 6 2
     -6.72293449696402452840e-05 	 7 3 6 3
     -3.38374264889318998877e-05 	 7 3 6 4
      4.35026669515855999383e-06 	 7 3 6 5
     -9.41207475516739160148e-04 	 7 3 6 6
     -9.06231165802327749996e-06 	 7 3 7 1
      2.99180841647905034625e-04 	 7 3 7 2
      1.38838706282920753545e-04 	 7 3 7 3
      3.35834119561990797928e-05 	 7 3 7 4
     -3.58239063121688943369e-05 	 7 3 7 5
      2.34901402435301818170e-05 	 7 3 7 6
      3.08765355973180180560e-03 	 7 3 7 7
     -2.78051662058271564157e-08 	 7 3 8 1
      1.26269870528051933488e-05 	 7 3 8 2
     -1.46814051536805148529e-05 	 7 3 8 3
      2.60508549635944410526e-05 	 7 3 8 4
     -4.97607153590878870840e-06 	 7 3 8 5
      1.18279394564115596024e-06 	 7 3 8 6
      7.08107199113544149432e-05 	 7 3 8 7
      5.48206450391514098566e-04 	 7 3 8 8
     -1.03402083084810712783e-05 	 7 3 9 1
      5.89637659911099638210e-06 	 7 3 9 2
      1.56290542725950297725e-05 	 7 3 9 3
     -3.86283515998425263510e-05 	 7 3 9 4
     -3.54767394741192370082e-05 	 7 3 9 5
      1.60464282312048250921e-05 	 7 3 9 6
     -6.61886904039605882899e-05 	 7 3 9 7
     -4.53874042224788222516e-06 	 7 3 9 8
     -4.72641477418003395309e-04 	 7 3 9 9
     -9.69633633659602997210e-04 	 7 4 1 1
      1.13471295099454839669e-04 	 7 4 2 1
     -1.43158637250521622586e-03 	 7 4 2 2
      3.95451747820675073193e-04 	 7 4 3 1
     -9.83755082107924994669e-06 	 7 4 3 2
     -3.20285498892267962712e-03 	 7 4 3 3
     -1.08768452258593936906e-03 	 7 4 4 1
     -5.05800568865676612729e-04 	 7 4 4 2
     -2.92339094160656289782e-04 	 7 4 4 3
     -1.27253906607428073083e-02 	 7 4 4 4
      3.15449008679903272157e-06 	 7 4 5 1
      3.62165839503152743898e-05 	 7 4 5 2
      1.69255349971072807349e-06 	 7 4 5 3
      5.99208098254359671983e-04 	 7 4 5 4
     -2.44256095197320629783e-03 	 7 4 5 5
      4.05480038407955202268e-04 	 7 4 6 1
     -4.04339873211805996499e-05 	 7 4 6 2
     -2.36166493466723478943e-05 	 7 4 6 3
     -8.19394769142478557192e-05 	 7 4 6 4
     -1.00397335096156278806e-05 	 7 4 6 5
      1.35301770192273866124e-03 	 7 4 6 6
      7.74085998287114092006e-04 	 7 4 7 1
      4.59442506496746789178e-04 	 7 4 7 2
      3.35834119561967216531e-05 	 7 4 7 3
      6.80718693971932038017e-03 	 7 4 7 4
     -1.05004775874032650574e-04 	 7 4 7 5
     -1.78781216879520047898e-04 	 7 4 7 6
     -1.47227069495929063780e-02 	 7 4 7 7
     -3.68192665635499191359e-06 	 7 4 8 1
      6.37862492694828185982e-04 	 7 4 8 2
     -7.42611480364009978264e-06 	 7 4 8 3
      3.06393999203036678907e-06 	 7 4 8 4
      4.67302968981816719933e-04 	 7 4 8 5
     -2.18802252795667557449e-06 	 7 4 8 6
      3.63228899789688666061e-04 	 7 4 8 7
     -2.86816597624266460959e-03 	 7 4 8 8
     -2.12716229588868642377e-04 	 7 4 9 1
      2.78694081469676286332e-04 	 7 4 9 2
     -2.05980095222244548379e-05 	 7 4 9 3
      1.48494771901406846966e-03 	 7 4 9 4
      5.38620210803824228836e-04 	 7 4 9 5
      3.86283849800564025537e-05 	 7 4 9 6
     -9.12189099441726002765e-04 	 7 4 9 7
      2.04787896699405242351e-05 	 7 4 9 8
      4.22633103125896443866e-04 	 7 4 9 9
      7.95324258969685028535e-04 	 7 5 1 1
      2.18441855194262427462e-06 	 7 5 2 1
      1.29391349063384805337e-03 	 7 5 2 2
      3.67679076283711445149e-05 	 7 5 3 1
     -5.69683008043297199298e-06 	 7 5 3 2
      9.90150002900594869404e-06 	 7 5 3 3
      8.85749452772104172296e-07 	 7 5 4 1
     -5.14397054091465073204e-05 	 7 5 4 2
     -3.33727309446326119054e-05 	 7 5 4 3
      1.77618108187198005601e-03 	 7 5 4 4
     -1.90785847286204586666e-05 	 7 5 5 1
     -4.35917202198705892716e-05 	 7 5 5 2
     -9.95835594306201740016e-06 	 7 5 5 3
      3.51427700440733837639e-05 	 7 5 5 4
     -1.78859797628210643282e-03 	 7 5 5 5
      2.44218852792799829036e-05 	 7 5 6 1
     -1.56272076963866341501e-06 	 7 5 6 2
      1.01408998777766894540e-05 	 7 5 6 3
     -1.94912029920557039497e-06 	 7 5 6 4
     -6.10436463017490994396e-06 	 7 5 6 5
      7.09321735152247407480e-04 	 7 5 6 6
     -4.85386843315638774458e-05 	 7 5 7 1
      8.75971340049498724354e-05 	 7 5 7 2
     -3.58239063121658517946e-05 	 7 5 7 3
     -1.05004775874014354663e-04 	 7 5 7 4
      1.19850897807621811840e-04 	 7 5 7 5
     -1.71069757991624040109e-06 	 7 5 7 6
     -1.85754647643899509397e-03 	 7 5 7 7
     -1.57742064269686401016e-07 	 7 5 8 1
     -2.97512025609625307965e-04 	 7 5 8 2
     -5.81044187633538837081e-07 	 7 5 8 3
     -9.35524857800174536543e-06 	 7 5 8 4
     -4.41019613447242615767e-05 	 7 5 8 5
      3.13256751230621614774e-07 	 7 5 8 6
      4.62005358636050536656e-05 	 7 5 8 7
      1.30335965414510009455e-03 	 7 5 8 8
      3.43244556532108736555e-05 	 7 5 9 1
     -3.35706721250151304259e-06 	 7 5 9 2
      9.10685133368066759157e-06 	 7 5 9 3
      2.78693542787628641827e-04 	 7 5 9 4
     -9.04737118490405144980e-05 	 7 5 9 5
     -5.89625829798003025731e-06 	 7 5 9 6
      8.24448504105955524285e-05 	 7 5 9 7
      4.26408771125515059742e-05 	 7 5 9 8
      1.40941908432936561894e-03 	 7 5 9 9
      2.33349455399395790264e-05 	 7 6 1 1
     -1.87627997441725650481e-07 	 7 6 2 1
      8.40191398896352045420e-04 	 7 6 2 2
      1.34724174354669817556e-05 	 7 6 3 1
     -3.59868233378247381708e-07 	 7 6 3 2
     -1.84255770218040175251e-04 	 7 6 3 3
      9.77528431573230219753e-05 	 7 6 4 1
      6.30161625600124136753e-06 	 7 6 4 2
     -1.67547415827500317193e-06 	 7 6 4 3
      7.83738145730882951150e-04 	 7 6 4 4
     -1.36488120094895773410e-06 	 7 6 5 1
     -1.22205009752115189221e-06 	 7 6 5 2
      7.96913415995155935051e-07 	 7 6 5 3
     -1.96130207329664030919e-05 	 7 6 5 4
      2.86688792359780873081e-04 	 7 6 5 5
      8.43944638486472550843e-05 	 7 6 6 1
     -2.66918551475081420685e-06 	 7 6 6 2
     -4.80120344553588850490e-06 	 7 6 6 3
      1.72739024568963915932e-05 	 7 6 6 4
      1.26751796047173322123e-05 	 7 6 6 5
      4.29211845992731686611e-04 	 7 6 6 6
     -4.61881785650089085105e-05 	 7 6 7 1
      1.58206152151510150627e-04 	 7 6 7 2
      2.34901402435308187858e-05 	 7 6 7 3
     -1.78781216879521918147e-04 	 7 6 7 4
     -1.71069757991353730719e-06 	 7 6 7 5
      3.20280035107440422585e-05 	 7 6 7 6
      1.72984710563195442402e-03 	 7 6 7 7
      1.55173831179923409516e-06 	 7 6 8 1
     -4.64161993610122676599e-05 	 7 6 8 2
      7.73404509592251711646e-07 	 7 6 8 3
     -1.20893100123005212815e-06 	 7 6 8 4
     -3.42228910868008152544e-05 	 7 6 8 5
      3.27153350858381993378e-06 	 7 6 8 6
      1.64632394678180909965e-05 	 7 6 8 7
      4.90473433818751163547e-04 	 7 6 8 8
      1.09302291598306974699e-05 	 7 6 9 1
     -9.10701855303603793966e-06 	 7 6 9 2
      7.62523167714885321953e-06 	 7 6 9 3
      2.05981323182611638777e-05 	 7 6 9 4
     -4.41871486099149374965e-05 	 7 6 9 5
      1.56294053252137703247e-05 	 7 6 9 6
      1.73541161611234314073e-05 	 7 6 9 7
     -9.08854824330031476807e-07 	 7 6 9 8
      1.02008872143663064519e-04 	 7 6 9 9
      2.02570365914834293886e-01 	 7 7 1 1
      1.33260816873049002052e-04 	 7 7 2 1
      2.98487132798577803339e-01 	 7 7 2 2
     -8.64347787241802030869e-04 	 7 7 3 1
      7.10393972968628543974e-04 	 7 7 3 2
      1.87106715601854600717e-01 	 7 7 3 3
      2.72079171804894860698e-03 	 7 7 4 1
      5.23647957223627880802e-03 	 7 7 4 2
      4.39188991126840996403e-04 	 7 7 4 3
      3.05611785430001725583e-01 	 7 7 4 4
     -1.12283600911483938465e-04 	 7 7 5 1
      1.12663253741185245653e-03 	 7 7 5 2
     -1.84314445581925615697e-04 	 7 7 5 3
     -2.04097915927475273210e-03 	 7 7 5 4
      1.68785817790842701536e-01 	 7 7 5 5
     -2.38853121457537802622e-03 	 7 7 6 1
      1.57849780913339336535e-04 	 7 7 6 2
      1.14963701238450640915e-03 	 7 7 6 3
      1.58334308016502747080e-03 	 7 7 6 4
     -1.43575548510691301200e-04 	 7 7 6 5
      1.44099793807815540481e-01 	 7 7 6 6
     -3.45914671709985927645e-03 	 7 7 7 1
      1.60128492459301642603e-02 	 7 7 7 2
      3.08765355973179573407e-03 	 7 7 7 3
     -1.47227069495931284226e-02 	 7 7 7 4
     -1.85754647643902436743e-03 	 7 7 7 5
      1.72984710563195290614e-03 	 7 7 7 6
      5.19502157208227788310e-01 	 7 7 7 7
      3.22354041108286707307e-04 	 7 7 8 1
     -1.80571061848592857163e-03 	 7 7 8 2
      2.80348283648073758490e-04 	 7 7 8 3
      5.77990703287121695975e-04 	 7 7 8 4
     -3.47348208711639174981e-03 	 7 7 8 5
     -3.73654853454328893638e-05 	 7 7 8 6
      2.22100780670069939890e-03 	 7 7 8 7
      1.93460637031511312189e-01 	 7 7 8 8
      2.34830277630429778285e-03 	 7 7 9 1
     -1.40942774413341785113e-03 	 7 7 9 2
      1.02011327888434661509e-04 	 7 7 9 3
     -4.22618137883664268979e-04 	 7 7 9 4
     -3.64692578902137869504e-03 	 7 7 9 5
     -4.72647180280133083052e-04 	 7 7 9 6
      2.45259257796955065789e-03 	 7 7 9 7
      5.21085365952644072145e-04 	 7 7 9 8
      1.91214598795455770208e-01 	 7 7 9 9
      5.19345372458828911065e-04 	 8 1 1 1
      2.59954917117570556768e-06 	 8 1 2 1
      2.46306820719964074203e-06 	 8 1 2 2
      3.11222321167766639675e-05 	 8 1 3 1
      2.28674763874589156908e-06 	 8 1 3 2
      1.18214420542562277780e-05 	 8 1 3 3
     -4.23807293617327638735e-05 	 8 1 4 1
      8.74578353341981203951e-06 	 8 1 4 2
     -1.05199192763478695538e-05 	 8 1 4 3
      3.96792616445401972146e-04 	 8 1 4 4
      2.59932879297640800009e-06 	 8 1 5 1
      3.44475833813372199835e-05 	 8 1 5 2
     -8.76946811348593127433e-07 	 8 1 5 3
      8.74538297012102915356e-06 	 8 1 5 4
      2.46740788569690905704e-06 	 8 1 5 5
     -3.11222445979522757730e-05 	 8 1 6 1
      8.76959887779369943230e-07 	 8 1 6 2
      4.27315969770138714989e-06 	 8 1 6 3
      1.05199919566974690692e-05 	 8 1 6 4
     -2.28680994128734218810e-06 	 8 1 6 5
      1.18230982335714204762e-05 	 8 1 6 6
     -8.31694003772898134499e-06 	 8 1 7 1
      6.65401686426113331925e-05 	 8 1 7 2
     -2.78051662051765292331e-08 	 8 1 7 3
     -3.68192665634153721874e-06 	 8 1 7 4
     -1.57742064278709445956e-07 	 8 1 7 5
      1.55173831179923621274e-06 	 8 1 7 6
      3.22354041108308553981e-04 	 8 1 7 7
      1.52950611612985549028e-05 	 8 1 8 1
      2.98932007220157160751e-05 	 8 1 8 2
      5.39597586487863510460e-06 	 8 1 8 3
      2.88657045586151469281e-05 	 8 1 8 4
      2.98925992931843471651e-05 	 8 1 8 5
     -5.39598182298499513923e-06 	 8 1 8 6
      3.45846685420070937508e-06 	 8 1 8 7
     -1.53026385695408714133e-03 	 8 1 8 8
      8.31686551828287301254e-06 	 8 1 9 1
      1.57663858992610292217e-07 	 8 1 9 2
      1.55176054319122280074e-06 	 8 1 9 3
      3.68112462552786846338e-06 	 8 1 9 4
     -6.65404295228325131815e-05 	 8 1 9 5
     -2.78376863880661364133e-08 	 8 1 9 6
     -1.17735302772990238554e-06 	 8 1 9 7
     -3.45888095310495275838e-06 	 8 1 9 8
      3.22350838771917646338e-04 	 8 1 9 9
     -1.15965709615194851809e-03 	 8 2 1 1
      4.91712885116668419329e-05 	 8 2 2 1
     -1.58311865425507652949e-02 	 8 2 2 2
     -3.35001931222637602554e-05 	 8 2 3 1
      6.63112236748948993825e-05 	 8 2 3 2
     -2.80066215275269763015e-04 	 8 2 3 3
     -1.98132146497262027433e-04 	 8 2 4 1
      4.33946223031547273323e-04 	 8 2 4 2
      8.53447659360559752486e-06 	 8 2 4 3
     -3.85958763356016986562e-03 	 8 2 4 4
      3.70139658581765458481e-05 	 8 2 5 1
      6.94224072738968181993e-04 	 8 2 5 2
      8.53262854551208133557e-06 	 8 2 5 3
      1.35598581721242206297e-05 	 8 2 5 4
     -1.95606742520352790485e-03 	 8 2 5 5
      3.45061233873013744114e-07 	 8 2 6 1
      1.66874688070400679723e-05 	 8 2 6 2
     -1.04619220493092241890e-05 	 8 2 6 3
      1.71134653294568722518e-05 	 8 2 6 4
     -1.71395524110402747605e-06 	 8 2 6 5
     -8.84658724868659100855e-04 	 8 2 6 6
      1.87664379445500530434e-04 	 8 2 7 1
      5.39884104269507873568e-04 	 8 2 7 2
      1.26269870527945580032e-05 	 8 2 7 3
      6.37862492694695262796e-04 	 8 2 7 4
     -2.97512025609571911008e-04 	 8 2 7 5
     -4.64161993610072600011e-05 	 8 2 7 6
     -1.80571061848610703131e-03 	 8 2 7 7
      2.98932007220175151730e-05 	 8 2 8 1
      7.00679570371100061965e-03 	 8 2 8 2
     -1.47860818663384089883e-05 	 8 2 8 3
     -2.75683885762119185788e-05 	 8 2 8 4
     -5.81274267328496909227e-04 	 8 2 8 5
     -3.65331090956804644993e-05 	 8 2 8 6
     -6.73464760308550847157e-04 	 8 2 8 7
     -1.57357195380360762038e-02 	 8 2 8 8
     -1.15368159360457471670e-04 	 8 2 9 1
      4.41019337615878437428e-05 	 8 2 9 2
     -3.42228561931100748721e-05 	 8 2 9 3
     -4.67302659964881361449e-04 	 8 2 9 4
      6.50418276787737633000e-04 	 8 2 9 5
     -4.97604604412519235194e-06 	 8 2 9 6
     -1.03424068949808689892e-04 	 8 2 9 7
     -4.23770701520280522294e-04 	 8 2 9 8
     -3.47347916658090772463e-03 	 8 2 9 9
     -3.33184830011553357308e-05 	 8 3 1 1
      5.59996452193405976674e-07 	 8 3 2 1
      1.42849562823418744020e-04 	 8 3 2 2
     -2.55367121147887946863e-06 	 8 3 3 1
      1.31647846492945144617e-05 	 8 3 3 2
     -1.14931958422284544001e-03 	 8 3 3 3
     -1.66116319218712152903e-05 	 8 3 4 1
      6.41151496992142777407e-06 	 8 3 4 2
     -1.23824065684438278193e-05 	 8 3 4 3
      2.12025087939495302620e-04 	 8 3 4 4
      7.75780566135006692982e-08 	 8 3 5 1
      1.15237653363686492114e-05 	 8 3 5 2
     -2.12751695465150200584e-06 	 8 3 5 3
      2.75869570895291454863e-07 	 8 3 5 4
     -1.32286028097809439099e-04 	 8 3 5 5
     -1.22666120867303473950e-06 	 8 3 6 1
      2.87737820987205876323e-07 	 8 3 6 2
      8.41219939958985060734e-06 	 8 3 6 3
      4.91526275869502524303e-06 	 8 3 6 4
     -9.54412318740638117022e-07 	 8 3 6 5
     -5.74958791547438413921e-05 	 8 3 6 6
     -5.33739538033814624510e-06 	 8 3 7 1
      1.88924080835677665508e-05 	 8 3 7 2
     -1.46814051536803386700e-05 	 8 3 7 3
     -7.42611480363863018047e-06 	 8 3 7 4
     -5.81044187634935276774e-07 	 8 3 7 5
      7.73404509592298616095e-07 	 8 3 7 6
      2.80348283648074517432e-04 	 8 3 7 7
      5.39597586487864526900e-06 	 8 3 8 1
     -1.47860818663401454059e-05 	 8 3 8 2
      6.56960942534893898296e-06 	 8 3 8 3
      1.00724921064583418856e-05 	 8 3 8 4
      3.65330385322821122587e-05 	 8 3 8 5
     -1.84509260679067941209e-06 	 8 3 8 6
      6.32366802531470203010e-06 	 8 3 8 7
     -5.86952099750397246654e-04 	 8 3 8 8
      6.92779832911009581015e-06 	 8 3 9 1
      3.13325648958324979712e-07 	 8 3 9 2
     -3.27106013812132215773e-06 	 8 3 9 3
     -2.18823990679443706052e-06 	 8 3 9 4
     -1.67046096703365150120e-05 	 8 3 9 5
     -1.18286294560876457214e-06 	 8 3 9 6
      1.66358412952541069306e-06 	 8 3 9 7
      5.07710715963616609017e-06 	 8 3 9 8
      3.73606989009588703540e-05 	 8 3 9 9
     -1.53955154496622850790e-03 	 8 4 1 1
      3.37736507656269753828e-06 	 8 4 2 1
      9.13626044627323928050e-04 	 8 4 2 2
     -3.58764975589486592527e-05 	 8 4 3 1
      1.56459820347405380830e-06 	 8 4 3 2
     -5.86484744721040441445e-04 	 8 4 3 3
      7.10722163835516743775e-05 	 8 4 4 1
      6.04321701356420792266e-05 	 8 4 4 2
      6.89541582738036675513e-05 	 8 4 4 3
     -4.19589877840682683174e-03 	 8 4 4 4
      3.37675271911651120346e-06 	 8 4 5 1
      5.67227965178401457875e-05 	 8 4 5 2
      1.84518790684245864687e-06 	 8 4 5 3
      6.04312537612010895619e-05 	 8 4 5 4
      9.13624802916870610431e-04 	 8 4 5 5
      3.58761381385139943448e-05 	 8 4 6 1
     -1.84521628038032807076e-06 	 8 4 6 2
     -1.15586254405248306412e-05 	 8 4 6 3
     -6.89532367105359400876e-05 	 8 4 6 4
     -1.56478975135336543800e-06 	 8 4 6 5
     -5.86486593554470976575e-04 	 8 4 6 6
      2.48796565397905138214e-05 	 8 4 7 1
      2.74213587668691580797e-04 	 8 4 7 2
      2.60508549635979342165e-05 	 8 4 7 3
      3.06393999208459680297e-06 	 8 4 7 4
     -9.35524857804436128707e-06 	 8 4 7 5
     -1.20893100123081678714e-06 	 8 4 7 6
      5.77990703287207564787e-04 	 8 4 7 7
      2.88657045586164073131e-05 	 8 4 8 1
     -2.75683885762028587144e-05 	 8 4 8 2
      1.00724921064583384974e-05 	 8 4 8 3
      1.77967946044697183147e-04 	 8 4 8 4
     -2.75692359601147791439e-05 	 8 4 8 5
     -1.00726443287825125365e-05 	 8 4 8 6
      5.25119029293308784236e-05 	 8 4 8 7
     -2.71391845580899564172e-03 	 8 4 8 8
     -2.48801288505112634393e-05 	 8 4 9 1
      9.35520038166366749274e-06 	 8 4 9 2
     -1.20925980682373498959e-06 	 8 4 9 3
     -3.06554626012351075456e-06 	 8 4 9 4
     -2.74213144585766142002e-04 	 8 4 9 5
      2.60509562656478262229e-05 	 8 4 9 6
     -1.01183944753195322790e-04 	 8 4 9 7
     -5.25113955525545025231e-05 	 8 4 9 8
      5.77986256177540069778e-04 	 8 4 9 9
     -1.15965548138043193088e-03 	 8 5 1 1
      3.70137593974450323695e-05 	 8 5 2 1
     -1.95606145424552469933e-03 	 8 5 2 2
     -3.44901923573090487002e-07 	 8 5 3 1
      1.71377260624242713224e-06 	 8 5 3 2
     -8.84658656565919226250e-04 	 8 5 3 3
     -1.98132534920493946816e-04 	 8 5 4 1
      1.35594817536802374739e-05 	 8 5 4 2
     -1.71132956934497707435e-05 	 8 5 4 3
     -3.85958636993842052823e-03 	 8 5 4 4
      4.91724636691639796211e-05 	 8 5 5 1
      6.94221965248166951283e-04 	 8 5 5 2
     -1.66882162241329758438e-05 	 8 5 5 3
      4.33948415566017063182e-04 	 8 5 5 4
     -1.58311669719666259226e-02 	 8 5 5 5
      3.35002445993774289681e-05 	 8 5 6 1
     -8.53281310298372897981e-06 	 8 5 6 2
     -1.04619021795534675412e-05 	 8 5 6 3
     -8.53434989714020070413e-06 	 8 5 6 4
     -6.63108505680252399749e-05 	 8 5 6 5
     -2.80064860404818309191e-04 	 8 5 6 6
      1.15368424903506961972e-04 	 8 5 7 1
     -6.50419048375808412678e-04 	 8 5 7 2
     -4.97607153591718449898e-06 	 8 5 7 3
      4.67302968981754486728e-04 	 8 5 7 4
     -4.41019613446690824624e-05 	 8 5 7 5
     -3.42228910867988433617e-05 	 8 5 7 6
     -3.47348208711659601350e-03 	 8 5 7 7
      2.98925992931794140453e-05 	 8 5 8 1
     -5.81274267328429146591e-04 	 8 5 8 2
      3.65330385322819631809e-05 	 8 5 8 3
     -2.75692359601407152928e-05 	 8 5 8 4
      7.00678828484290524420e-03 	 8 5 8 5
      1.47861650854469185826e-05 	 8 5 8 6
      4.23770630273771721150e-04 	 8 5 8 7
     -1.57356869049379913261e-02 	 8 5 8 8
     -1.87664679702300015926e-04 	 8 5 9 1
      2.97511326611553589879e-04 	 8 5 9 2
     -4.64159946751441525228e-05 	 8 5 9 3
     -6.37861845470326003192e-04 	 8 5 9 4
     -5.39885844843451746973e-04 	 8 5 9 5
      1.26270948674754081455e-05 	 8 5 9 6
     -1.03424382441527913765e-04 	 8 5 9 7
      6.73465684199868463988e-04 	 8 5 9 8
     -1.80569634350189020706e-03 	 8 5 9 9
      3.33212843545416508712e-05 	 8 6 1 1
     -7.75480962449304208342e-08 	 8 6 2 1
      1.32281748867119427907e-04 	 8 6 2 2
     -1.22661740779661285981e-06 	 8 6 3 1
     -9.54396899200542247251e-07 	 8 6 3 2
      5.74972801742218916367e-05 	 8 6 3 3
      1.66115596039837987098e-05 	 8 6 4 1
     -2.75858447635754304288e-07 	 8 6 4 2
      4.91520863280395109711e-06 	 8 6 4 3
     -2.12023292570369202960e-04 	 8 6 4 4
     -5.59949848285141689799e-07 	 8 6 5 1
     -1.15238652715551689204e-05 	 8 6 5 2
      2.87658270631097508659e-07 	 8 6 5 3
     -6.41142932387717111862e-06 	 8 6 5 4
     -1.42847170828017458726e-04 	 8 6 5 5
     -2.55330635126264250673e-06 	 8 6 6 1
     -2.12752689717381752687e-06 	 8 6 6 2
     -8.41207032014225178655e-06 	 8 6 6 3
     -1.23822480142308915532e-05 	 8 6 6 4
      1.31648588940530912979e-05 	 8 6 6 5
      1.14932260496417959321e-03 	 8 6 6 6
      6.92777692405759201228e-06 	 8 6 7 1
     -1.67049606156492830527e-05 	 8 6 7 2
      1.18279394564092323794e-06 	 8 6 7 3
     -2.18802252795959741464e-06 	 8 6 7 4
      3.13256751232369943717e-07 	 8 6 7 5
      3.27153350858390082543e-06 	 8 6 7 6
     -3.73654853454371313048e-05 	 8 6 7 7
     -5.39598182298494008209e-06 	 8 6 8 1
     -3.65331090956806339059e-05 	 8 6 8 2
     -1.84509260679065569517e-06 	 8 6 8 3
     -1.00726443287820822438e-05 	 8 6 8 4
      1.47861650854452804209e-05 	 8 6 8 5
      6.56917423186037620011e-06 	 8 6 8 6
      5.07701398614499972370e-06 	 8 6 8 7
      5.86952779649011218040e-04 	 8 6 8 8
     -5.33733458408430329128e-06 	 8 6 9 1
     -5.81225910886194149580e-07 	 8 6 9 2
     -7.73395591072940625265e-07 	 8 6 9 3
     -7.42578327516994499895e-06 	 8 6 9 4
      1.88922316707651130477e-05 	 8 6 9 5
      1.46810883501293472429e-05 	 8 6 9 6
     -1.66352153029745764304e-06 	 8 6 9 7
      6.32363986310080473333e-06 	 8 6 9 8
     -2.80344818520155704931e-04 	 8 6 9 9
     -9.43309569659879737329e-04 	 8 7 1 1
      4.47965178117119548653e-05 	 8 7 2 1
      6.24834624946664016210e-03 	 8 7 2 2
      2.10159336876729547008e-05 	 8 7 3 1
     -9.48504064194458252214e-07 	 8 7 3 2
     -9.77484866671623608275e-04 	 8 7 3 3
      6.35542765988095253353e-05 	 8 7 4 1
      9.00802585676538516242e-05 	 8 7 4 2
      5.34469732964496285543e-06 	 8 7 4 3
     -9.16976314035274466321e-04 	 8 7 4 4
     -3.43241322770143748134e-06 	 8 7 5 1
     -6.42535333666156133463e-05 	 8 7 5 2
     -6.84658881799105502043e-07 	 8 7 5 3
      2.59028450891930320005e-05 	 8 7 5 4
     -1.11402026010488865333e-03 	 8 7 5 5
      2.21454646942776582717e-05 	 8 7 6 1
     -1.79011264435710170002e-05 	 8 7 6 2
     -8.01017783636237726112e-06 	 8 7 6 3
     -2.43365325176003438731e-05 	 8 7 6 4
     -8.87863116717958187077e-07 	 8 7 6 5
     -5.05396923526935343100e-04 	 8 7 6 6
      1.18866049059954883308e-05 	 8 7 7 1
      7.53782882403726951608e-04 	 8 7 7 2
      7.08107199113579928104e-05 	 8 7 7 3
      3.63228899789731058366e-04 	 8 7 7 4
      4.62005358635646535821e-05 	 8 7 7 5
      1.64632394678168543284e-05 	 8 7 7 6
      2.22100780670075187428e-03 	 8 7 7 7
      3.45846685420334788271e-06 	 8 7 8 1
     -6.73464760308520489496e-04 	 8 7 8 2
      6.32366802531459445692e-06 	 8 7 8 3
      5.25119029293407175584e-05 	 8 7 8 4
      4.23770630273793947294e-04 	 8 7 8 5
      5.07701398614407137559e-06 	 8 7 8 6
      3.90279693690830954949e-04 	 8 7 8 7
      1.41093923455781560493e-03 	 8 7 8 8
     -1.32900282691517135255e-05 	 8 7 9 1
      4.26408110580768921261e-05 	 8 7 9 2
      9.08856066994424591420e-07 	 8 7 9 3
      2.04785501977678315304e-05 	 8 7 9 4
     -4.43664177194694626374e-05 	 8 7 9 5
      4.53866576573816598596e-06 	 8 7 9 6
     -1.02403792236065692162e-04 	 8 7 9 7
      9.32442338684526294060e-05 	 8 7 9 8
     -5.21100086601580759701e-04 	 8 7 9 9
      1.21056939676462915756e-01 	 8 8 1 1
      6.74332212800833846571e-05 	 8 8 2 1
      2.97438547526610086447e-01 	 8 8 2 2
      3.97703896641850025272e-04 	 8 8 3 1
     -2.36244815958076018409e-04 	 8 8 3 2
      1.04395599747342054942e-01 	 8 8 3 3
      2.66476364349498267420e-03 	 8 8 4 1
     -1.38033284953753792972e-03 	 8 8 4 2
     -5.54249514286098721871e-06 	 8 8 4 3
      1.75627208668033940597e-01 	 8 8 4 4
      6.74308853644495838787e-05 	 8 8 5 1
     -6.36015568690355068138e-03 	 8 8 5 2
      2.30784049513781195761e-04 	 8 8 5 3
     -1.38033916585966927315e-03 	 8 8 5 4
      2.97438493259395309032e-01 	 8 8 5 5
     -3.97704287140721111492e-04 	 8 8 6 1
     -2.30782843461375979837e-04 	 8 8 6 2
      4.87165476387334652267e-04 	 8 8 6 3
      5.54048667351083792544e-06 	 8 8 6 4
      2.36245677293384434428e-04 	 8 8 6 5
      1.04395602010775107038e-01 	 8 8 6 6
     -1.57494287886273862630e-03 	 8 8 7 1
      2.17102009264932968233e-03 	 8 8 7 2
      5.48206450391501847082e-04 	 8 8 7 3
     -2.86816597624272272282e-03 	 8 8 7 4
      1.30335965414518357812e-03 	 8 8 7 5
      4.90473433818755717196e-04 	 8 8 7 6
      1.93460637031511090145e-01 	 8 8 7 7
     -1.53026385695408627396e-03 	 8 8 8 1
     -1.57357195380361664094e-02 	 8 8 8 2
     -5.86952099750397463494e-04 	 8 8 8 3
     -2.71391845580900778478e-03 	 8 8 8 4
     -1.57356869049381856152e-02 	 8 8 8 5
      5.86952779649013711705e-04 	 8 8 8 6
      1.41093923455776811687e-03 	 8 8 8 7
      5.17967979257506483393e-01 	 8 8 8 8
      1.57494331726323443660e-03 	 8 8 9 1
     -1.30336128647889708775e-03 	 8 8 9 2
      4.90472510708636014881e-04 	 8 8 9 3
      2.86816827554476488915e-03 	 8 8 9 4
     -2.17101669599291478147e-03 	 8 8 9 5
      5.48204309655048183103e-04 	 8 8 9 6
     -2.71134609997185870283e-04 	 8 8 9 7
     -1.41092951169441167131e-03 	 8 8 9 8
      1.93460581680645532510e-01 	 8 8 9 9
     -5.24609094381689889525e-03 	 9 1 1 1
     -2.38151050541223886054e-05 	 9 1 2 1
      1.73814050167110873205e-03 	 9 1 2 2
     -2.41458892920633013562e-05 	 9 1 3 1
      1.55287901497855646460e-05 	 9 1 3 2
     -1.44771081025596047229e-03 	 9 1 3 3
     -3.16482496360273449828e-04 	 9 1 4 1
     -1.30567664349640599460e-05 	 9 1 4 2
      2.31353712085333514277e-05 	 9 1 4 3
      5.02989844917009400888e-03 	 9 1 4 4
      6.75815170463046025758e-06 	 9 1 5 1
     -6.23417998170170292548e-06 	 9 1 5 2
     -5.53523491686304439763e-06 	 9 1 5 3
     -3.32013010145096467514e-05 	 9 1 5 4
      1.50268278120836251514e-03 	 9 1 5 5
     -4.11419470638773611924e-04 	 9 1 6 1
      7.45816131513545875394e-06 	 9 1 6 2
     -4.21388531280289779226e-05 	 9 1 6 3
      8.47841248218726256094e-05 	 9 1 6 4
     -1.26962351060966648433e-05 	 9 1 6 5
     -3.82833068015931863790e-03 	 9 1 6 6
     -1.77190319854044511750e-04 	 9 1 7 1
      8.49542727777100200280e-05 	 9 1 7 2
     -1.03402083084838156650e-05 	 9 1 7 3
     -2.12716229588839314708e-04 	 9 1 7 4
      3.43244556532039889717e-05 	 9 1 7 5
      1.09302291598342499261e-05 	 9 1 7 6
      2.34830277630433030892e-03 	 9 1 7 7
      8.31686551828469074524e-06 	 9 1 8 1
     -1.15368159360467690275e-04 	 9 1 8 2
      6.92779832911086999826e-06 	 9 1 8 3
     -2.48801288505104604520e-05 	 9 1 8 4
     -1.87664679702294784651e-04 	 9 1 8 5
     -5.33733458408516557082e-06 	 9 1 8 6
     -1.32900282691565500837e-05 	 9 1 8 7
      1.57494331726322858191e-03 	 9 1 8 8
      4.07946276922483710113e-04 	 9 1 9 1
     -4.85390231705621662131e-05 	 9 1 9 2
      4.61881604401291173114e-05 	 9 1 9 3
      7.74085468075617530968e-04 	 9 1 9 4
     -2.61000750890889399256e-04 	 9 1 9 5
      9.06231961667058544068e-06 	 9 1 9 6
      1.73223637319010084594e-04 	 9 1 9 7
      1.18858617687358465378e-05 	 9 1 9 8
      3.45914829882252054458e-03 	 9 1 9 9
     -7.95322233512801976194e-04 	 9 2 1 1
      1.90783688492393148925e-05 	 9 2 2 1
      1.78858400912294953841e-03 	 9 2 2 2
      2.44219050632702553458e-05 	 9 2 3 1
     -6.10414355570169506659e-06 	 9 2 3 2
     -7.09321495306098606312e-04 	 9 2 3 3
     -8.85967760437115599883e-07 	 9 2 4 1
     -3.51435120350718661073e-05 	 9 2 4 2
     -1.94911491023717789198e-06 	 9 2 4 3
     -1.77618186381605486744e-03 	 9 2 4 4
     -2.18443380750062201434e-06 	 9 2 5 1
      4.35914263645404852134e-05 	 9 2 5 2
     -1.56262008472774941284e-06 	 9 2 5 3
      5.14391021239009427310e-05 	 9 2 5 4
     -1.29391396511515104246e-03 	 9 2 5 5
      3.67679034253717051451e-05 	 9 2 6 1
     -9.95890750205776760322e-06 	 9 2 6 2
     -1.01408977599833372696e-05 	 9 2 6 3
     -3.33726848582158245856e-05 	 9 2 6 4
     -5.69702231435497127773e-06 	 9 2 6 5
     -9.90035694097523750220e-06 	 9 2 6 6
      3.43243242958555760101e-05 	 9 2 7 1
     -9.04747820462081076649e-05 	 9 2 7 2
      5.89637659911027301596e-06 	 9 2 7 3
      2.78694081469625111989e-04 	 9 2 7 4
     -3.35706721246988652640e-06 	 9 2 7 5
     -9.10701855303540435901e-06 	 9 2 7 6
     -1.40942774413343454784e-03 	 9 2 7 7
      1.57663858989910427637e-07 	 9 2 8 1
      4.41019337615620194023e-05 	 9 2 8 2
      3.13325648957874305244e-07 	 9 2 8 3
      9.35520038166115688709e-06 	 9 2 8 4
      2.97511326611532122676e-04 	 9 2 8 5
     -5.81225910885415938060e-07 	 9 2 8 6
      4.26408110580856402824e-05 	 9 2 8 7
     -1.30336128647889470250e-03 	 9 2 8 8
     -4.85390231705702570719e-05 	 9 2 9 1
      1.19850508108910536534e-04 	 9 2 9 2
      1.71071085336699933285e-06 	 9 2 9 3
     -1.05005224964206404152e-04 	 9 2 9 4
      8.75978520661530892216e-05 	 9 2 9 5
      3.58239371439400650326e-05 	 9 2 9 6
     -8.24447770509909201586e-05 	 9 2 9 7
      4.62005610980390757337e-05 	 9 2 9 8
      1.85754285488057106768e-03 	 9 2 9 9
      2.33335272734628014599e-05 	 9 3 1 1
     -1.36485452177413574099e-06 	 9 3 2 1
      2.86690886278512528824e-04 	 9 3 2 2
     -8.43944376802615323172e-05 	 9 3 3 1
     -1.26751829837820790685e-05 	 9 3 3 2
      4.29218087387639153727e-04 	 9 3 3 3
      9.77531501927468408648e-05 	 9 3 4 1
     -1.96129466756965786030e-05 	 9 3 4 2
     -1.72739760391832379214e-05 	 9 3 4 3
      7.83736858744133032748e-04 	 9 3 4 4
     -1.87765837201028162046e-07 	 9 3 5 1
     -1.22191951344315520314e-06 	 9 3 5 2
      2.66907876990767452740e-06 	 9 3 5 3
      6.30112774764322292032e-06 	 9 3 5 4
      8.40187349110507156365e-04 	 9 3 5 5
     -1.34723989728082947875e-05 	 9 3 6 1
     -7.96882986399338399548e-07 	 9 3 6 2
     -4.80124923773311428917e-06 	 9 3 6 3
      1.67533272823071886091e-06 	 9 3 6 4
      3.59968121896424629441e-07 	 9 3 6 5
     -1.84255603731928088024e-04 	 9 3 6 6
     -1.09302228211030962588e-05 	 9 3 7 1
      4.41873766236406629259e-05 	 9 3 7 2
      1.56290542725945859272e-05 	 9 3 7 3
     -2.05980095222228217584e-05 	 9 3 7 4
      9.10685133367964945797e-06 	 9 3 7 5
      7.62523167715006278258e-06 	 9 3 7 6
      1.02011327888446452208e-04 	 9 3 7 7
      1.55176054319176596062e-06 	 9 3 8 1
     -3.42228561931130293230e-05 	 9 3 8 2
     -3.27106013812110743487e-06 	 9 3 8 3
     -1.20925980682250509775e-06 	 9 3 8 4
     -4.64159946751444777834e-05 	 9 3 8 5
     -7.73395591073184253117e-07 	 9 3 8 6
      9.08856066992686691571e-07 	 9 3 8 7
      4.90472510708635798041e-04 	 9 3 8 8
      4.61881604401278162688e-05 	 9 3 9 1
      1.71071085336916964302e-06 	 9 3 9 2
      3.20286026023511825878e-05 	 9 3 9 3
      1.78780468900762936789e-04 	 9 3 9 4
     -1.58205858756639252327e-04 	 9 3 9 5
      2.34900224187764168605e-05 	 9 3 9 6
      1.73542706821620926379e-05 	 9 3 9 7
     -1.64634615385020051208e-05 	 9 3 9 8
      1.72984196917668029032e-03 	 9 3 9 9
      9.69649846595585789173e-04 	 9 4 1 1
     -3.15474916674587550292e-06 	 9 4 2 1
      2.44256514687368753158e-03 	 9 4 2 2
      4.05480006375034615369e-04 	 9 4 3 1
     -1.00396919009177377927e-05 	 9 4 3 2
     -1.35301117222174846488e-03 	 9 4 3 3
      1.08768548574101329464e-03 	 9 4 4 1
     -5.99207307784356416405e-04 	 9 4 4 2
     -8.19392929321939935978e-05 	 9 4 4 3
      1.27254289925615732965e-02 	 9 4 4 4
     -1.13472946432173829590e-04 	 9 4 5 1
     -3.62167833171869052184e-05 	 9 4 5 2
     -4.04344987062085919091e-05 	 9 4 5 3
      5.05800105911613615169e-04 	 9 4 5 4
      1.43159327247439037423e-03 	 9 4 5 5
      3.95451246696025700798e-04 	 9 4 6 1
      1.69269367963055414623e-06 	 9 4 6 2
      2.36166650642846486863e-05 	 9 4 6 3
     -2.92338476678419235608e-04 	 9 4 6 4
     -9.83697355807035457185e-06 	 9 4 6 5
      3.20285997435686099408e-03 	 9 4 6 6
     -2.12715974159341720314e-04 	 9 4 7 1
      5.38619828446777379992e-04 	 9 4 7 2
     -3.86283515998512948361e-05 	 9 4 7 3
      1.48494771901416106052e-03 	 9 4 7 4
      2.78693542787575136450e-04 	 9 4 7 5
      2.05981323182698950933e-05 	 9 4 7 6
     -4.22618137883629682930e-04 	 9 4 7 7
      3.68112462553722055416e-06 	 9 4 8 1
     -4.67302659964881524080e-04 	 9 4 8 2
     -2.18823990679133819048e-06 	 9 4 8 3
     -3.06554626011809313183e-06 	 9 4 8 4
     -6.37861845470260192120e-04 	 9 4 8 5
     -7.42578327517285286305e-06 	 9 4 8 6
      2.04785501977524358596e-05 	 9 4 8 7
      2.86816827554484078330e-03 	 9 4 8 8
      7.74085468075631625597e-04 	 9 4 9 1
     -1.05005224964184245770e-04 	 9 4 9 2
      1.78780468900768872795e-04 	 9 4 9 3
      6.80719275148094701833e-03 	 9 4 9 4
      4.59441298013025059034e-04 	 9 4 9 5
     -3.35833602683180943945e-05 	 9 4 9 6
      9.12190542034789237508e-04 	 9 4 9 7
      3.63229172164228797555e-04 	 9 4 9 8
      1.47227227912124902093e-02 	 9 4 9 9
      1.37201915448098522507e-03 	 9 5 1 1
      3.00856349236847348070e-05 	 9 5 2 1
     -3.65496740191246323112e-03 	 9 5 2 2
      6.14504252225098619158e-05 	 9 5 3 1
      3.06386779038356177302e-06 	 9 5 3 2
      2.70229316823271425215e-04 	 9 5 3 3
     -5.87742128948030568940e-04 	 9 5 4 1
      2.89084440098504777655e-05 	 9 5 4 2
     -1.21613464660350401102e-04 	 9 5 4 3
     -2.96963671545273123764e-03 	 9 5 4 4
     -1.05298785003131095748e-04 	 9 5 5 1
     -3.93826974221888714660e-04 	 9 5 5 2
     -8.81112944774423025149e-06 	 9 5 5 3
     -6.47021489923818430602e-04 	 9 5 5 4
     -1.64319219812989782137e-02 	 9 5 5 5
      1.16590862935595315384e-04 	 9 5 6 1
     -4.75858171792075712624e-06 	 9 5 6 2
      1.69100935908112304880e-05 	 9 5 6 3
      2.35750260020534533928e-05 	 9 5 6 4
      6.81543908032345661235e-05 	 9 5 6 5
      2.51453943032017845916e-03 	 9 5 6 6
      8.49543757053714768818e-05 	 9 5 7 1
     -4.95412518143179166075e-04 	 9 5 7 2
     -3.54767394741190540491e-05 	 9 5 7 3
      5.38620210803706918161e-04 	 9 5 7 4
     -9.04737118489293837753e-05 	 9 5 7 5
     -4.41871486099147342086e-05 	 9 5 7 6
     -3.64692578902152701389e-03 	 9 5 7 7
     -6.65404295228390997097e-05 	 9 5 8 1
      6.50418276787723321532e-04 	 9 5 8 2
     -1.67046096703392018005e-05 	 9 5 8 3
     -2.74213144585771942483e-04 	 9 5 8 4
     -5.39885844843594753240e-04 	 9 5 8 5
      1.88922316707667766204e-05 	 9 5 8 6
     -4.43664177194638722200e-05 	 9 5 8 7
     -2.17101669599299371138e-03 	 9 5 8 8
     -2.61000750890867335742e-04 	 9 5 9 1
      8.75978520660949488801e-05 	 9 5 9 2
     -1.58205858756637951284e-04 	 9 5 9 3
      4.59441298013167631620e-04 	 9 5 9 4
      7.23172263154430762511e-03 	 9 5 9 5
     -2.99181055034585484647e-04 	 9 5 9 6
      3.50550149577331785801e-04 	 9 5 9 7
      7.53784980917642432816e-04 	 9 5 9 8
     -1.60128371563793801824e-02 	 9 5 9 9
     -1.75927367512529963210e-03 	 9 6 1 1
     -2.47151345271430379326e-06 	 9 6 2 1
      6.16376534403727943667e-05 	 9 6 2 2
     -9.59974070027379451642e-06 	 9 6 3 1
     -4.35031945279372527738e-06 	 9 6 3 2
     -9.41206708607171841849e-04 	 9 6 3 3
      1.95465883340656941015e-04 	 9 6 4 1
     -1.92400378240963555092e-05 	 9 6 4 2
      3.38372695064359413114e-05 	 9 6 4 3
     -1.06977153450343691332e-03 	 9 6 4 4
      8.40491972366301362183e-06 	 9 6 5 1
      5.95813170847914960217e-06 	 9 6 5 2
      4.51827639645738247845e-06 	 9 6 5 3
      4.58574649858485767270e-05 	 9 6 5 4
      1.63140844823413621277e-03 	 9 6 5 5
     -1.34365578765522708862e-04 	 9 6 6 1
     -7.55732896128524085194e-06 	 9 6 6 2
     -6.72292731217966933743e-05 	 9 6 6 3
     -7.58798450996792382987e-05 	 9 6 6 4
      4.60252104045647637354e-05 	 9 6 6 5
      2.77667762736063215845e-03 	 9 6 6 6
      1.03403223511400867509e-05 	 9 6 7 1
      3.54763556121462334957e-05 	 9 6 7 2
      1.60464282312056179150e-05 	 9 6 7 3
      3.86283849800571005089e-05 	 9 6 7 4
     -5.89625829798158371573e-06 	 9 6 7 5
      1.56294053252132451642e-05 	 9 6 7 6
     -4.72647180280132540951e-04 	 9 6 7 7
     -2.78376863884421727197e-08 	 9 6 8 1
     -4.97604604412391756735e-06 	 9 6 8 2
     -1.18286294560892169675e-06 	 9 6 8 3
      2.60509562656474094827e-05 	 9 6 8 4
      1.26270948674729026220e-05 	 9 6 8 5
      1.46810883501295149554e-05 	 9 6 8 6
      4.53866576573909094594e-06 	 9 6 8 7
      5.48204309655048833624e-04 	 9 6 8 8
      9.06231961667312653952e-06 	 9 6 9 1
      3.58239371439377407742e-05 	 9 6 9 2
      2.34900224187767217923e-05 	 9 6 9 3
     -3.35833602683068390207e-05 	 9 6 9 4
     -2.99181055034586731479e-04 	 9 6 9 5
      1.38838888345612878521e-04 	 9 6 9 6
     -6.61885910550406148228e-05 	 9 6 9 7
     -7.08105864055218458273e-05 	 9 6 9 8
      3.08765627527653532813e-03 	 9 6 9 9
      4.47714873063263015668e-03 	 9 7 1 1
     -1.16977966811476761421e-05 	 9 7 2 1
     -8.61690989881600433349e-04 	 9 7 2 2
      2.99538092199500710373e-05 	 9 7 3 1
      9.91927912604930317323e-06 	 9 7 3 2
      2.64864548782960639028e-03 	 9 7 3 3
     -1.04004234295351866645e-04 	 9 7 4 1
      2.87077904850876737628e-05 	 9 7 4 2
     -8.81321956642210747141e-05 	 9 7 4 3
      9.00959424462613109319e-03 	 9 7 4 4
     -1.16977073491446403148e-05 	 9 7 5 1
     -3.43401679233789101182e-05 	 9 7 5 2
     -1.27997303995808328121e-05 	 9 7 5 3
      2.87081830448459569642e-05 	 9 7 5 4
     -8.61683679495433793062e-04 	 9 7 5 5
     -2.99538281967650228373e-05 	 9 7 6 1
      1.27997136939643047063e-05 	 9 7 6 2
      5.24155621985259451557e-05 	 9 7 6 3
      8.81322172459865835334e-05 	 9 7 6 4
     -9.91909183078619124951e-06 	 9 7 6 5
      2.64865054525749389278e-03 	 9 7 6 6
     -1.73223349448713229972e-04 	 9 7 7 1
     -3.50551900999796525564e-04 	 9 7 7 2
     -6.61886904039617267022e-05 	 9 7 7 3
     -9.12189099441651843336e-04 	 9 7 7 4
      8.24448504105667397557e-05 	 9 7 7 5
      1.73541161611253897475e-05 	 9 7 7 6
      2.45259257796956323464e-03 	 9 7 7 7
     -1.17735302772114364135e-06 	 9 7 8 1
     -1.03424068949823800959e-04 	 9 7 8 2
      1.66358412952698956247e-06 	 9 7 8 3
     -1.01183944753172906910e-04 	 9 7 8 4
     -1.03424382441546805988e-04 	 9 7 8 5
     -1.66352153029995533144e-06 	 9 7 8 6
     -1.02403792236062724159e-04 	 9 7 8 7
     -2.71134609997208801159e-04 	 9 7 8 8
      1.73223637319029437603e-04 	 9 7 9 1
     -8.24447770509908252909e-05 	 9 7 9 2
      1.73542706821669918764e-05 	 9 7 9 3
      9.12190542034832605595e-04 	 9 7 9 4
      3.50550149577234641286e-04 	 9 7 9 5
     -6.61885910550466456974e-05 	 9 7 9 6
      5.65163643457011993614e-04 	 9 7 9 7
      1.02403351359701792755e-04 	 9 7 9 8
      2.45260502608979011341e-03 	 9 7 9 9
      9.43309064811572155901e-04 	 9 8 1 1
      3.43234863772913134010e-06 	 9 8 2 1
      1.11401801828614629118e-03 	 9 8 2 2
      2.21457001357167658029e-05 	 9 8 3 1
     -8.87784626727601855906e-07 	 9 8 3 2
      5.05398219349078182266e-04 	 9 8 3 3
     -6.35551962679319575435e-05 	 9 8 4 1
     -2.59028133841415110906e-05 	 9 8 4 2
     -2.43368491464896331659e-05 	 9 8 4 3
      9.16966039939218669104e-04 	 9 8 4 4
     -4.47966258579871829467e-05 	 9 8 5 1
      6.42529277431246677484e-05 	 9 8 5 2
     -1.79011776203215781174e-05 	 9 8 5 3
     -9.00795711179593104959e-05 	 9 8 5 4
     -6.24835058534581409134e-03 	 9 8 5 5
      2.10161912130605999633e-05 	 9 8 6 1
     -6.84913903921598561283e-07 	 9 8 6 2
      8.01018244550180575660e-06 	 9 8 6 3
      5.34490298664828163161e-06 	 9 8 6 4
     -9.48389117631523317917e-07 	 9 8 6 5
      9.77482382527174870068e-04 	 9 8 6 6
     -1.32898929061634425356e-05 	 9 8 7 1
     -4.43668155404304166028e-05 	 9 8 7 2
     -4.53874042224896049810e-06 	 9 8 7 3
      2.04787896698686213023e-05 	 9 8 7 4
      4.26408771126072204134e-05 	 9 8 7 5
     -9.08854824329820036207e-07 	 9 8 7 6
      5.21085365952560371737e-04 	 9 8 7 7
     -3.45888095310850394402e-06 	 9 8 8 1
     -4.23770701520299441622e-04 	 9 8 8 2
      5.07710715963512932184e-06 	 9 8 8 3
     -5.25113955525577754584e-05 	 9 8 8 4
      6.73465684199801893975e-04 	 9 8 8 5
      6.32363986310182710210e-06 	 9 8 8 6
      9.32442338684517349392e-05 	 9 8 8 7
     -1.41092951169443790900e-03 	 9 8 8 8
      1.18858617687426651531e-05 	 9 8 9 1
      4.62005610980205223240e-05 	 9 8 9 2
     -1.64634615385012021335e-05 	 9 8 9 3
      3.63229172164261215200e-04 	 9 8 9 4
      7.53784980917686234583e-04 	 9 8 9 5
     -7.08105864055214392514e-05 	 9 8 9 6
      1.02403351359732543440e-04 	 9 8 9 7
      3.90279707462160192506e-04 	 9 8 9 8
     -2.22100544366325876322e-03 	 9 8 9 9
      2.02570430667164819161e-01 	 9 9 1 1
     -1.12284141859484402773e-04 	 9 9 2 1
      1.68785750982857279956e-01 	 9 9 2 2
      2.38853492019614485967e-03 	 9 9 3 1
      1.43577050768329411712e-04 	 9 9 3 2
      1.44099801420545958752e-01 	 9 9 3 3
      2.72079240532513942641e-03 	 9 9 4 1
     -2.04097738724880184424e-03 	 9 9 4 2
     -1.58334340602463456357e-03 	 9 9 4 3
      3.05611830430823239180e-01 	 9 9 4 4
      1.33252472797787212657e-04 	 9 9 5 1
      1.12663840884084649578e-03 	 9 9 5 2
     -1.57850712446242397212e-04 	 9 9 5 3
      5.23647689802335478820e-03 	 9 9 5 4
      2.98487130367854236468e-01 	 9 9 5 5
      8.64348688138597562661e-04 	 9 9 6 1
      1.84315187970769808409e-04 	 9 9 6 2
      1.14963561688645552611e-03 	 9 9 6 3
     -4.39191630755006456616e-04 	 9 9 6 4
     -7.10393161963907915704e-04 	 9 9 6 5
      1.87106774895732019814e-01 	 9 9 6 6
     -2.34829777151469203458e-03 	 9 9 7 1
      3.64691954283623406483e-03 	 9 9 7 2
     -4.72641477418000088492e-04 	 9 9 7 3
      4.22633103125725356763e-04 	 9 9 7 4
      1.40941908432946189610e-03 	 9 9 7 5
      1.02008872143661465321e-04 	 9 9 7 6
      1.91214598795455575919e-01 	 9 9 7 7
      3.22350838771909514822e-04 	 9 9 8 1
     -3.47347916658093114339e-03 	 9 9 8 2
      3.73606989009551095277e-05 	 9 9 8 3
      5.77986256177512205782e-04 	 9 9 8 4
     -1.80569634350200231357e-03 	 9 9 8 5
     -2.80344818520153265477e-04 	 9 9 8 6
     -5.21100086601548450477e-04 	 9 9 8 7
      1.93460581680645227198e-01 	 9 9 8 8
      3.45914829882258733143e-03 	 9 9 9 1
      1.85754285488046785163e-03 	 9 9 9 2
      1.72984196917669893860e-03 	 9 9 9 3
      1.47227227912128683790e-02 	 9 9 9 4
     -1.60128371563794114074e-02 	 9 9 9 5
      3.08765627527653793022e-03 	 9 9 9 6
      2.45260502608998310139e-03 	 9 9 9 7
     -2.22100544366335113725e-03 	 9 9 9 8
      5.19502155142890997830e-01 	 9 9 9 9
 # Printing T + V integrals in spatial MO basis
     -2.91397744837407390861e+00 	 1 1 0 0
      1.84211039216395440661e-03 	 1 2 0 0
      1.55396718678663753321e-01 	 1 3 0 0
      1.01551495582466511092e-01 	 1 4 0 0
      1.41720644149304943193e-03 	 1 5 0 0
     -1.55937162151872560356e-01 	 1 6 0 0
      1.26057531249498134401e-02 	 1 7 0 0
     -2.56751593269459975344e-03 	 1 8 0 0
     -1.26301974841728382321e-02 	 1 9 0 0
      1.84211039216513857222e-03 	 2 1 0 0
     -1.93113976032006395833e+00 	 2 2 0 0
     -2.15687117024821427280e-03 	 2 3 0 0
     -1.23570676119126102166e-02 	 2 4 0 0
      1.18209134877901664989e-02 	 2 5 0 0
     -1.68590109555932332434e-03 	 2 6 0 0
     -1.60892659567454160419e-01 	 2 7 0 0
      1.65396521647876548755e-01 	 2 8 0 0
      1.83999925510647394100e-02 	 2 9 0 0
      1.55396718678652873136e-01 	 3 1 0 0
     -2.15687117024717734184e-03 	 3 2 0 0
     -2.56248246089297238015e+00 	 3 3 0 0
      1.28638299666789645420e-02 	 3 4 0 0
      1.48549249365125305387e-03 	 3 5 0 0
     -3.05625151062647350264e-02 	 3 6 0 0
      1.07554540741382417823e-02 	 3 7 0 0
     -8.49882814986880952062e-05 	 3 8 0 0
     -1.59390001690109845041e-03 	 3 9 0 0
      1.01551495582464471057e-01 	 4 1 0 0
     -1.23570676119205396376e-02 	 4 2 0 0
      1.28638299666775906410e-02 	 4 3 0 0
     -2.62135477290565299668e+00 	 4 4 0 0
     -1.20691031386385653340e-02 	 4 5 0 0
     -1.41343667287337423910e-02 	 4 6 0 0
      1.66498212351790408903e-01 	 4 7 0 0
     -8.01939244505683358766e-03 	 4 8 0 0
     -1.63572806265387921121e-01 	 4 9 0 0
      1.41720644149191644066e-03 	 5 1 0 0
      1.18209134877806688879e-02 	 5 2 0 0
      1.48549249365084496018e-03 	 5 3 0 0
     -1.20691031386369971440e-02 	 5 4 0 0
     -2.02002146995395470697e+00 	 5 5 0 0
      2.22366040706141682506e-03 	 5 6 0 0
     -1.70848028069595092582e-02 	 5 7 0 0
      1.67779609279390534704e-01 	 5 8 0 0
      1.60187108121540466854e-01 	 5 9 0 0
     -1.55937162151843361491e-01 	 6 1 0 0
     -1.68590109555884670907e-03 	 6 2 0 0
     -3.05625151062686763181e-02 	 6 3 0 0
     -1.41343667287337580035e-02 	 6 4 0 0
      2.22366040706277467986e-03 	 6 5 0 0
     -2.49850635571757173636e+00 	 6 6 0 0
     -1.64472042456706890774e-03 	 6 7 0 0
      1.99810040020932395532e-04 	 6 8 0 0
      1.03597520051543351416e-02 	 6 9 0 0
      1.26057531249476224844e-02 	 7 1 0 0
     -1.60892659567461349113e-01 	 7 2 0 0
      1.07554540741402297754e-02 	 7 3 0 0
      1.66498212351735813685e-01 	 7 4 0 0
     -1.70848028069571257481e-02 	 7 5 0 0
     -1.64472042456838296078e-03 	 7 6 0 0
     -2.22568043270455495630e+00 	 7 7 0 0
     -1.05072976262568697908e-02 	 7 8 0 0
     -3.81198710873507651264e-02 	 7 9 0 0
     -2.56751593269412227080e-03 	 8 1 0 0
      1.65396521647894090279e-01 	 8 2 0 0
     -8.49882814985006637557e-05 	 8 3 0 0
     -8.01939244505927087414e-03 	 8 4 0 0
      1.67779609279382069253e-01 	 8 5 0 0
      1.99810040021168290819e-04 	 8 6 0 0
     -1.05072976262283873661e-02 	 8 7 0 0
     -1.87882487049799995482e+00 	 8 8 0 0
      1.35046311325286386845e-02 	 8 9 0 0
     -1.26301974841798742705e-02 	 9 1 0 0
      1.83999925510660369832e-02 	 9 2 0 0
     -1.59390001690041193359e-03 	 9 3 0 0
     -1.63572806265409903537e-01 	 9 4 0 0
      1.60187108121589288912e-01 	 9 5 0 0
      1.03597520051540957498e-02 	 9 6 0 0
     -3.81198710873523471943e-02 	 9 7 0 0
      1.35046311325279864285e-02 	 9 8 0 0
     -2.25775623923664880977e+00 	 9 9 0 0
 # Printing -1/2 \lambda \lambda q integrals in spatial MO basis
      3.27853254651328113178e-02 	 1 1 0 0
      1.94050282695653019934e-04 	 1 2 0 0
      3.11381845450116158196e-05 	 1 3 0 0
      1.10471647976678982554e-03 	 1 4 0 0
     -2.21265687441520134430e-04 	 1 5 0 0
     -4.00616472887157289845e-04 	 1 6 0 0
      7.82426489971071548006e-04 	 1 7 0 0
     -2.48865118129941941504e-04 	 1 8 0 0
     -1.02176917734090157500e-03 	 1 9 0 0
      1.94050282695656787536e-04 	 2 1 0 0
      9.35532940452588196445e-02 	 2 2 0 0
     -2.60266825962310094280e-04 	 2 3 0 0
     -1.08992786735091383085e-03 	 2 4 0 0
     -7.02861494597631017434e-04 	 2 5 0 0
     -2.08175235175216003305e-04 	 2 6 0 0
     -3.99147462856628242045e-03 	 2 7 0 0
      1.97563678162568628210e-03 	 2 8 0 0
      9.59506511821317802265e-04 	 2 9 0 0
      3.11381845450311721163e-05 	 3 1 0 0
     -2.60266825962308630607e-04 	 3 2 0 0
      2.61583936161980529223e-02 	 3 3 0 0
     -1.82162183710370275498e-04 	 3 4 0 0
      1.69315917734447350022e-05 	 3 5 0 0
     -1.25152500719839408425e-03 	 3 6 0 0
      3.96775157194666986803e-04 	 3 7 0 0
     -6.18768117579100246578e-05 	 3 8 0 0
     -3.15330067279216978877e-05 	 3 9 0 0
      1.10471647976679090974e-03 	 4 1 0 0
     -1.08992786735099753126e-03 	 4 2 0 0
     -1.82162183710369245506e-04 	 4 3 0 0
      5.39700450143672759429e-03 	 4 4 0 0
     -5.41479844303989661658e-04 	 4 5 0 0
     -1.40379770023365516192e-03 	 4 6 0 0
      3.59118085512569575404e-03 	 4 7 0 0
     -5.30510652452118361931e-04 	 4 8 0 0
     -8.22564138020791214487e-04 	 4 9 0 0
     -2.21265687441522194414e-04 	 5 1 0 0
     -7.02861494597570844213e-04 	 5 2 0 0
      1.69315917734438506998e-05 	 5 3 0 0
     -5.41479844303997576334e-04 	 5 4 0 0
      1.80236181818492213758e-02 	 5 5 0 0
      3.13586622007733055711e-04 	 5 6 0 0
      3.76032191500680270258e-04 	 5 7 0 0
      4.45513041292239404811e-03 	 5 8 0 0
      3.50495797523150010716e-03 	 5 9 0 0
     -4.00616472887089201949e-04 	 6 1 0 0
     -2.08175235175217223033e-04 	 6 2 0 0
     -1.25152500719840882940e-03 	 6 3 0 0
     -1.40379770023365602928e-03 	 6 4 0 0
      3.13586622007737555150e-04 	 6 5 0 0
      1.01511817006184293377e-01 	 6 6 0 0
     -1.13257300592010446728e-04 	 6 7 0 0
      1.61914576975698238726e-04 	 6 8 0 0
      9.87239646124894092236e-05 	 6 9 0 0
      7.82426489971071764846e-04 	 7 1 0 0
     -3.99147462856641946360e-03 	 7 2 0 0
      3.96775157194663463146e-04 	 7 3 0 0
      3.59118085512570919815e-03 	 7 4 0 0
      3.76032191500684932327e-04 	 7 5 0 0
     -1.13257300592004063488e-04 	 7 6 0 0
      2.66151523879132809181e-02 	 7 7 0 0
      1.11013741588586282993e-03 	 7 8 0 0
     -1.06841118606392838399e-03 	 7 9 0 0
     -2.48865118129939176788e-04 	 8 1 0 0
      1.97563678162560388274e-03 	 8 2 0 0
     -6.18768117579094554517e-05 	 8 3 0 0
     -5.30510652452151646938e-04 	 8 4 0 0
      4.45513041292227782164e-03 	 8 5 0 0
      1.61914576975698157411e-04 	 8 6 0 0
      1.11013741588595737236e-03 	 8 7 0 0
      8.39996305721974756420e-02 	 8 8 0 0
      1.63566137717029332077e-03 	 8 9 0 0
     -1.02176917734090135816e-03 	 9 1 0 0
      9.59506511821271398412e-04 	 9 2 0 0
     -3.15330067279191161313e-05 	 9 3 0 0
     -8.22564138020796635498e-04 	 9 4 0 0
      3.50495797523148145888e-03 	 9 5 0 0
      9.87239646124982861289e-05 	 9 6 0 0
     -1.06841118606392209561e-03 	 9 7 0 0
      1.63566137717029527233e-03 	 9 8 0 0
      8.11263162485392069767e-03 	 9 9 0 0
 # Printing \lambda mu integrals in spatial MO basis
     -2.43614437745836409643e-01 	 1 1 0 0
      6.32128320325677254751e-04 	 1 2 0 0
      2.45355053397831889862e-04 	 1 3 0 0
      5.40736134737323462934e-03 	 1 4 0 0
      4.38692925548029351995e-04 	 1 5 0 0
     -3.63946287215203374485e-03 	 1 6 0 0
     -1.75354550747759273428e-03 	 1 7 0 0
     -4.68244995869114262552e-04 	 1 8 0 0
      6.03914140471323388631e-03 	 1 9 0 0
      6.32128320325677688432e-04 	 2 1 0 0
      4.18986147876405146118e-01 	 2 2 0 0
      3.18087297854379228140e-04 	 2 3 0 0
     -4.22481117872488078947e-04 	 2 4 0 0
     -4.50694212072051420687e-03 	 2 5 0 0
     -5.09588503765512432914e-04 	 2 6 0 0
     -2.07701580962196905716e-03 	 2 7 0 0
      3.00858746932866237198e-03 	 2 8 0 0
     -4.72777540746683165736e-05 	 2 9 0 0
      2.45355053397834708788e-04 	 3 1 0 0
      3.18087297854378469198e-04 	 3 2 0 0
     -2.17729652375471066650e-01 	 3 3 0 0
      2.69460054898713538551e-03 	 3 4 0 0
      3.31416160492780211607e-04 	 3 5 0 0
      3.17114765832098152373e-03 	 3 6 0 0
      2.62974304024634958007e-03 	 3 7 0 0
      1.83733655818772197025e-04 	 3 8 0 0
      4.80828886887389251106e-04 	 3 9 0 0
      5.40736134737322508836e-03 	 4 1 0 0
     -4.22481117872433760418e-04 	 4 2 0 0
      2.69460054898713928864e-03 	 4 3 0 0
     -2.54626885183973708515e-02 	 4 4 0 0
     -5.60821665397324021357e-03 	 4 5 0 0
      3.58680045344509333682e-03 	 4 6 0 0
      2.36222022606466346140e-03 	 4 7 0 0
     -5.12815906652436411493e-04 	 4 8 0 0
      7.68780798929601019015e-04 	 4 9 0 0
      4.38692925548033146703e-04 	 5 1 0 0
     -4.50694212072050466589e-03 	 5 2 0 0
      3.31416160492778747934e-04 	 5 3 0 0
     -5.60821665397322807051e-03 	 5 4 0 0
      1.52929140255892825895e-01 	 5 5 0 0
     -5.06194758596772826872e-05 	 5 6 0 0
     -3.57769208637139272348e-04 	 5 7 0 0
      1.09041522135993511691e-03 	 5 8 0 0
     -2.29571533607520828282e-03 	 5 9 0 0
     -3.63946287215204805632e-03 	 6 1 0 0
     -5.09588503765513842376e-04 	 6 2 0 0
      3.17114765832098022269e-03 	 6 3 0 0
      3.58680045344509550523e-03 	 6 4 0 0
     -5.06194758596807724629e-05 	 6 5 0 0
     -4.44420879506971844286e-01 	 6 6 0 0
      1.09981510684391292111e-03 	 6 7 0 0
      1.09601918897973604544e-04 	 6 8 0 0
      6.85424354919371902825e-04 	 6 9 0 0
     -1.75354550747762244142e-03 	 7 1 0 0
     -2.07701580962181336573e-03 	 7 2 0 0
      2.62974304024634611063e-03 	 7 3 0 0
      2.36222022606459103669e-03 	 7 4 0 0
     -3.57769208637101921583e-04 	 7 5 0 0
      1.09981510684391400531e-03 	 7 6 0 0
      2.03634648157005937463e-01 	 7 7 0 0
      4.59463700367263201685e-03 	 7 8 0 0
     -5.13857212591603551566e-03 	 7 9 0 0
     -4.68244995869113666241e-04 	 8 1 0 0
      3.00858746932865456572e-03 	 8 2 0 0
      1.83733655818772197025e-04 	 8 3 0 0
     -5.12815906652368540437e-04 	 8 4 0 0
      1.09041522135978441281e-03 	 8 5 0 0
      1.09601918897972140871e-04 	 8 6 0 0
      4.59463700367256869944e-03 	 8 7 0 0
      3.95201609675170650871e-01 	 8 8 0 0
      4.10582685432494772816e-04 	 8 9 0 0
      6.03914140471326337661e-03 	 9 1 0 0
     -4.72777540746766174965e-05 	 9 2 0 0
      4.80828886887391202670e-04 	 9 3 0 0
      7.68780798929643953421e-04 	 9 4 0 0
     -2.29571533607524861514e-03 	 9 5 0 0
      6.85424354919370276522e-04 	 9 6 0 0
     -5.13857212591603985247e-03 	 9 7 0 0
      4.10582685432436876420e-04 	 9 8 0 0
     -6.68313484084333553348e-02 	 9 9 0 0
 # Printing nuclear repulsion energy
     -4.19028636436110389241e+02 	 0 0 0 0
 # Printing photon energy
      6.61500000000000004663e-02 	 0 0 0 0
 # Printing lambda vector
  7.8781200000e-02, 5.5163200000e-02, 2.7395900000e-02 	 0 0 0 0
 # Printing RHF Electronic Dipole Moment
  5.7588285868e+00, 6.2997661132e-07, 1.1386663661e-03 	 0 0 0 0
 # Printing Nuclear Dipole Moment
  -7.9054415982e+00, -5.0345929161e-02, -2.6311930085e-02 	 0 0 0 0
