&FCI NORB=9,NELEC=0,MS2=0
ORBSYM=1,1,1,1,
ISYM=1,
/
      7.86342050369700285017e-01 	 1 1 1 1
      3.60418352789189724850e-04 	 1 1 2 1
      3.51294711778104146171e-02 	 1 1 2 2
     -9.08587401353995157208e-04 	 1 1 3 1
     -1.27852380749586097249e-04 	 1 1 3 2
      4.27633796684248723707e-01 	 1 1 3 3
     -4.53590039791345635278e-03 	 1 1 4 1
      6.03905620686728643320e-04 	 1 1 4 2
     -4.98412535408512477608e-03 	 1 1 4 3
      3.21139492048163055493e-01 	 1 1 4 4
      4.07552380000686669155e-04 	 1 1 5 1
      1.57741976715915568907e-03 	 1 1 5 2
     -2.84464619238520004686e-04 	 1 1 5 3
      1.86723504355566522622e-03 	 1 1 5 4
      9.99448384473064360689e-02 	 1 1 5 5
      1.73549857371516850352e-03 	 1 1 6 1
      3.27868856428774509137e-04 	 1 1 6 2
      5.31042068170657806381e-03 	 1 1 6 3
      3.45389388222180600610e-03 	 1 1 6 4
      6.26969249826190883242e-05 	 1 1 6 5
      4.82859241415222018023e-01 	 1 1 6 6
      5.67327759304994943407e-03 	 1 1 7 1
     -8.66022774317000095835e-04 	 1 1 7 2
     -2.39991887978905846235e-03 	 1 1 7 3
     -1.54510458586426687420e-03 	 1 1 7 4
      8.82482003574612799274e-04 	 1 1 7 5
     -2.44595893338210492590e-04 	 1 1 7 6
      1.52962025598493922551e-01 	 1 1 7 7
      6.33416613854792661872e-04 	 1 1 8 1
     -1.89259244090165070808e-03 	 1 1 8 2
     -7.80786542584278235677e-05 	 1 1 8 3
     -1.41462218619995447159e-03 	 1 1 8 4
     -1.42529637244153740451e-03 	 1 1 8 5
      6.62067450634482504023e-06 	 1 1 8 6
     -2.06262947995574296919e-03 	 1 1 8 7
      2.47801217391967198989e-02 	 1 1 8 8
     -6.71731298159370174283e-03 	 1 1 9 1
     -7.83804690036030734905e-04 	 1 1 9 2
     -9.38033316575553649704e-05 	 1 1 9 3
      7.82363744514529349527e-04 	 1 1 9 4
      1.93128855530346962843e-03 	 1 1 9 5
     -1.92625294396629774887e-03 	 1 1 9 6
      5.72897908990409408109e-03 	 1 1 9 7
      8.43285194751774644373e-04 	 1 1 9 8
      2.18851512033481493402e-01 	 1 1 9 9
      3.60418352789187556445e-04 	 2 1 1 1
      2.38376344836846288766e-05 	 2 1 2 1
      1.60081613688447502337e-03 	 2 1 2 2
      1.11315236198247132491e-04 	 2 1 3 1
      1.47639852134832852907e-06 	 2 1 3 2
     -6.88867795683488948373e-04 	 2 1 3 3
     -4.87025279291836070785e-05 	 2 1 4 1
      2.54481634717836061499e-05 	 2 1 4 2
     -2.80127951668734596869e-05 	 2 1 4 3
     -1.08461849490041288948e-04 	 2 1 4 4
     -1.46845659401812914009e-06 	 2 1 5 1
      2.13339300193669022127e-06 	 2 1 5 2
     -9.71106369153374772762e-08 	 2 1 5 3
      1.08990060676407747592e-05 	 2 1 5 4
     -1.03357506629528334658e-05 	 2 1 5 5
      4.47665952127520086739e-05 	 2 1 6 1
     -6.64837361512249309302e-06 	 2 1 6 2
      7.21216275462722064527e-06 	 2 1 6 3
     -4.94470400416458610415e-06 	 2 1 6 4
     -6.46908064569057200492e-07 	 2 1 6 5
      3.58076124179089244279e-06 	 2 1 6 6
     -7.86702300284014956287e-06 	 2 1 7 1
      1.03986774662531160818e-04 	 2 1 7 2
      1.00672734735362514393e-05 	 2 1 7 3
      1.14964521403217441822e-04 	 2 1 7 4
      1.95826250301434914917e-06 	 2 1 7 5
      5.07596278715325323141e-07 	 2 1 7 6
      2.61984044972672224134e-04 	 2 1 7 7
      2.30355824843525890390e-06 	 2 1 8 1
      5.10731018552140319513e-05 	 2 1 8 2
      6.76139699433383863027e-07 	 2 1 8 3
      3.05319961885056924411e-06 	 2 1 8 4
      3.77030417397859656859e-05 	 2 1 8 5
     -8.26561934744011386033e-09 	 2 1 8 6
      4.77009179833383047857e-05 	 2 1 8 7
      3.17251350994057930693e-04 	 2 1 8 8
     -1.99975927417527535269e-05 	 2 1 9 1
      1.90484832419708068139e-05 	 2 1 9 2
     -1.06090896514172099282e-06 	 2 1 9 3
     -2.66878105162274555803e-06 	 2 1 9 4
      2.86344482443407172094e-05 	 2 1 9 5
     -2.03823730652815748195e-06 	 2 1 9 6
     -1.49460336479867937057e-05 	 2 1 9 7
      3.69188958102589673098e-06 	 2 1 9 8
     -1.54530129874020527190e-04 	 2 1 9 9
      3.51294711778102480837e-02 	 2 2 1 1
      1.60081613688447068657e-03 	 2 2 2 1
      6.93995767274723673879e-01 	 2 2 2 2
      8.91906905997427073077e-05 	 2 2 3 1
      9.45277541146976468551e-05 	 2 2 3 2
      3.44271253384011849397e-02 	 2 2 3 3
      5.15342090939881116579e-03 	 2 2 4 1
      1.94748105785437324033e-03 	 2 2 4 2
      1.46181356249805481998e-03 	 2 2 4 3
      1.89682181707800517900e-01 	 2 2 4 4
      7.67986984946853558148e-05 	 2 2 5 1
     -3.93172001512408220147e-03 	 2 2 5 2
      1.44109397190312526127e-04 	 2 2 5 3
     -3.49999012238413377551e-03 	 2 2 5 4
      2.57369013087414055807e-01 	 2 2 5 5
     -2.46842878229828685543e-03 	 2 2 6 1
     -9.35683184484071769904e-04 	 2 2 6 2
      1.92280670025409211946e-03 	 2 2 6 3
      1.89938401215027411438e-03 	 2 2 6 4
      9.13172146990869187922e-06 	 2 2 6 5
     -7.68077276560614058409e-02 	 2 2 6 6
     -2.23738725913939263956e-03 	 2 2 7 1
      1.55616683438999908046e-02 	 2 2 7 2
      2.73323227776132993139e-03 	 2 2 7 3
     -4.41848819550710826196e-04 	 2 2 7 4
      1.14401314807820956437e-03 	 2 2 7 5
      1.30099869388917077292e-03 	 2 2 7 6
      3.83807229604048893989e-01 	 2 2 7 7
     -1.93725098874401646448e-04 	 2 2 8 1
     -1.45706300682274161179e-02 	 2 2 8 2
      2.19831419510175543001e-04 	 2 2 8 3
      6.98763283329255162867e-04 	 2 2 8 4
     -1.49919258106193478176e-03 	 2 2 8 5
      1.78203434666042567422e-04 	 2 2 8 6
      8.17343550852576983257e-03 	 2 2 8 7
      4.63022547598965106275e-01 	 2 2 8 8
      4.26845709531281213706e-03 	 2 2 9 1
      1.76877528506295999058e-03 	 2 2 9 2
      4.88151529383155295509e-04 	 2 2 9 3
      2.76467365237850325882e-03 	 2 2 9 4
     -4.61684032719537115058e-03 	 2 2 9 5
      3.48820963568705901762e-04 	 2 2 9 6
     -3.01468153050423121400e-03 	 2 2 9 7
      1.28604647604029474761e-03 	 2 2 9 8
      1.40784341755821829079e-01 	 2 2 9 9
     -9.08587401354021611741e-04 	 3 1 1 1
      1.11315236198252268899e-04 	 3 1 2 1
      8.91906905997623449195e-05 	 3 1 2 2
      5.30945570126324650762e-03 	 3 1 3 1
      3.67891012444586621108e-06 	 3 1 3 2
     -1.11242760146433999902e-02 	 3 1 3 3
     -7.62553165515141972292e-04 	 3 1 4 1
     -1.30626284381851840571e-04 	 3 1 4 2
      3.79783717283888689947e-05 	 3 1 4 3
      2.49584641969359966734e-03 	 3 1 4 4
     -4.69597837562459204368e-05 	 3 1 5 1
      4.42579707560303803554e-07 	 3 1 5 2
     -1.36173056946494800399e-05 	 3 1 5 3
      1.02341070243720170911e-04 	 3 1 5 4
      9.81067502238897352559e-04 	 3 1 5 5
      1.37152316887703359417e-03 	 3 1 6 1
     -4.46694048485253893674e-06 	 3 1 6 2
     -4.32376856606787884647e-04 	 3 1 6 3
     -1.07081531371618188350e-04 	 3 1 6 4
      1.87998073357428504491e-06 	 3 1 6 5
      3.87420158154076071932e-03 	 3 1 6 6
     -4.11848118359549569389e-04 	 3 1 7 1
      1.16080907219975236694e-04 	 3 1 7 2
      1.35010992063366673912e-04 	 3 1 7 3
      3.96031330490389426105e-04 	 3 1 7 4
      3.66801271450813026905e-05 	 3 1 7 5
      1.37422626297324653675e-05 	 3 1 7 6
     -8.14384997269605032111e-04 	 3 1 7 7
      3.10073458408119647712e-05 	 3 1 8 1
     -3.27620209830618277841e-05 	 3 1 8 2
     -2.50859123054512515982e-06 	 3 1 8 3
     -3.60023195331094972684e-05 	 3 1 8 4
     -7.73630387017357823259e-08 	 3 1 8 5
     -1.19972602313273978685e-06 	 3 1 8 6
      2.21432510950453513890e-05 	 3 1 8 7
      4.94668608686620937288e-04 	 3 1 8 8
     -2.26641554302264712939e-05 	 3 1 9 1
      2.44103052273886029361e-05 	 3 1 9 2
     -8.42764638830425784300e-05 	 3 1 9 3
      4.05668630629031829772e-04 	 3 1 9 4
      6.08871598636362938782e-05 	 3 1 9 5
     -9.43156837107064019443e-06 	 3 1 9 6
      2.86930345816209102531e-05 	 3 1 9 7
      2.22464386724227209367e-05 	 3 1 9 8
      2.37213751113874663640e-03 	 3 1 9 9
     -1.27852380749587777762e-04 	 3 2 1 1
      1.47639852134800792710e-06 	 3 2 2 1
      9.45277541146960476569e-05 	 3 2 2 2
      3.67891012444830058377e-06 	 3 2 3 1
      4.08742682799716517696e-05 	 3 2 3 2
     -3.40302216120038931307e-03 	 3 2 3 3
     -6.30693722477208498648e-05 	 3 2 4 1
      2.64190189063191395609e-05 	 3 2 4 2
     -3.18160731342809747395e-05 	 3 2 4 3
      4.81179959980933215271e-04 	 3 2 4 4
      7.54338257388007999366e-07 	 3 2 5 1
      1.43435622877777450965e-05 	 3 2 5 2
     -5.65040973701221527025e-06 	 3 2 5 3
     -2.55437076281471533876e-06 	 3 2 5 4
      1.83055325870689138102e-05 	 3 2 5 5
      7.34687601153074261570e-07 	 3 2 6 1
      1.73109348626698512028e-06 	 3 2 6 2
      2.88226124507765420473e-05 	 3 2 6 3
      1.10819178506802300276e-05 	 3 2 6 4
     -2.08539879209943895282e-06 	 3 2 6 5
     -1.70993065469078570984e-04 	 3 2 6 6
     -1.32540741005868374907e-05 	 3 2 7 1
      6.74937391571646193951e-05 	 3 2 7 2
     -4.51886053623988756815e-05 	 3 2 7 3
     -9.08615857242835006354e-06 	 3 2 7 4
     -5.81063192126369233389e-06 	 3 2 7 5
     -1.00310179029334964885e-08 	 3 2 7 6
      7.75167567950422586182e-04 	 3 2 7 7
      2.13780485327629009746e-06 	 3 2 8 1
      6.72682171333696140138e-05 	 3 2 8 2
      1.32232279913989621333e-05 	 3 2 8 3
      1.40147797743121885576e-06 	 3 2 8 4
      2.06061983754193980852e-06 	 3 2 8 5
     -9.19533920978712644266e-07 	 3 2 8 6
      5.12991604926230777468e-07 	 3 2 8 7
     -1.10536203828804095641e-04 	 3 2 8 8
      1.74497643205712419290e-05 	 3 2 9 1
     -6.11918200874466537313e-06 	 3 2 9 2
     -1.25222374224216324092e-05 	 3 2 9 3
     -9.79515249394268856667e-06 	 3 2 9 4
      2.33362990248737707451e-06 	 3 2 9 5
     -4.13229467185370085325e-06 	 3 2 9 6
      8.28476460368762419905e-06 	 3 2 9 7
     -7.57183489773358191947e-07 	 3 2 9 8
      1.22318847741127462864e-04 	 3 2 9 9
      4.27633796684248612685e-01 	 3 3 1 1
     -6.88867795683477997931e-04 	 3 3 2 1
      3.44271253384011571841e-02 	 3 3 2 2
     -1.11242760146435231555e-02 	 3 3 3 1
     -3.40302216120038280786e-03 	 3 3 3 2
      8.15825455526950626961e-01 	 3 3 3 3
     -1.69857958993701956517e-03 	 3 3 4 1
      1.48073915235457514994e-03 	 3 3 4 2
      4.40498570356898273837e-03 	 3 3 4 3
      2.20839059811474197614e-01 	 3 3 4 4
      1.89000590181347897633e-04 	 3 3 5 1
      1.44412834488367655683e-03 	 3 3 5 2
      2.98561247676594758611e-04 	 3 3 5 3
      8.78764636915123809220e-04 	 3 3 5 4
      7.61012693507214094124e-02 	 3 3 5 5
     -3.19081151546323112111e-03 	 3 3 6 1
      3.42912097080851725403e-04 	 3 3 6 2
     -8.23675745613589808253e-04 	 3 3 6 3
      1.81463375246061482497e-03 	 3 3 6 4
      4.06508396096664587288e-05 	 3 3 6 5
      3.30196917467521333656e-01 	 3 3 6 6
      4.21012531274088819960e-03 	 3 3 7 1
     -2.06230615929230880548e-03 	 3 3 7 2
      2.20409542137979530541e-03 	 3 3 7 3
     -3.71718037757796330306e-03 	 3 3 7 4
      8.77984654562042211162e-05 	 3 3 7 5
     -4.23718131108467681040e-04 	 3 3 7 6
      1.42769414447028231141e-01 	 3 3 7 7
      1.13772262231390242342e-04 	 3 3 8 1
     -9.35124919113404593635e-04 	 3 3 8 2
     -1.18932384923394330982e-03 	 3 3 8 3
     -4.74829515632989556783e-04 	 3 3 8 4
     -1.12207438365752960527e-03 	 3 3 8 5
      3.36336924728832962952e-05 	 3 3 8 6
     -1.97787358427271462921e-03 	 3 3 8 7
      1.83484906545405002110e-02 	 3 3 8 8
     -2.76261096895051008401e-03 	 3 3 9 1
     -6.99027726346331023180e-04 	 3 3 9 2
      3.24527380993556980020e-04 	 3 3 9 3
     -1.52039754832570465741e-03 	 3 3 9 4
      7.70074618899982627288e-04 	 3 3 9 5
     -1.09044391513344186666e-03 	 3 3 9 6
      3.76746501051157794276e-03 	 3 3 9 7
      4.16002193978494026402e-04 	 3 3 9 8
      1.58650967677297971559e-01 	 3 3 9 9
     -4.53590039791348931253e-03 	 4 1 1 1
     -4.87025279291672762833e-05 	 4 1 2 1
      5.15342090939874784838e-03 	 4 1 2 2
     -7.62553165515136876541e-04 	 4 1 3 1
     -6.30693722477202535536e-05 	 4 1 3 2
     -1.69857958993706965531e-03 	 4 1 3 3
      4.40709760854715928979e-03 	 4 1 4 1
     -6.98274812170522705262e-05 	 4 1 4 2
      5.08274613899303969941e-04 	 4 1 4 3
     -1.68719897586399898010e-03 	 4 1 4 4
     -4.97477944772311105525e-05 	 4 1 5 1
     -8.69479115425003147577e-06 	 4 1 5 2
      2.32194817215711706926e-05 	 4 1 5 3
     -9.78695428766377891784e-05 	 4 1 5 4
      3.71475902433092766697e-03 	 4 1 5 5
      7.44203036735242807673e-04 	 4 1 6 1
     -2.41826616876509195944e-05 	 4 1 6 2
     -6.83985979316320275977e-05 	 4 1 6 3
     -4.74310788755908003828e-04 	 4 1 6 4
      6.45158299883245167508e-05 	 4 1 6 5
     -2.92437411553073296766e-03 	 4 1 6 6
      3.07001660754312969293e-04 	 4 1 7 1
      5.76509585733268534180e-04 	 4 1 7 2
      2.09685770222570492475e-04 	 4 1 7 3
     -1.07491114424160738236e-03 	 4 1 7 4
     -1.04883793728891266256e-06 	 4 1 7 5
      1.03699940855334651847e-04 	 4 1 7 6
      3.82191784347900211788e-03 	 4 1 7 7
     -4.49126992534908166537e-05 	 4 1 8 1
     -1.81863626905400573974e-04 	 4 1 8 2
     -1.56181176531841568191e-05 	 4 1 8 3
      6.82992354716136613416e-05 	 4 1 8 4
     -1.92236265799927946284e-04 	 4 1 8 5
      1.72042167838291181609e-05 	 4 1 8 6
      8.83991391376930715209e-05 	 4 1 8 7
      4.80176155207218124943e-03 	 4 1 8 8
     -2.83826676557055160213e-04 	 4 1 9 1
     -1.14161566045096527199e-06 	 4 1 9 2
      1.00353165730413638351e-04 	 4 1 9 3
      1.09184256131787216053e-03 	 4 1 9 4
     -6.00155891320925272830e-04 	 4 1 9 5
      1.99172220503979668840e-04 	 4 1 9 6
     -1.31790350589637735024e-04 	 4 1 9 7
     -6.13350273248362224537e-05 	 4 1 9 8
      2.35941115514840503431e-03 	 4 1 9 9
      6.03905620686710645564e-04 	 4 2 1 1
      2.54481634717823084954e-05 	 4 2 2 1
      1.94748105785431816286e-03 	 4 2 2 2
     -1.30626284381849509537e-04 	 4 2 3 1
      2.64190189063200340277e-05 	 4 2 3 2
      1.48073915235458469092e-03 	 4 2 3 3
     -6.98274812170842680429e-05 	 4 2 4 1
      3.77095173502110553743e-04 	 4 2 4 2
      6.48726934288837290329e-05 	 4 2 4 3
     -1.79441682711395465027e-04 	 4 2 4 4
      1.42586331356378638509e-05 	 4 2 5 1
      8.75990611670239598596e-05 	 4 2 5 2
      8.34263307732230640432e-07 	 4 2 5 3
     -8.93174539238554250978e-05 	 4 2 5 4
     -1.21483341786966466715e-03 	 4 2 5 5
     -1.02179304785924836372e-04 	 4 2 6 1
     -1.02218573771748303411e-06 	 4 2 6 2
      7.69888382627349643502e-06 	 4 2 6 3
      5.69148849166047123287e-05 	 4 2 6 4
      7.91861325853875478201e-07 	 4 2 6 5
     -1.54555682747285289208e-04 	 4 2 6 6
      3.39416467599126130995e-05 	 4 2 7 1
      6.47900324299407071732e-04 	 4 2 7 2
      4.47461333275212186974e-05 	 4 2 7 3
     -5.06798562307381140687e-04 	 4 2 7 4
     -5.12885546739605987891e-05 	 4 2 7 5
      5.83696514020176869520e-06 	 4 2 7 6
      5.15044777844535575650e-03 	 4 2 7 7
      8.94360820271492896246e-06 	 4 2 8 1
      4.32675151634254726886e-04 	 4 2 8 2
      6.33389096962105916332e-06 	 4 2 8 3
      6.06488251731677303295e-05 	 4 2 8 4
      1.30988019119579041625e-05 	 4 2 8 5
     -3.22163188852080037440e-07 	 4 2 8 6
      8.81391111901432244271e-05 	 4 2 8 7
     -1.54729806737812424985e-03 	 4 2 8 8
     -1.56081896466187455418e-05 	 4 2 9 1
     -3.51235380766886832278e-05 	 4 2 9 2
     -1.98160878013347364110e-05 	 4 2 9 3
     -5.99532103155653349827e-04 	 4 2 9 4
      2.98783403912674671329e-05 	 4 2 9 5
     -1.95296166717714193568e-05 	 4 2 9 6
      3.08787401811188552724e-05 	 4 2 9 7
     -2.60762768161049493651e-05 	 4 2 9 8
     -2.01274240446434448532e-03 	 4 2 9 9
     -4.98412535408512824553e-03 	 4 3 1 1
     -2.80127951668673678260e-05 	 4 3 2 1
      1.46181356249803964115e-03 	 4 3 2 2
      3.79783717283892213604e-05 	 4 3 3 1
     -3.18160731342798905373e-05 	 4 3 3 2
      4.40498570356895498279e-03 	 4 3 3 3
      5.08274613899296922627e-04 	 4 3 4 1
      6.48726934288991924664e-05 	 4 3 4 2
      3.32983934517004870422e-04 	 4 3 4 3
     -4.38404712168206141948e-03 	 4 3 4 4
      8.39440814920725314669e-06 	 4 3 5 1
     -8.99904530598536281111e-06 	 4 3 5 2
      8.30258798922971986609e-06 	 4 3 5 3
     -7.35414959892992527819e-05 	 4 3 5 4
      1.55195065774612109798e-05 	 4 3 5 5
     -1.17768535478445548733e-04 	 4 3 6 1
     -3.54623171172236999738e-07 	 4 3 6 2
     -8.76383216608616054952e-05 	 4 3 6 3
     -7.00699339104304716160e-05 	 4 3 6 4
      9.80452276118355689027e-06 	 4 3 6 5
     -3.79311902008595868210e-03 	 4 3 6 6
      8.00591530723374392945e-05 	 4 3 7 1
      1.79775482250474450221e-05 	 4 3 7 2
      8.29658800993894195337e-05 	 4 3 7 3
     -2.85973854242695102717e-04 	 4 3 7 4
     -3.43367760506352575484e-05 	 4 3 7 5
      1.28808823241241513493e-06 	 4 3 7 6
      9.87903025843480612350e-04 	 4 3 7 7
     -1.17816524992758353850e-05 	 4 3 8 1
      1.66414180401444985634e-05 	 4 3 8 2
     -1.18873177586068211060e-05 	 4 3 8 3
      6.75723242502122476393e-05 	 4 3 8 4
     -1.41750622393458155520e-05 	 4 3 8 5
      5.21054202363616493845e-06 	 4 3 8 6
      1.77254087221404599034e-05 	 4 3 8 7
      1.05936797924845800718e-03 	 4 3 8 8
      3.94084449530988743934e-05 	 4 3 9 1
     -2.07650957233185007796e-06 	 4 3 9 2
     -1.59783342566039918142e-05 	 4 3 9 3
     -7.98677357693080826545e-05 	 4 3 9 4
     -1.27799500465269026553e-04 	 4 3 9 5
      3.56842143494867338393e-05 	 4 3 9 6
     -1.01978594935700237552e-04 	 4 3 9 7
     -2.32304928169233437969e-05 	 4 3 9 8
     -1.76342719413559488942e-03 	 4 3 9 9
      3.21139492048163277538e-01 	 4 4 1 1
     -1.08461849490013777318e-04 	 4 4 2 1
      1.89682181707799990544e-01 	 4 4 2 2
      2.49584641969363089237e-03 	 4 4 3 1
      4.81179959980935166835e-04 	 4 4 3 2
      2.20839059811474031081e-01 	 4 4 3 3
     -1.68719897586394737207e-03 	 4 4 4 1
     -1.79441682711442139931e-04 	 4 4 4 2
     -4.38404712168203192918e-03 	 4 4 4 3
      5.64659244997960052537e-01 	 4 4 4 4
     -1.03539479160449327346e-04 	 4 4 5 1
      7.52489229047204446002e-04 	 4 4 5 2
     -3.35932582269323897362e-04 	 4 4 5 3
     -4.73867870291299470280e-05 	 4 4 5 4
      1.96456779375711348967e-01 	 4 4 5 5
     -2.40942220192200649842e-03 	 4 4 6 1
      3.40470614659812845833e-04 	 4 4 6 2
      2.07708827458421337736e-03 	 4 4 6 3
      4.22410471622315045886e-03 	 4 4 6 4
     -4.87986312537340286618e-04 	 4 4 6 5
      2.26611268238098351180e-01 	 4 4 6 6
     -4.98524746114442900841e-03 	 4 4 7 1
      3.02251727095174905699e-03 	 4 4 7 2
     -1.13673188280024868406e-03 	 4 4 7 3
     -1.27855391385711964630e-02 	 4 4 7 4
      1.78529084779299740404e-03 	 4 4 7 5
      7.55733896237510281886e-04 	 4 4 7 6
      3.00426699812426478697e-01 	 4 4 7 7
      4.08715392925507430954e-04 	 4 4 8 1
     -3.93619435917208840281e-03 	 4 4 8 2
      2.07346735091034473477e-04 	 4 4 8 3
     -4.18284110670851926733e-03 	 4 4 8 4
     -3.88735127307569296173e-03 	 4 4 8 5
     -2.14814052092288863523e-04 	 4 4 8 6
     -1.03396812491487587876e-03 	 4 4 8 7
      1.65564313178905686552e-01 	 4 4 8 8
      4.87612567266339745620e-03 	 4 4 9 1
     -1.77497804509023533737e-03 	 4 4 9 2
      7.71493662566694700031e-04 	 4 4 9 3
      1.27058537665395588495e-02 	 4 4 9 4
     -2.91118163092315756710e-03 	 4 4 9 5
     -1.08722428135571988830e-03 	 4 4 9 6
      9.14043610609771746411e-03 	 4 4 9 7
      9.06511500909065780565e-04 	 4 4 9 8
      3.07313536238611073603e-01 	 4 4 9 9
      4.07552380000692632267e-04 	 5 1 1 1
     -1.46845659401800632031e-06 	 5 1 2 1
      7.67986984946819405779e-05 	 5 1 2 2
     -4.69597837562440163068e-05 	 5 1 3 1
      7.54338257387550283937e-07 	 5 1 3 2
      1.89000590181350174458e-04 	 5 1 3 3
     -4.97477944772419525743e-05 	 5 1 4 1
      1.42586331356363984839e-05 	 5 1 4 2
      8.39440814920287059822e-06 	 5 1 4 3
     -1.03539479160457824781e-04 	 5 1 4 4
      2.36305593585862769464e-05 	 5 1 5 1
      3.00510809793790843825e-06 	 5 1 5 2
      6.47159439541239758212e-06 	 5 1 5 3
      2.32547854812264329278e-05 	 5 1 5 4
      1.40304817266318306891e-03 	 5 1 5 5
     -1.12756707814033434590e-04 	 5 1 6 1
      8.29798978320623176948e-08 	 5 1 6 2
      6.59882694875074495076e-06 	 5 1 6 3
      3.12896722811352120432e-05 	 5 1 6 4
     -1.29758676235691588215e-06 	 5 1 6 5
     -7.46195486411869828014e-04 	 5 1 6 6
      2.30460569791134399411e-05 	 5 1 7 1
     -3.09968229071973328729e-05 	 5 1 7 2
     -1.31774788208189913658e-06 	 5 1 7 3
      4.19077938857396895336e-06 	 5 1 7 4
     -1.92355355494330828550e-05 	 5 1 7 5
     -8.82400094164929210072e-07 	 5 1 7 6
     -2.29505213685087113788e-05 	 5 1 7 7
      2.39391302586618668006e-06 	 5 1 8 1
      3.83338118968491357256e-05 	 5 1 8 2
      1.58180711606577541191e-07 	 5 1 8 3
      3.15178400876308907407e-06 	 5 1 8 4
      4.96508211126739013356e-05 	 5 1 8 5
     -5.11868261838311983862e-07 	 5 1 8 6
     -1.41677847872626827972e-06 	 5 1 8 7
      2.40803035694116870230e-04 	 5 1 8 8
      9.40748031526269285656e-06 	 5 1 9 1
     -2.20517422375115925849e-06 	 5 1 9 2
      2.31703938758737949780e-08 	 5 1 9 3
     -1.13135687734385492927e-04 	 5 1 9 4
     -1.06305899080144392673e-04 	 5 1 9 5
      8.70561053916416126687e-06 	 5 1 9 6
     -1.39519625882059270709e-05 	 5 1 9 7
     -4.46165061385394470079e-05 	 5 1 9 8
      1.03934033046176822670e-04 	 5 1 9 9
      1.57741976715912923454e-03 	 5 2 1 1
      2.13339300193129885656e-06 	 5 2 2 1
     -3.93172001512398418960e-03 	 5 2 2 2
      4.42579707573035555784e-07 	 5 2 3 1
      1.43435622877792731439e-05 	 5 2 3 2
      1.44412834488371558811e-03 	 5 2 3 3
     -8.69479115424092078939e-06 	 5 2 4 1
      8.75990611670177121446e-05 	 5 2 4 2
     -8.99904530597742441833e-06 	 5 2 4 3
      7.52489229047202711279e-04 	 5 2 4 4
      3.00510809793782797012e-06 	 5 2 5 1
      4.04407698242029102400e-04 	 5 2 5 2
     -8.30095783311482510885e-06 	 5 2 5 3
      1.10970997087043874102e-04 	 5 2 5 4
     -2.73259445359574134476e-03 	 5 2 5 5
      1.48542461379852144951e-05 	 5 2 6 1
      9.10401142853450653382e-06 	 5 2 6 2
     -1.27174309093117697338e-05 	 5 2 6 3
     -1.93107951730706213760e-05 	 5 2 6 4
     -1.55491623752183834349e-05 	 5 2 6 5
      2.46581339137254664309e-03 	 5 2 6 6
      1.41372624302430286038e-05 	 5 2 7 1
      4.03186726178159093870e-04 	 5 2 7 2
     -5.89396456377335814053e-06 	 5 2 7 3
      2.55701941150370571927e-05 	 5 2 7 4
     -4.19792751039648083652e-05 	 5 2 7 5
     -6.17885312756031753308e-06 	 5 2 7 6
      2.08862964394931297646e-04 	 5 2 7 7
      3.65579364760337458115e-05 	 5 2 8 1
      6.80664543149734702424e-04 	 5 2 8 2
      1.06956883839649855006e-05 	 5 2 8 3
      5.90340281276833126552e-05 	 5 2 8 4
      6.89307526958057381963e-04 	 5 2 8 5
     -1.20178347763485086306e-05 	 5 2 8 6
     -8.49612964079386414782e-05 	 5 2 8 7
     -8.14130646772495865371e-03 	 5 2 8 8
     -3.34522407516026450873e-05 	 5 2 9 1
      4.38045044657848624704e-05 	 5 2 9 2
     -3.38898747661856525554e-06 	 5 2 9 3
     -3.96816338815471342369e-05 	 5 2 9 4
     -3.83480318076446103498e-04 	 5 2 9 5
      2.86896381272534395224e-06 	 5 2 9 6
     -1.11809207687560759222e-05 	 5 2 9 7
      6.24024553441573074817e-05 	 5 2 9 8
      1.42784342796747161161e-03 	 5 2 9 9
     -2.84464619238521630989e-04 	 5 3 1 1
     -9.71106369154179983458e-08 	 5 3 2 1
      1.44109397190311441924e-04 	 5 3 2 2
     -1.36173056946487549797e-05 	 5 3 3 1
     -5.65040973701238298277e-06 	 5 3 3 2
      2.98561247676595300712e-04 	 5 3 3 3
      2.32194817215684229177e-05 	 5 3 4 1
      8.34263307731064911338e-07 	 5 3 4 2
      8.30258798922876102479e-06 	 5 3 4 3
     -3.35932582269326662078e-04 	 5 3 4 4
      6.47159439541231626695e-06 	 5 3 5 1
     -8.30095783311448798974e-06 	 5 3 5 2
      4.52257253363842557498e-06 	 5 3 5 3
     -6.21234081529184831787e-07 	 5 3 5 4
      7.72855966872651521486e-04 	 5 3 5 5
     -5.54800912749425372038e-06 	 5 3 6 1
     -9.39258581732846072232e-07 	 5 3 6 2
     -6.56858317617289811182e-06 	 5 3 6 3
      2.20717100244474763785e-06 	 5 3 6 4
      1.87621743760372820754e-06 	 5 3 6 5
     -3.79248480230641275834e-04 	 5 3 6 6
      6.87694067830347468027e-06 	 5 3 7 1
     -5.44668305789149681420e-06 	 5 3 7 2
      8.42897719146591645851e-06 	 5 3 7 3
      2.47543145727380056425e-06 	 5 3 7 4
     -1.00769264405319538587e-05 	 5 3 7 5
      1.16140991595765129892e-06 	 5 3 7 6
     -1.16826632346423917030e-04 	 5 3 7 7
     -1.03213077004928784685e-06 	 5 3 8 1
      9.52972305310005246624e-06 	 5 3 8 2
     -2.06662465188667281477e-06 	 5 3 8 3
      1.67523242802090855115e-06 	 5 3 8 4
     -1.63268349981304288973e-05 	 5 3 8 5
      3.23982117774850940074e-07 	 5 3 8 6
      8.38078072816247473796e-07 	 5 3 8 7
      3.61760249612885298812e-04 	 5 3 8 8
     -3.53376585984025909696e-06 	 5 3 9 1
     -1.57828869646037772070e-06 	 5 3 9 2
      2.82843323345381405243e-06 	 5 3 9 3
     -4.01797123255679455097e-05 	 5 3 9 4
     -9.57196661001114081936e-06 	 5 3 9 5
      4.74543710447300971149e-06 	 5 3 9 6
     -1.45027362439684190609e-05 	 5 3 9 7
     -1.77651038831516538020e-05 	 5 3 9 8
     -1.79999701336317087909e-04 	 5 3 9 9
      1.86723504355568907867e-03 	 5 4 1 1
      1.08990060676421808339e-05 	 5 4 2 1
     -3.49999012238412683662e-03 	 5 4 2 2
      1.02341070243725375082e-04 	 5 4 3 1
     -2.55437076281665419717e-06 	 5 4 3 2
      8.78764636915124568162e-04 	 5 4 3 3
     -9.78695428766610724201e-05 	 5 4 4 1
     -8.93174539238686388118e-05 	 5 4 4 2
     -7.35414959893142554295e-05 	 5 4 4 3
     -4.73867870291306246544e-05 	 5 4 4 4
      2.32547854812293094517e-05 	 5 4 5 1
      1.10970997087043088056e-04 	 5 4 5 2
     -6.21234081527881248081e-07 	 5 4 5 3
      4.08369732494575797457e-04 	 5 4 5 4
      1.26682707874093379574e-03 	 5 4 5 5
      1.50933415472470026236e-04 	 5 4 6 1
      1.88352119977756859823e-06 	 5 4 6 2
     -8.74585306561472133153e-06 	 5 4 6 3
     -8.61255702591407368979e-05 	 5 4 6 4
     -2.62695570603489145798e-05 	 5 4 6 5
      3.88116414177054266932e-03 	 5 4 6 6
      2.28909148257751304031e-05 	 5 4 7 1
     -1.72609739520526481280e-05 	 5 4 7 2
     -3.39881970877579049953e-05 	 5 4 7 3
      5.85960255442225159440e-04 	 5 4 7 4
      3.71492172782067516380e-05 	 5 4 7 5
     -2.57810221314579408154e-05 	 5 4 7 6
     -3.18300638439474037344e-03 	 5 4 7 7
      1.13714023540987436582e-05 	 5 4 8 1
     -3.31295217836450394213e-06 	 5 4 8 2
     -7.54548577561634794151e-07 	 5 4 8 3
      6.33072364693341402579e-05 	 5 4 8 4
      4.27833130761788951214e-04 	 5 4 8 5
     -7.02610063074897057842e-06 	 5 4 8 6
      1.35125326258280203245e-07 	 5 4 8 7
     -3.59671541491708929641e-03 	 5 4 8 8
     -6.70701144161085793544e-05 	 5 4 9 1
      5.17042460116454879429e-05 	 5 4 9 2
      3.60453517649276319681e-06 	 5 4 9 3
      5.01488616631859960085e-04 	 5 4 9 4
     -6.34146620943305816542e-04 	 5 4 9 5
      4.20134567035483034048e-05 	 5 4 9 6
      5.75264088190669421047e-05 	 5 4 9 7
     -9.23822077722574855384e-05 	 5 4 9 8
      5.61128157917501618757e-03 	 5 4 9 9
      9.99448384473066303579e-02 	 5 5 1 1
     -1.03357506629740431708e-05 	 5 5 2 1
      2.57369013087414111318e-01 	 5 5 2 2
      9.81067502238926842859e-04 	 5 5 3 1
      1.83055325870701267614e-05 	 5 5 3 2
      7.61012693507214649236e-02 	 5 5 3 3
      3.71475902433089470722e-03 	 5 5 4 1
     -1.21483341786968158070e-03 	 5 5 4 2
      1.55195065774721614217e-05 	 5 5 4 3
      1.96456779375711237945e-01 	 5 5 4 4
      1.40304817266318003315e-03 	 5 5 5 1
     -2.73259445359577994236e-03 	 5 5 5 2
      7.72855966872649244662e-04 	 5 5 5 3
      1.26682707874092121900e-03 	 5 5 5 4
      5.41833703475520955806e-01 	 5 5 5 5
     -5.42971562558508080536e-04 	 5 5 6 1
     -8.31808280287051857475e-05 	 5 5 6 2
      1.07909869395789496070e-03 	 5 5 6 3
      2.15709363168701401259e-04 	 5 5 6 4
      3.10024277101992744342e-05 	 5 5 6 5
      5.76879631297238099075e-02 	 5 5 6 6
     -2.00631067110266375630e-03 	 5 5 7 1
      3.33733209869359640984e-03 	 5 5 7 2
      4.63808007524622867290e-04 	 5 5 7 3
     -2.08130864370592062740e-03 	 5 5 7 4
     -1.84331131376899324745e-03 	 5 5 7 5
      4.54882571089857573078e-04 	 5 5 7 6
      1.99927489459805096672e-01 	 5 5 7 7
     -6.91408967616832814164e-05 	 5 5 8 1
     -1.49596673013430788053e-03 	 5 5 8 2
     -1.04187798077370015535e-04 	 5 5 8 3
      8.35200307202972071739e-04 	 5 5 8 4
     -1.56644107096419044067e-02 	 5 5 8 5
     -1.26085843600557881818e-04 	 5 5 8 6
     -4.11366373345409307508e-04 	 5 5 8 7
      3.57876335654764288208e-01 	 5 5 8 8
      2.42624348411495886074e-03 	 5 5 9 1
     -1.30114411139906115469e-03 	 5 5 9 2
      9.13720097392402329575e-04 	 5 5 9 3
      1.54916225910006321448e-03 	 5 5 9 4
     -1.67830037539173082539e-02 	 5 5 9 5
      1.73622980554240008595e-03 	 5 5 9 6
     -1.64752109685457979321e-03 	 5 5 9 7
     -6.18556052825877580176e-03 	 5 5 9 8
      2.88266669713610479420e-01 	 5 5 9 9
      1.73549857371513402589e-03 	 6 1 1 1
      4.47665952127546988505e-05 	 6 1 2 1
     -2.46842878229834973916e-03 	 6 1 2 2
      1.37152316887704140043e-03 	 6 1 3 1
      7.34687601154175192643e-07 	 6 1 3 2
     -3.19081151546321117179e-03 	 6 1 3 3
      7.44203036735205402698e-04 	 6 1 4 1
     -1.02179304785901851286e-04 	 6 1 4 2
     -1.17768535478459114812e-04 	 6 1 4 3
     -2.40942220192206114221e-03 	 6 1 4 4
     -1.12756707814024896498e-04 	 6 1 5 1
      1.48542461379769440654e-05 	 6 1 5 2
     -5.54800912749221575911e-06 	 6 1 5 3
      1.50933415472489650296e-04 	 6 1 5 4
     -5.42971562558548629697e-04 	 6 1 5 5
      5.32265251804684130094e-03 	 6 1 6 1
     -1.18443673933604923861e-05 	 6 1 6 2
      4.21614436511344979359e-04 	 6 1 6 3
      2.42634517959713769792e-05 	 6 1 6 4
      3.78537786213293266809e-06 	 6 1 6 5
      1.26883493363309108465e-02 	 6 1 6 6
     -1.77624142449446178896e-05 	 6 1 7 1
      6.90095083949887079782e-05 	 6 1 7 2
      2.89975690752309559622e-08 	 6 1 7 3
      3.96882825599303643016e-04 	 6 1 7 4
      2.57239730309214451130e-05 	 6 1 7 5
      8.03917276010560484219e-05 	 6 1 7 6
     -3.12965195602658320662e-03 	 6 1 7 7
     -2.94180843204121928152e-05 	 6 1 8 1
     -1.06045811583951524312e-05 	 6 1 8 2
     -1.89535302738964157155e-06 	 6 1 8 3
      3.77425125910378856048e-05 	 6 1 8 4
      2.95317188859932065769e-05 	 6 1 8 5
     -2.95219846580825463650e-06 	 6 1 8 6
      5.42345390840789202155e-06 	 6 1 8 7
     -1.83602587256828154484e-03 	 6 1 8 8
     -4.33398701560891073080e-04 	 6 1 9 1
      3.69399690559998525579e-05 	 6 1 9 2
     -1.52223578544895909141e-05 	 6 1 9 3
      3.92653297521534938586e-04 	 6 1 9 4
      1.24946033666248384119e-04 	 6 1 9 5
     -1.36860155256920263105e-04 	 6 1 9 6
     -1.12521857286081217230e-05 	 6 1 9 7
      1.95218907734686096577e-05 	 6 1 9 8
      1.10757889936690810846e-03 	 6 1 9 9
      3.27868856428776785962e-04 	 6 2 1 1
     -6.64837361512286155235e-06 	 6 2 2 1
     -9.35683184484069709920e-04 	 6 2 2 2
     -4.46694048485265413323e-06 	 6 2 3 1
      1.73109348626691862819e-06 	 6 2 3 2
      3.42912097080851671193e-04 	 6 2 3 3
     -2.41826616876478194538e-05 	 6 2 4 1
     -1.02218573772051795316e-06 	 6 2 4 2
     -3.54623171171083764381e-07 	 6 2 4 3
      3.40470614659822766283e-04 	 6 2 4 4
      8.29798978315123815538e-08 	 6 2 5 1
      9.10401142853620229378e-06 	 6 2 5 2
     -9.39258581732987526734e-07 	 6 2 5 3
      1.88352119977564562168e-06 	 6 2 5 4
     -8.31808280287058227163e-05 	 6 2 5 5
     -1.18443673933584916943e-05 	 6 2 6 1
      4.67235612116717201927e-06 	 6 2 6 2
      6.00349406388490924451e-06 	 6 2 6 3
      5.58177300547912406216e-06 	 6 2 6 4
     -5.72991325551366056864e-06 	 6 2 6 5
     -1.44251305927209615967e-04 	 6 2 6 6
     -4.64156092311475557333e-06 	 6 2 7 1
     -7.75258315165191771925e-06 	 6 2 7 2
     -5.85832744695795458077e-06 	 6 2 7 3
     -4.16377475917450483246e-05 	 6 2 7 4
     -1.38040569391601081488e-06 	 6 2 7 5
     -3.22963864946590822566e-06 	 6 2 7 6
      5.40799052441948391009e-05 	 6 2 7 7
      1.11557215461981334959e-06 	 6 2 8 1
      1.51543272200968666511e-05 	 6 2 8 2
      1.94109262227117225920e-07 	 6 2 8 3
     -1.58389118980301127077e-06 	 6 2 8 4
     -9.08847616411897830425e-06 	 6 2 8 5
     -2.18337877503482693460e-06 	 6 2 8 6
     -2.02425006396174497932e-05 	 6 2 8 7
     -4.32173040421467494210e-04 	 6 2 8 8
      4.38068428267893480294e-06 	 6 2 9 1
     -9.93481530209650073990e-06 	 6 2 9 2
     -1.04190785943567749068e-06 	 6 2 9 3
      1.30093182257789747440e-06 	 6 2 9 4
     -3.58871157473464893098e-06 	 6 2 9 5
     -7.90661333275315999895e-06 	 6 2 9 6
      1.54182709751007059691e-05 	 6 2 9 7
     -8.94142120261094463856e-07 	 6 2 9 8
      2.18371674810863031658e-04 	 6 2 9 9
      5.31042068170657979853e-03 	 6 3 1 1
      7.21216275462716474110e-06 	 6 3 2 1
      1.92280670025407390486e-03 	 6 3 2 2
     -4.32376856606790757782e-04 	 6 3 3 1
      2.88226124507768164860e-05 	 6 3 3 2
     -8.23675745613585579864e-04 	 6 3 3 3
     -6.83985979316382888653e-05 	 6 3 4 1
      7.69888382627382677787e-06 	 6 3 4 2
     -8.76383216608635977167e-05 	 6 3 4 3
      2.07708827458420036693e-03 	 6 3 4 4
      6.59882694875297180038e-06 	 6 3 5 1
     -1.27174309093095725304e-05 	 6 3 5 2
     -6.56858317617246866612e-06 	 6 3 5 3
     -8.74585306560935961298e-06 	 6 3 5 4
      1.07909869395789170810e-03 	 6 3 5 5
      4.21614436511339504138e-04 	 6 3 6 1
      6.00349406388468308671e-06 	 6 3 6 2
      3.11387780017858943355e-04 	 6 3 6 3
      1.07557736903960974900e-04 	 6 3 6 4
     -2.79743235140180514795e-05 	 6 3 6 5
     -1.54253504229076294878e-03 	 6 3 6 6
      3.65780929676037431532e-05 	 6 3 7 1
     -2.34964361330866630478e-05 	 6 3 7 2
     -5.88900414855770453285e-05 	 6 3 7 3
     -1.61257002083595819483e-05 	 6 3 7 4
      9.00636088958869019847e-06 	 6 3 7 5
     -1.31352734488189797199e-06 	 6 3 7 6
      1.79539255004060750026e-03 	 6 3 7 7
      2.78828567553100820688e-06 	 6 3 8 1
     -9.21246941097089128256e-07 	 6 3 8 2
      8.99484595199440077466e-06 	 6 3 8 3
     -1.31848404020527711875e-05 	 6 3 8 4
     -7.00403450374252569864e-06 	 6 3 8 5
     -8.06450645168134254166e-06 	 6 3 8 6
      6.56009453866914456536e-06 	 6 3 8 7
      1.74040813547342754393e-03 	 6 3 8 8
     -2.29878440042013078748e-05 	 6 3 9 1
     -1.02908224991074946116e-05 	 6 3 9 2
     -3.27646983902696471973e-06 	 6 3 9 3
      2.60545824945780015044e-05 	 6 3 9 4
      9.63004127864256357695e-06 	 6 3 9 5
     -6.50556912837376837564e-05 	 6 3 9 6
      3.61203912343127685799e-05 	 6 3 9 7
      9.31220076695679400980e-06 	 6 3 9 8
      9.37703542878604609338e-04 	 6 3 9 9
      3.45389388222179386304e-03 	 6 4 1 1
     -4.94470400416258033013e-06 	 6 4 2 1
      1.89938401215025199666e-03 	 6 4 2 2
     -1.07081531371619123475e-04 	 6 4 3 1
      1.10819178506812159740e-05 	 6 4 3 2
      1.81463375246062436595e-03 	 6 4 3 3
     -4.74310788755937385707e-04 	 6 4 4 1
      5.69148849166199589217e-05 	 6 4 4 2
     -7.00699339104413136377e-05 	 6 4 4 3
      4.22410471622308800882e-03 	 6 4 4 4
      3.12896722811379496536e-05 	 6 4 5 1
     -1.93107951730724712960e-05 	 6 4 5 2
      2.20717100244563236376e-06 	 6 4 5 3
     -8.61255702591330932726e-05 	 6 4 5 4
      2.15709363168694841836e-04 	 6 4 5 5
      2.42634517959574043237e-05 	 6 4 6 1
      5.58177300547888096370e-06 	 6 4 6 2
      1.07557736903958996231e-04 	 6 4 6 3
      3.38589292071072873319e-04 	 6 4 6 4
     -3.28546751372724775788e-05 	 6 4 6 5
     -6.58573507911972347295e-03 	 6 4 6 6
      1.68454341735429047962e-05 	 6 4 7 1
     -1.29063109328054212779e-04 	 6 4 7 2
     -2.44050629597348183548e-05 	 6 4 7 3
     -7.34666643362769393368e-05 	 6 4 7 4
     -3.23236705896649963946e-06 	 6 4 7 5
      2.12187197808300135021e-05 	 6 4 7 6
      2.31373992851170674420e-03 	 6 4 7 7
      8.84049059319224044690e-06 	 6 4 8 1
      2.79046682286634794125e-05 	 6 4 8 2
      5.57427871869942414022e-06 	 6 4 8 3
     -7.07926050370453221984e-05 	 6 4 8 4
     -4.62324808672456574277e-06 	 6 4 8 5
     -1.19891278018293812697e-05 	 6 4 8 6
     -7.85648642940915320943e-06 	 6 4 8 7
      1.42304979945863298990e-03 	 6 4 8 8
      1.06445319950719104944e-04 	 6 4 9 1
     -3.35422607279704416429e-05 	 6 4 9 2
      3.39996999774914808587e-06 	 6 4 9 3
     -2.89581013360210037539e-04 	 6 4 9 4
      1.53407531936292502702e-05 	 6 4 9 5
     -7.34213647126516678497e-05 	 6 4 9 6
      6.97011844146892643867e-05 	 6 4 9 7
      6.81758114892829598583e-06 	 6 4 9 8
     -6.78902341530735441155e-04 	 6 4 9 9
      6.26969249826253495917e-05 	 6 5 1 1
     -6.46908064569297122575e-07 	 6 5 2 1
      9.13172146991064344313e-06 	 6 5 2 2
      1.87998073357451374381e-06 	 6 5 3 1
     -2.08539879209947410469e-06 	 6 5 3 2
      4.06508396096659030752e-05 	 6 5 3 3
      6.45158299883289077696e-05 	 6 5 4 1
      7.91861325850319528010e-07 	 6 5 4 2
      9.80452276118497651749e-06 	 6 5 4 3
     -4.87986312537327709873e-04 	 6 5 4 4
     -1.29758676235739657335e-06 	 6 5 5 1
     -1.55491623752200199026e-05 	 6 5 5 2
      1.87621743760361449337e-06 	 6 5 5 3
     -2.62695570603505239424e-05 	 6 5 5 4
      3.10024277101975464870e-05 	 6 5 5 5
      3.78537786213471948410e-06 	 6 5 6 1
     -5.72991325551366141567e-06 	 6 5 6 2
     -2.79743235140179024017e-05 	 6 5 6 3
     -3.28546751372721252131e-05 	 6 5 6 4
      4.07759582236633279359e-05 	 6 5 6 5
      3.35626368106863156790e-03 	 6 5 6 6
      1.56176341120642011293e-05 	 6 5 7 1
      3.16899341112036802903e-06 	 6 5 7 2
      4.21715048081581214072e-06 	 6 5 7 3
     -1.01593078593245661923e-05 	 6 5 7 4
     -6.08625454035462677368e-06 	 6 5 7 5
      1.26195075404664168689e-05 	 6 5 7 6
     -1.53883427667269711420e-04 	 6 5 7 7
     -2.26310762502290589607e-06 	 6 5 8 1
     -1.86624836187894788732e-06 	 6 5 8 2
     -9.63712820096063175180e-07 	 6 5 8 3
     -1.53883127894710856614e-06 	 6 5 8 4
     -6.63660468150033115188e-05 	 6 5 8 5
      1.31593109023653154622e-05 	 6 5 8 6
     -1.12044123360984748832e-06 	 6 5 8 7
      2.16240778952725485988e-04 	 6 5 8 8
     -1.30019332786464349963e-05 	 6 5 9 1
     -5.69462913922357985796e-06 	 6 5 9 2
      3.35628815663818964248e-07 	 6 5 9 3
     -9.87588883916778921014e-06 	 6 5 9 4
      6.82705987102698872229e-05 	 6 5 9 5
      4.59905145829773965259e-05 	 6 5 9 6
     -9.65898000310588225777e-06 	 6 5 9 7
     -9.69172597965737189673e-07 	 6 5 9 8
     -7.07010194136472734823e-04 	 6 5 9 9
      4.82859241415221573934e-01 	 6 6 1 1
      3.58076124178324881747e-06 	 6 6 2 1
     -7.68077276560614891077e-02 	 6 6 2 2
      3.87420158154069046302e-03 	 6 6 3 1
     -1.70993065469078245723e-04 	 6 6 3 2
      3.30196917467521389167e-01 	 6 6 3 3
     -2.92437411553072559509e-03 	 6 6 4 1
     -1.54555682747329036766e-04 	 6 6 4 2
     -3.79311902008594957481e-03 	 6 6 4 3
      2.26611268238098462202e-01 	 6 6 4 4
     -7.46195486411876116387e-04 	 6 6 5 1
      2.46581339137253233162e-03 	 6 6 5 2
     -3.79248480230643010558e-04 	 6 6 5 3
      3.88116414177054180196e-03 	 6 6 5 4
      5.76879631297235045961e-02 	 6 6 5 5
      1.26883493363309524798e-02 	 6 6 6 1
     -1.44251305927212109632e-04 	 6 6 6 2
     -1.54253504229075188992e-03 	 6 6 6 3
     -6.58573507911971132989e-03 	 6 6 6 4
      3.35626368106863633839e-03 	 6 6 6 5
      9.65929222574237078547e-01 	 6 6 6 6
      2.22702532031925125658e-03 	 6 6 7 1
      6.52840583811372093120e-04 	 6 6 7 2
     -2.10992019034035322572e-03 	 6 6 7 3
      3.03197711465995984811e-04 	 6 6 7 4
      8.68321841515269057972e-04 	 6 6 7 5
     -5.95689510858937124743e-05 	 6 6 7 6
      5.36003043757859176655e-02 	 6 6 7 7
      2.19920951122458077252e-04 	 6 6 8 1
     -2.22173781406133970945e-03 	 6 6 8 2
     -1.39150952068754394601e-04 	 6 6 8 3
     -3.58580497294865387960e-04 	 6 6 8 4
     -7.64668152109274860267e-04 	 6 6 8 5
      1.10061322377189040912e-03 	 6 6 8 6
     -2.54734954171438685716e-03 	 6 6 8 7
     -7.12402449436351642431e-02 	 6 6 8 8
     -6.51225121470897297393e-03 	 6 6 9 1
      1.11108641060132872191e-05 	 6 6 9 2
     -3.97946000534788292893e-04 	 6 6 9 3
      2.86119773554841449678e-03 	 6 6 9 4
      3.53480325907642219802e-03 	 6 6 9 5
      2.47206073271186068524e-03 	 6 6 9 6
      4.93233928886709950545e-03 	 6 6 9 7
      7.95010864356950888374e-04 	 6 6 9 8
      2.16808021534044853551e-01 	 6 6 9 9
      5.67327759304994596462e-03 	 7 1 1 1
     -7.86702300284537914428e-06 	 7 1 2 1
     -2.23738725913933973050e-03 	 7 1 2 2
     -4.11848118359550978852e-04 	 7 1 3 1
     -1.32540741005880368894e-05 	 7 1 3 2
      4.21012531274085263777e-03 	 7 1 3 3
      3.07001660754336984371e-04 	 7 1 4 1
      3.39416467598915456961e-05 	 7 1 4 2
      8.00591530723452455501e-05 	 7 1 4 3
     -4.98524746114436742572e-03 	 7 1 4 4
      2.30460569791128504062e-05 	 7 1 5 1
      1.41372624302415700131e-05 	 7 1 5 2
      6.87694067830348992686e-06 	 7 1 5 3
      2.28909148257774207802e-05 	 7 1 5 4
     -2.00631067110270105286e-03 	 7 1 5 5
     -1.77624142449376247856e-05 	 7 1 6 1
     -4.64156092311426429422e-06 	 7 1 6 2
      3.65780929676045088710e-05 	 7 1 6 3
      1.68454341735468621341e-05 	 7 1 6 4
      1.56176341120646280339e-05 	 7 1 6 5
      2.22702532031923781247e-03 	 7 1 6 6
      4.11021066302701089043e-04 	 7 1 7 1
     -2.57356761187967075788e-04 	 7 1 7 2
     -1.36736857520689171773e-05 	 7 1 7 3
      7.69943737622003987822e-04 	 7 1 7 4
     -4.79113197430460006606e-05 	 7 1 7 5
     -4.81167544046707298380e-05 	 7 1 7 6
     -3.81622933954240111526e-03 	 7 1 7 7
     -7.49585112882485450083e-06 	 7 1 8 1
      1.82388684404830107291e-04 	 7 1 8 2
     -5.65958070707175680961e-06 	 7 1 8 3
      2.57789025690591331718e-05 	 7 1 8 4
      1.13456332190811797259e-04 	 7 1 8 5
      6.73558497156368025569e-06 	 7 1 8 6
      3.82969982970844232610e-06 	 7 1 8 7
     -2.26794688605655870434e-03 	 7 1 8 8
     -1.87780229133297209970e-04 	 7 1 9 1
      3.44072279891250267566e-05 	 7 1 9 2
     -1.17733781555687879876e-05 	 7 1 9 3
     -2.14064066275522236213e-04 	 7 1 9 4
      8.89800170194108967260e-05 	 7 1 9 5
      9.13839955285477705286e-06 	 7 1 9 6
     -1.64212629382463578317e-04 	 7 1 9 7
     -1.40098683296410049911e-05 	 7 1 9 8
     -2.23110596075439589908e-03 	 7 1 9 9
     -8.66022774317036091347e-04 	 7 2 1 1
      1.03986774662535768677e-04 	 7 2 2 1
      1.55616683439000636630e-02 	 7 2 2 2
      1.16080907219991974065e-04 	 7 2 3 1
      6.74937391571679804218e-05 	 7 2 3 2
     -2.06230615929232832112e-03 	 7 2 3 3
      5.76509585733209119901e-04 	 7 2 4 1
      6.47900324299401759141e-04 	 7 2 4 2
      1.79775482250309448203e-05 	 7 2 4 3
      3.02251727095160507494e-03 	 7 2 4 4
     -3.09968229071868364407e-05 	 7 2 5 1
      4.03186726178155244952e-04 	 7 2 5 2
     -5.44668305788819084461e-06 	 7 2 5 3
     -1.72609739520236728249e-05 	 7 2 5 4
      3.33733209869374733078e-03 	 7 2 5 5
      6.90095083949706289070e-05 	 7 2 6 1
     -7.75258315165358298602e-06 	 7 2 6 2
     -2.34964361330899834169e-05 	 7 2 6 3
     -1.29063109328054890406e-04 	 7 2 6 4
      3.16899341111810179238e-06 	 7 2 6 5
      6.52840583811392909802e-04 	 7 2 6 6
     -2.57356761187950866965e-04 	 7 2 7 1
      7.23603618266308642321e-03 	 7 2 7 2
      2.93718823778073203495e-04 	 7 2 7 3
      4.54536137741509943099e-04 	 7 2 7 4
      8.83402263074878704458e-05 	 7 2 7 5
      1.55921818786927852962e-04 	 7 2 7 6
      1.55898968623213885626e-02 	 7 2 7 7
      6.75127209018130307414e-05 	 7 2 8 1
      5.33635220531032423291e-04 	 7 2 8 2
      1.85107903756724528920e-05 	 7 2 8 3
      2.75278714414248790524e-04 	 7 2 8 4
     -6.52683858029752214137e-04 	 7 2 8 5
     -1.69326055339666000624e-05 	 7 2 8 6
      7.44239748707631754848e-04 	 7 2 8 7
      1.35018010136590729114e-03 	 7 2 8 8
      7.24108806035943231277e-05 	 7 2 9 1
     -9.03765854035896206570e-05 	 7 2 9 2
      4.31886874238573669209e-05 	 7 2 9 3
      5.37023058573277600920e-04 	 7 2 9 4
     -4.90644281095868411112e-04 	 7 2 9 5
      3.40527183906789876369e-05 	 7 2 9 6
     -3.39879005455350272340e-04 	 7 2 9 7
     -4.52196022692985286442e-05 	 7 2 9 8
      3.78572931005881872790e-03 	 7 2 9 9
     -2.39991887978905499290e-03 	 7 3 1 1
      1.00672734735353485022e-05 	 7 3 2 1
      2.73323227776133340083e-03 	 7 3 2 2
      1.35010992063363611040e-04 	 7 3 3 1
     -4.51886053623988350240e-05 	 7 3 3 2
      2.20409542137978749915e-03 	 7 3 3 3
      2.09685770222571712202e-04 	 7 3 4 1
      4.47461333275208188978e-05 	 7 3 4 2
      8.29658800993904088682e-05 	 7 3 4 3
     -1.13673188280024868406e-03 	 7 3 4 4
     -1.31774788208171956560e-06 	 7 3 5 1
     -5.89396456377586281696e-06 	 7 3 5 2
      8.42897719146580634423e-06 	 7 3 5 3
     -3.39881970877552893576e-05 	 7 3 5 4
      4.63808007524605194795e-04 	 7 3 5 5
      2.89975690781549136962e-08 	 7 3 6 1
     -5.85832744695798507395e-06 	 7 3 6 2
     -5.88900414855771537487e-05 	 7 3 6 3
     -2.44050629597322230459e-05 	 7 3 6 4
      4.21715048081564612226e-06 	 7 3 6 5
     -2.10992019034035842989e-03 	 7 3 6 6
     -1.36736857520678024819e-05 	 7 3 7 1
      2.93718823778070438780e-04 	 7 3 7 2
      1.45754254740644838837e-04 	 7 3 7 3
      3.97954441552215884255e-05 	 7 3 7 4
     -3.67647473985967566403e-05 	 7 3 7 5
      2.63823713663107557639e-05 	 7 3 7 6
      3.62316035847570164924e-03 	 7 3 7 7
     -1.25916918522280786103e-06 	 7 3 8 1
      2.05387990112445905982e-05 	 7 3 8 2
     -1.41982328510320810714e-05 	 7 3 8 3
      2.47022809021477557671e-05 	 7 3 8 4
     -2.10855969655921658985e-06 	 7 3 8 5
      1.47101882906074262536e-06 	 7 3 8 6
      8.28934345942206713635e-05 	 7 3 8 7
      1.58748513292894717110e-03 	 7 3 8 8
      5.54118176962717689301e-06 	 7 3 9 1
      5.77204825437463747066e-06 	 7 3 9 2
      1.68935106914365430406e-05 	 7 3 9 3
     -3.66066556443822728982e-05 	 7 3 9 4
     -4.15138809015499268005e-05 	 7 3 9 5
      1.78489181581693798228e-05 	 7 3 9 6
     -7.97018146888921685204e-05 	 7 3 9 7
     -3.45901346278627629349e-06 	 7 3 9 8
     -6.48390750765359701914e-04 	 7 3 9 9
     -1.54510458586417081389e-03 	 7 4 1 1
      1.14964521403196394747e-04 	 7 4 2 1
     -4.41848819550682203258e-04 	 7 4 2 2
      3.96031330490378584083e-04 	 7 4 3 1
     -9.08615857243340515617e-06 	 7 4 3 2
     -3.71718037757802965623e-03 	 7 4 3 3
     -1.07491114424153452397e-03 	 7 4 4 1
     -5.06798562307445217036e-04 	 7 4 4 2
     -2.85973854242674123405e-04 	 7 4 4 3
     -1.27855391385709483976e-02 	 7 4 4 4
      4.19077938856004457874e-06 	 7 4 5 1
      2.55701941150468556698e-05 	 7 4 5 2
      2.47543145727143861287e-06 	 7 4 5 3
      5.85960255442191874434e-04 	 7 4 5 4
     -2.08130864370606764521e-03 	 7 4 5 5
      3.96882825599346523212e-04 	 7 4 6 1
     -4.16377475917454887818e-05 	 7 4 6 2
     -1.61257002083491634431e-05 	 7 4 6 3
     -7.34666643362622077398e-05 	 7 4 6 4
     -1.01593078593241545343e-05 	 7 4 6 5
      3.03197711465955218810e-04 	 7 4 6 6
      7.69943737622025780286e-04 	 7 4 7 1
      4.54536137741402227613e-04 	 7 4 7 2
      3.97954441552192302858e-05 	 7 4 7 3
      6.81276702411574928281e-03 	 7 4 7 4
     -1.05849905534938329736e-04 	 7 4 7 5
     -1.76183211389201963568e-04 	 7 4 7 6
     -1.42416770649888800582e-02 	 7 4 7 7
     -4.78802445635054324199e-06 	 7 4 8 1
      6.44969438866760868753e-04 	 7 4 8 2
     -6.99209544565620556638e-06 	 7 4 8 3
      1.85255588508849060593e-06 	 7 4 8 4
      4.69878769872521489907e-04 	 7 4 8 5
     -1.92911865832039487869e-06 	 7 4 8 6
      3.74082444251188815047e-04 	 7 4 8 7
     -1.93461274049469274076e-03 	 7 4 8 8
     -1.98450447614590845319e-04 	 7 4 9 1
      2.78582401002758163391e-04 	 7 4 9 2
     -1.94621858003429364656e-05 	 7 4 9 3
      1.48676374856671024080e-03 	 7 4 9 4
      5.33197225603660655661e-04 	 7 4 9 5
      4.02475082546842121778e-05 	 7 4 9 6
     -9.24327538450656635907e-04 	 7 4 9 7
      2.14486763939409404850e-05 	 7 4 9 8
      2.64762740180325543450e-04 	 7 4 9 9
      8.82482003574585477379e-04 	 7 5 1 1
      1.95826250302260602634e-06 	 7 5 2 1
      1.14401314807819872235e-03 	 7 5 2 2
      3.66801271450818854492e-05 	 7 5 3 1
     -5.81063192126384734092e-06 	 7 5 3 2
      8.77984654562095337069e-05 	 7 5 3 3
     -1.04883793729246765984e-06 	 7 5 4 1
     -5.12885546739411712414e-05 	 7 5 4 2
     -3.43367760506368431940e-05 	 7 5 4 3
      1.78529084779298005681e-03 	 7 5 4 4
     -1.92355355494284749958e-05 	 7 5 5 1
     -4.19792751039671936100e-05 	 7 5 5 2
     -1.00769264405310661682e-05 	 7 5 5 3
      3.71492172782308005975e-05 	 7 5 5 4
     -1.84331131376900951048e-03 	 7 5 5 5
      2.57239730309139336248e-05 	 7 5 6 1
     -1.38040569391591065323e-06 	 7 5 6 2
      9.00636088958779403761e-06 	 7 5 6 3
     -3.23236705897382054523e-06 	 7 5 6 4
     -6.08625454035496728092e-06 	 7 5 6 5
      8.68321841515261576977e-04 	 7 5 6 6
     -4.79113197430444624487e-05 	 7 5 7 1
      8.83402263074850244151e-05 	 7 5 7 2
     -3.67647473985937140980e-05 	 7 5 7 3
     -1.05849905534920033824e-04 	 7 5 7 4
      1.19978896614270631022e-04 	 7 5 7 5
     -2.10417756033891739279e-06 	 7 5 7 6
     -1.93040068336122186063e-03 	 7 5 7 7
      9.78157735068945631115e-09 	 7 5 8 1
     -2.98588405567642533982e-04 	 7 5 8 2
     -6.46778432275822622622e-07 	 7 5 8 3
     -9.17177883690221025785e-06 	 7 5 8 4
     -4.44920783355559986859e-05 	 7 5 8 5
      2.74044559441386279631e-07 	 7 5 8 6
      4.45567162188263712571e-05 	 7 5 8 7
      1.16196868699950544603e-03 	 7 5 8 8
      3.21638368119990517209e-05 	 7 5 9 1
     -3.34015268784007649197e-06 	 7 5 9 2
      8.93482556332910710204e-06 	 7 5 9 3
      2.78418496689580201656e-04 	 7 5 9 4
     -8.96523755899968088651e-05 	 7 5 9 5
     -6.14148202702012942802e-06 	 7 5 9 6
      8.42832732936091982845e-05 	 7 5 9 7
      4.24939832701042483044e-05 	 7 5 9 8
      1.43332928296160131212e-03 	 7 5 9 9
     -2.44595893338217485694e-04 	 7 6 1 1
      5.07596278716323551469e-07 	 7 6 2 1
      1.30099869388916058142e-03 	 7 6 2 2
      1.37422626297344152373e-05 	 7 6 3 1
     -1.00310179028422286884e-08 	 7 6 3 2
     -4.23718131108457110069e-04 	 7 6 3 3
      1.03699940855327956898e-04 	 7 6 4 1
      5.83696514020883464404e-06 	 7 6 4 2
      1.28808823241095675595e-06 	 7 6 4 3
      7.55733896237488489422e-04 	 7 6 4 4
     -8.82400094165678410713e-07 	 7 6 5 1
     -6.17885312756070970933e-06 	 7 6 5 2
      1.16140991595732116783e-06 	 7 6 5 3
     -2.57810221314597873472e-05 	 7 6 5 4
      4.54882571089863536190e-04 	 7 6 5 5
      8.03917276010568886786e-05 	 7 6 6 1
     -3.22963864946611320763e-06 	 7 6 6 2
     -1.31352734488177176408e-06 	 7 6 6 3
      2.12187197808299084700e-05 	 7 6 6 4
      1.26195075404663338597e-05 	 7 6 6 5
     -5.95689510858947966765e-05 	 7 6 6 6
     -4.81167544046710754274e-05 	 7 6 7 1
      1.55921818786934439490e-04 	 7 6 7 2
      2.63823713663113927326e-05 	 7 6 7 3
     -1.76183211389203833817e-04 	 7 6 7 4
     -2.10417756033621408714e-06 	 7 6 7 5
      3.32375967799861330300e-05 	 7 6 7 6
      1.95380756795187487951e-03 	 7 6 7 7
      1.03675539163831686621e-06 	 7 6 8 1
     -4.31073094119833113568e-05 	 7 6 8 2
      9.75477559897397562667e-07 	 7 6 8 3
     -1.77293368239618547015e-06 	 7 6 8 4
     -3.30236359536167724846e-05 	 7 6 8 5
      3.39207535472689133475e-06 	 7 6 8 6
      2.15164906549212388905e-05 	 7 6 8 7
      9.25122134388535791692e-04 	 7 6 8 8
      1.75721681091009200733e-05 	 7 6 9 1
     -9.15901534118501947862e-06 	 7 6 9 2
      8.15405455075454889012e-06 	 7 6 9 3
      2.14436490547755199054e-05 	 7 6 9 4
     -4.67120110175437525894e-05 	 7 6 9 5
      1.63832453853528373967e-05 	 7 6 9 6
      1.17026369094339226305e-05 	 7 6 9 7
     -4.57289784282894761539e-07 	 7 6 9 8
      2.85067455533190880317e-05 	 7 6 9 9
      1.52962025598494061329e-01 	 7 7 1 1
      2.61984044972647504325e-04 	 7 7 2 1
      3.83807229604048838478e-01 	 7 7 2 2
     -8.14384997269590503802e-04 	 7 7 3 1
      7.75167567950417598852e-04 	 7 7 3 2
      1.42769414447028342163e-01 	 7 7 3 3
      3.82191784347908885405e-03 	 7 7 4 1
      5.15044777844534708289e-03 	 7 7 4 2
      9.87903025843512054213e-04 	 7 7 4 3
      3.00426699812426423186e-01 	 7 7 4 4
     -2.29505213685426062492e-05 	 7 7 5 1
      2.08862964394942356508e-04 	 7 7 5 2
     -1.16826632346432807488e-04 	 7 7 5 3
     -3.18300638439485226311e-03 	 7 7 5 4
      1.99927489459804846872e-01 	 7 7 5 5
     -3.12965195602654677742e-03 	 7 7 6 1
      5.40799052441938362138e-05 	 7 7 6 2
      1.79539255004061248759e-03 	 7 7 6 3
      2.31373992851170891261e-03 	 7 7 6 4
     -1.53883427667269440369e-04 	 7 7 6 5
      5.36003043757861952212e-02 	 7 7 6 6
     -3.81622933954236338502e-03 	 7 7 7 1
      1.55898968623212879486e-02 	 7 7 7 2
      3.62316035847569557771e-03 	 7 7 7 3
     -1.42416770649891021028e-02 	 7 7 7 4
     -1.93040068336125113409e-03 	 7 7 7 5
      1.95380756795187314478e-03 	 7 7 7 6
      5.60969227138255366327e-01 	 7 7 7 7
      2.27003136123201044094e-04 	 7 7 8 1
     -1.19305796771961101360e-03 	 7 7 8 2
      3.17762822005329876630e-04 	 7 7 8 3
      4.73563616566650632828e-04 	 7 7 8 4
     -3.25143576716974830321e-03 	 7 7 8 5
     -1.50467371533116325919e-05 	 7 7 8 6
      3.15663509635272319237e-03 	 7 7 8 7
      2.73937377768797063471e-01 	 7 7 8 8
      3.57808121142348970964e-03 	 7 7 9 1
     -1.41905513295006806794e-03 	 7 7 9 2
      1.99924749093473373262e-04 	 7 7 9 3
     -2.66067730383764305176e-04 	 7 7 9 4
     -4.11441297375170472045e-03 	 7 7 9 5
     -3.33071032927884373882e-04 	 7 7 9 6
      1.40620125107923979978e-03 	 7 7 9 7
      6.04694226640037054213e-04 	 7 7 9 8
      1.77605420676446162931e-01 	 7 7 9 9
      6.33416613854784530356e-04 	 8 1 1 1
      2.30355824843605892652e-06 	 8 1 2 1
     -1.93725098874403516697e-04 	 8 1 2 2
      3.10073458408119308899e-05 	 8 1 3 1
      2.13780485327605038713e-06 	 8 1 3 2
      1.13772262231392234564e-04 	 8 1 3 3
     -4.49126992534963460847e-05 	 8 1 4 1
      8.94360820271276902845e-06 	 8 1 4 2
     -1.17816524992772634825e-05 	 8 1 4 3
      4.08715392925515454050e-04 	 8 1 4 4
      2.39391302586535997590e-06 	 8 1 5 1
      3.65579364760363275679e-05 	 8 1 5 2
     -1.03213077004949177003e-06 	 8 1 5 3
      1.13714023540938173146e-05 	 8 1 5 4
     -6.91408967616907217538e-05 	 8 1 5 5
     -2.94180843204156487096e-05 	 8 1 6 1
      1.11557215462000075563e-06 	 8 1 6 2
      2.78828567553053048030e-06 	 8 1 6 3
      8.84049059319073611638e-06 	 8 1 6 4
     -2.26310762502252938992e-06 	 8 1 6 5
      2.19920951122461302753e-04 	 8 1 6 6
     -7.49585112882381942657e-06 	 8 1 7 1
      6.75127209018077859134e-05 	 8 1 7 2
     -1.25916918522215712796e-06 	 8 1 7 3
     -4.78802445633708812363e-06 	 8 1 7 4
      9.78157734166641137074e-09 	 8 1 7 5
      1.03675539163831898379e-06 	 8 1 7 6
      2.27003136123222890768e-04 	 8 1 7 7
      1.55143145374550222421e-05 	 8 1 8 1
      2.84844446948680538696e-05 	 8 1 8 2
      5.30994349996875677686e-06 	 8 1 8 3
      2.91058280407072023500e-05 	 8 1 8 4
      2.93820178223631168048e-05 	 8 1 8 5
     -5.44730237304662276394e-06 	 8 1 8 6
      1.30705106939597054624e-06 	 8 1 8 7
     -1.71531503304390444374e-03 	 8 1 8 8
      5.48906777617991793988e-06 	 8 1 9 1
      1.79801430754008223398e-07 	 8 1 9 2
      1.32661482303688576128e-06 	 8 1 9 3
      3.32114686350880349277e-06 	 8 1 9 4
     -6.54654723047752974772e-05 	 8 1 9 5
     -3.48784210625876564617e-07 	 8 1 9 6
      1.22875765614279611634e-06 	 8 1 9 7
     -3.65113424094919378237e-06 	 8 1 9 8
      3.53644283231351801242e-04 	 8 1 9 9
     -1.89259244090161753149e-03 	 8 2 1 1
      5.10731018552064425361e-05 	 8 2 2 1
     -1.45706300682275306096e-02 	 8 2 2 2
     -3.27620209830745739358e-05 	 8 2 3 1
      6.72682171333721889940e-05 	 8 2 3 2
     -9.35124919113395920017e-04 	 8 2 3 3
     -1.81863626905422827223e-04 	 8 2 4 1
      4.32675151634288282943e-04 	 8 2 4 2
      1.66414180401344188713e-05 	 8 2 4 3
     -3.93619435917203896319e-03 	 8 2 4 4
      3.83338118968634878518e-05 	 8 2 5 1
      6.80664543149579010992e-04 	 8 2 5 2
      9.52972305310366929693e-06 	 8 2 5 3
     -3.31295217829990920957e-06 	 8 2 5 4
     -1.49596673013444449001e-03 	 8 2 5 5
     -1.06045811583705139368e-05 	 8 2 6 1
      1.51543272200972054643e-05 	 8 2 6 2
     -9.21246941093817887014e-07 	 8 2 6 3
      2.79046682286741249226e-05 	 8 2 6 4
     -1.86624836187944742500e-06 	 8 2 6 5
     -2.22173781406135445460e-03 	 8 2 6 6
      1.82388684404805794057e-04 	 8 2 7 1
      5.33635220531082188171e-04 	 8 2 7 2
      2.05387990112339552525e-05 	 8 2 7 3
      6.44969438866627945567e-04 	 8 2 7 4
     -2.98588405567589137025e-04 	 8 2 7 5
     -4.31073094119783036980e-05 	 8 2 7 6
     -1.19305796771978969012e-03 	 8 2 7 7
      2.84844446948698529676e-05 	 8 2 8 1
      7.01584730227160224825e-03 	 8 2 8 2
     -1.42333030917481063239e-05 	 8 2 8 3
     -2.91112400870386487284e-05 	 8 2 8 4
     -5.77993657757148613860e-04 	 8 2 8 5
     -3.62033621358696504908e-05 	 8 2 8 6
     -6.59641392993187778565e-04 	 8 2 8 7
     -1.45467209273088433907e-02 	 8 2 8 8
     -9.71988742047333022451e-05 	 8 2 9 1
      4.39596945031007710087e-05 	 8 2 9 2
     -3.27762404291294246459e-05 	 8 2 9 3
     -4.64989715686561137873e-04 	 8 2 9 4
      6.43511416394476013642e-04 	 8 2 9 5
     -2.91388691874209863322e-06 	 8 2 9 6
     -1.18883912658081195989e-04 	 8 2 9 7
     -4.22535427597765171452e-04 	 8 2 9 8
     -3.67454712396085786744e-03 	 8 2 9 9
     -7.80786542584325398472e-05 	 8 3 1 1
      6.76139699433422614784e-07 	 8 3 2 1
      2.19831419510175353265e-04 	 8 3 2 2
     -2.50859123054448522643e-06 	 8 3 3 1
      1.32232279913988147495e-05 	 8 3 3 2
     -1.18932384923394114142e-03 	 8 3 3 3
     -1.56181176531852105281e-05 	 8 3 4 1
      6.33389096962032393872e-06 	 8 3 4 2
     -1.18873177586071497548e-05 	 8 3 4 3
      2.07346735091035476364e-04 	 8 3 4 4
      1.58180711606273244604e-07 	 8 3 5 1
      1.06956883839650600395e-05 	 8 3 5 2
     -2.06662465188674269499e-06 	 8 3 5 3
     -7.54548577562931813351e-07 	 8 3 5 4
     -1.04187798077372482095e-04 	 8 3 5 5
     -1.89535302739021924802e-06 	 8 3 6 1
      1.94109262227149836689e-07 	 8 3 6 2
      8.99484595199430251884e-06 	 8 3 6 3
      5.57427871869892269672e-06 	 8 3 6 4
     -9.63712820095967248699e-07 	 8 3 6 5
     -1.39150952068753852500e-04 	 8 3 6 6
     -5.65958070707159417929e-06 	 8 3 7 1
      1.85107903756725647004e-05 	 8 3 7 2
     -1.41982328510319048885e-05 	 8 3 7 3
     -6.99209544565473596422e-06 	 8 3 7 4
     -6.46778432277219062315e-07 	 8 3 7 5
      9.75477559897444572996e-07 	 8 3 7 6
      3.17762822005330635572e-04 	 8 3 7 7
      5.30994349996876694126e-06 	 8 3 8 1
     -1.42333030917498427415e-05 	 8 3 8 2
      6.60336748162947025494e-06 	 8 3 8 3
      9.97827056516708454014e-06 	 8 3 8 4
      3.67333845072629795064e-05 	 8 3 8 5
     -1.82495504554680230754e-06 	 8 3 8 6
      7.16785747915967252344e-06 	 8 3 8 7
     -5.14340263219314683396e-04 	 8 3 8 8
      8.03739185740457841929e-06 	 8 3 9 1
      3.04639134363283790751e-07 	 8 3 9 2
     -3.18271568891023069365e-06 	 8 3 9 3
     -2.04698900008381725880e-06 	 8 3 9 4
     -1.71264098417528425218e-05 	 8 3 9 5
     -1.05692742309220509271e-06 	 8 3 9 6
      7.19455487142416465919e-07 	 8 3 9 7
      5.15254501744655697546e-06 	 8 3 9 8
      2.50815309345793274395e-05 	 8 3 9 9
     -1.41462218619999046711e-03 	 8 4 1 1
      3.05319961885424621413e-06 	 8 4 2 1
      6.98763283329301891980e-04 	 8 4 2 2
     -3.60023195331086095779e-05 	 8 4 3 1
      1.40147797743025874391e-06 	 8 4 3 2
     -4.74829515633008205060e-04 	 8 4 3 3
      6.82992354716015047248e-05 	 8 4 4 1
      6.06488251731473405524e-05 	 8 4 4 2
      6.75723242502088595075e-05 	 8 4 4 3
     -4.18284110670845768465e-03 	 8 4 4 4
      3.15178400875961666250e-06 	 8 4 5 1
      5.90340281277071786555e-05 	 8 4 5 2
      1.67523242802010746974e-06 	 8 4 5 3
      6.33072364693112771446e-05 	 8 4 5 4
      8.35200307202977709591e-04 	 8 4 5 5
      3.77425125910242788676e-05 	 8 4 6 1
     -1.58389118980219218991e-06 	 8 4 6 2
     -1.31848404020552394415e-05 	 8 4 6 3
     -7.07926050370505128163e-05 	 8 4 6 4
     -1.53883127894611563177e-06 	 8 4 6 5
     -3.58580497294860183789e-04 	 8 4 6 6
      2.57789025690638392869e-05 	 8 4 7 1
      2.75278714414234099584e-04 	 8 4 7 2
      2.47022809021512489310e-05 	 8 4 7 3
      1.85255588514272061983e-06 	 8 4 7 4
     -9.17177883694482617950e-06 	 8 4 7 5
     -1.77293368239695012915e-06 	 8 4 7 6
      4.73563616566736501640e-04 	 8 4 7 7
      2.91058280407084627350e-05 	 8 4 8 1
     -2.91112400870295888640e-05 	 8 4 8 2
      9.97827056516708115201e-06 	 8 4 8 3
      1.78230926198812882413e-04 	 8 4 8 4
     -2.81284182304839389035e-05 	 8 4 8 5
     -1.01288499361930152995e-05 	 8 4 8 6
      5.01556999885540081142e-05 	 8 4 8 7
     -2.91658412758504393542e-03 	 8 4 8 8
     -2.79770966253711530190e-05 	 8 4 9 1
      9.37944516598395982014e-06 	 8 4 9 2
     -1.45583650839754176210e-06 	 8 4 9 3
     -3.45978928254354842976e-06 	 8 4 9 4
     -2.73035865244280985184e-04 	 8 4 9 5
      2.56994597536382352780e-05 	 8 4 9 6
     -9.85488032295450975878e-05 	 8 4 9 7
     -5.27219488846403008787e-05 	 8 4 9 8
      6.12258434704411103923e-04 	 8 4 9 9
     -1.42529637244149750587e-03 	 8 5 1 1
      3.77030417397807479630e-05 	 8 5 2 1
     -1.49919258106219108716e-03 	 8 5 2 2
     -7.73630387105488425048e-08 	 8 5 3 1
      2.06061983754404510891e-06 	 8 5 3 2
     -1.12207438365750748754e-03 	 8 5 3 3
     -1.92236265799925642355e-04 	 8 5 4 1
      1.30988019120150382289e-05 	 8 5 4 2
     -1.41750622393497627255e-05 	 8 5 4 3
     -3.88735127307562400648e-03 	 8 5 4 4
      4.96508211126844113204e-05 	 8 5 5 1
      6.89307526957945817560e-04 	 8 5 5 2
     -1.63268349981270339893e-05 	 8 5 5 3
      4.27833130761841209759e-04 	 8 5 5 4
     -1.56644107096421333902e-02 	 8 5 5 5
      2.95317188860090359286e-05 	 8 5 6 1
     -9.08847616411960341457e-06 	 8 5 6 2
     -7.00403450374083332681e-06 	 8 5 6 3
     -4.62324808672349170499e-06 	 8 5 6 4
     -6.63660468149998962820e-05 	 8 5 6 5
     -7.64668152109323107264e-04 	 8 5 6 6
      1.13456332190806294933e-04 	 8 5 7 1
     -6.52683858029624928802e-04 	 8 5 7 2
     -2.10855969656761238043e-06 	 8 5 7 3
      4.69878769872459256703e-04 	 8 5 7 4
     -4.44920783355008195715e-05 	 8 5 7 5
     -3.30236359536148005919e-05 	 8 5 7 6
     -3.25143576716995256690e-03 	 8 5 7 7
      2.93820178223581836849e-05 	 8 5 8 1
     -5.77993657757080851224e-04 	 8 5 8 2
      3.67333845072628304286e-05 	 8 5 8 3
     -2.81284182305098750523e-05 	 8 5 8 4
      7.00797729019787818405e-03 	 8 5 8 5
      1.49056766861035072062e-05 	 8 5 8 6
      4.28780692399199198604e-04 	 8 5 8 7
     -1.53047530542422972194e-02 	 8 5 8 8
     -1.81079507990656571109e-04 	 8 5 9 1
      2.97459774228878842672e-04 	 8 5 9 2
     -4.58916915380126565335e-05 	 8 5 9 3
     -6.37023555185283938372e-04 	 8 5 9 4
     -5.42389127789817248465e-04 	 8 5 9 5
      1.33744920171702000132e-05 	 8 5 9 6
     -1.09027559703681864423e-04 	 8 5 9 7
      6.73913389809690762181e-04 	 8 5 9 8
     -1.87857026307044496470e-03 	 8 5 9 9
      6.62067450634740679665e-06 	 8 6 1 1
     -8.26561934748414633869e-09 	 8 6 2 1
      1.78203434666042946893e-04 	 8 6 2 2
     -1.19972602313289585267e-06 	 8 6 3 1
     -9.19533920978631540861e-07 	 8 6 3 2
      3.36336924728818461748e-05 	 8 6 3 3
      1.72042167838306292677e-05 	 8 6 4 1
     -3.22163188852733417479e-07 	 8 6 4 2
      5.21054202363647071735e-06 	 8 6 4 3
     -2.14814052092286911959e-04 	 8 6 4 4
     -5.11868261838112084087e-07 	 8 6 5 1
     -1.20178347763482324978e-05 	 8 6 5 2
      3.23982117774904356090e-07 	 8 6 5 3
     -7.02610063074820147250e-06 	 8 6 5 4
     -1.26085843600554493686e-04 	 8 6 5 5
     -2.95219846580843208990e-06 	 8 6 6 1
     -2.18337877503486420405e-06 	 8 6 6 2
     -8.06450645168146112627e-06 	 8 6 6 3
     -1.19891278018291932284e-05 	 8 6 6 4
      1.31593109023652612521e-05 	 8 6 6 5
      1.10061322377189105964e-03 	 8 6 6 6
      6.73558497156312629614e-06 	 8 6 7 1
     -1.69326055339652583622e-05 	 8 6 7 2
      1.47101882906050990306e-06 	 8 6 7 3
     -1.92911865832331671884e-06 	 8 6 7 4
      2.74044559443134608573e-07 	 8 6 7 5
      3.39207535472697222639e-06 	 8 6 7 6
     -1.50467371533158745329e-05 	 8 6 7 7
     -5.44730237304656770680e-06 	 8 6 8 1
     -3.62033621358698198974e-05 	 8 6 8 2
     -1.82495504554677859062e-06 	 8 6 8 3
     -1.01288499361925850067e-05 	 8 6 8 4
      1.49056766861018690444e-05 	 8 6 8 5
      6.58118681248649400948e-06 	 8 6 8 6
      5.58059501838714224820e-06 	 8 6 8 7
      6.30267634420977342601e-04 	 8 6 8 8
     -4.67543309763153447367e-06 	 8 6 9 1
     -5.86407643453965079112e-07 	 8 6 9 2
     -7.20695822408506546636e-07 	 8 6 9 3
     -7.34152342439534011853e-06 	 8 6 9 4
      1.86406168646877628680e-05 	 8 6 9 5
      1.47562121746879150219e-05 	 8 6 9 6
     -2.22671889569348772328e-06 	 8 6 9 7
      6.36864051329048253648e-06 	 8 6 9 8
     -2.87669662548258931768e-04 	 8 6 9 9
     -2.06262947995578720464e-03 	 8 7 1 1
      4.77009179833497024611e-05 	 8 7 2 1
      8.17343550852579758814e-03 	 8 7 2 2
      2.21432510950527036350e-05 	 8 7 3 1
      5.12991604925487082540e-07 	 8 7 3 2
     -1.97787358427272807332e-03 	 8 7 3 3
      8.83991391376793021533e-05 	 8 7 4 1
      8.81391111901242102315e-05 	 8 7 4 2
      1.77254087221376917998e-05 	 8 7 4 3
     -1.03396812491489170811e-03 	 8 7 4 4
     -1.41677847872906899416e-06 	 8 7 5 1
     -8.49612964078885648904e-05 	 8 7 5 2
      8.38078072816102631162e-07 	 8 7 5 3
      1.35125326234881765110e-07 	 8 7 5 4
     -4.11366373345331244951e-04 	 8 7 5 5
      5.42345390839541014404e-06 	 8 7 6 1
     -2.02425006396181850178e-05 	 8 7 6 2
      6.56009453866881422251e-06 	 8 7 6 3
     -7.85648642941195858255e-06 	 8 7 6 4
     -1.12044123360935769152e-06 	 8 7 6 5
     -2.54734954171437644882e-03 	 8 7 6 6
      3.82969982971501191364e-06 	 8 7 7 1
      7.44239748707625683316e-04 	 8 7 7 2
      8.28934345942242492306e-05 	 8 7 7 3
      3.74082444251231207352e-04 	 8 7 7 4
      4.45567162187859711737e-05 	 8 7 7 5
      2.15164906549200022224e-05 	 8 7 7 6
      3.15663509635277523407e-03 	 8 7 7 7
      1.30705106939860905388e-06 	 8 7 8 1
     -6.59641392993157420904e-04 	 8 7 8 2
      7.16785747915956495026e-06 	 8 7 8 3
      5.01556999885638472489e-05 	 8 7 8 4
      4.28780692399221424749e-04 	 8 7 8 5
      5.58059501838621390009e-06 	 8 7 8 6
      4.11390382886348199894e-04 	 8 7 8 7
      3.22674717428231803973e-03 	 8 7 8 8
      1.44576342993549824899e-05 	 8 7 9 1
      4.24235869397548520611e-05 	 8 7 9 2
      3.11809026312192424349e-06 	 8 7 9 3
      2.40108189042429346683e-05 	 8 7 9 4
     -5.49143963524994081662e-05 	 8 7 9 5
      7.68794187006910450740e-06 	 8 7 9 6
     -1.26013665871839940485e-04 	 8 7 9 7
      9.51307122680077635280e-05 	 8 7 9 8
     -8.28165873004302484882e-04 	 8 7 9 9
      2.47801217391967198989e-02 	 8 8 1 1
      3.17251350994053105993e-04 	 8 8 2 1
      4.63022547598964495652e-01 	 8 8 2 2
      4.94668608686611721570e-04 	 8 8 3 1
     -1.10536203828800192513e-04 	 8 8 3 2
      1.83484906545405418443e-02 	 8 8 3 3
      4.80176155207218124943e-03 	 8 8 4 1
     -1.54729806737808933854e-03 	 8 8 4 2
      1.05936797924845497142e-03 	 8 8 4 3
      1.65564313178905825330e-01 	 8 8 4 4
      2.40803035694142077931e-04 	 8 8 5 1
     -8.14130646772512171772e-03 	 8 8 5 2
      3.61760249612892020865e-04 	 8 8 5 3
     -3.59671541491698868245e-03 	 8 8 5 4
      3.57876335654764066163e-01 	 8 8 5 5
     -1.83602587256823037050e-03 	 8 8 6 1
     -4.32173040421468795252e-04 	 8 8 6 2
      1.74040813547343404914e-03 	 8 8 6 3
      1.42304979945864448244e-03 	 8 8 6 4
      2.16240778952725160728e-04 	 8 8 6 5
     -7.12402449436352336321e-02 	 8 8 6 6
     -2.26794688605655913802e-03 	 8 8 7 1
      1.35018010136601137455e-03 	 8 8 7 2
      1.58748513292893481119e-03 	 8 8 7 3
     -1.93461274049475085400e-03 	 8 8 7 4
      1.16196868699958892959e-03 	 8 8 7 5
      9.25122134388540345341e-04 	 8 8 7 6
      2.73937377768796841426e-01 	 8 8 7 7
     -1.71531503304390357638e-03 	 8 8 8 1
     -1.45467209273089335964e-02 	 8 8 8 2
     -5.14340263219314900237e-04 	 8 8 8 3
     -2.91658412758505607848e-03 	 8 8 8 4
     -1.53047530542424915084e-02 	 8 8 8 5
      6.30267634420979836266e-04 	 8 8 8 6
      3.22674717428227033483e-03 	 8 8 8 7
      6.74152291547352455758e-01 	 8 8 8 8
      3.96162172146188699962e-03 	 8 8 9 1
     -1.32204553099103607090e-03 	 8 8 9 2
      6.80496860784853604270e-04 	 8 8 9 3
      3.17199168476912408965e-03 	 8 8 9 4
     -3.07828709216582865199e-03 	 8 8 9 5
      8.19085118029748730437e-04 	 8 8 9 6
     -2.30190658559116826873e-03 	 8 8 9 7
     -1.24866657350675841487e-03 	 8 8 9 8
      1.67048725212870508017e-01 	 8 8 9 9
     -6.71731298159372082479e-03 	 9 1 1 1
     -1.99975927417517404755e-05 	 9 1 2 1
      4.26845709531282167803e-03 	 9 1 2 2
     -2.26641554302328037123e-05 	 9 1 3 1
      1.74497643205713029153e-05 	 9 1 3 2
     -2.76261096895049317046e-03 	 9 1 3 3
     -2.83826676557105684034e-04 	 9 1 4 1
     -1.56081896466170175946e-05 	 9 1 4 2
      3.94084449530846713449e-05 	 9 1 4 3
      4.87612567266332373045e-03 	 9 1 4 4
      9.40748031526237945437e-06 	 9 1 5 1
     -3.34522407515911051105e-05 	 9 1 5 2
     -3.53376585984000837521e-06 	 9 1 5 3
     -6.70701144161218472785e-05 	 9 1 5 4
      2.42624348411492676836e-03 	 9 1 5 5
     -4.33398701560903704035e-04 	 9 1 6 1
      4.38068428267926345172e-06 	 9 1 6 2
     -2.29878440042032391099e-05 	 9 1 6 3
      1.06445319950717207590e-04 	 9 1 6 4
     -1.30019332786457472056e-05 	 9 1 6 5
     -6.51225121470895649406e-03 	 9 1 6 6
     -1.87780229133301546779e-04 	 9 1 7 1
      7.24108806035788867992e-05 	 9 1 7 2
      5.54118176962443250626e-06 	 9 1 7 3
     -1.98450447614561517650e-04 	 9 1 7 4
      3.21638368119921670371e-05 	 9 1 7 5
      1.75721681091044708354e-05 	 9 1 7 6
      3.57808121142352223570e-03 	 9 1 7 7
      5.48906777618173567258e-06 	 9 1 8 1
     -9.71988742047435208505e-05 	 9 1 8 2
      8.03739185740535260741e-06 	 9 1 8 3
     -2.79770966253703500318e-05 	 9 1 8 4
     -1.81079507990651339833e-04 	 9 1 8 5
     -4.67543309763239675321e-06 	 9 1 8 6
      1.44576342993501459318e-05 	 9 1 8 7
      3.96162172146188179545e-03 	 9 1 8 8
      4.44417505828605791628e-04 	 9 1 9 1
     -4.88245402127163963496e-05 	 9 1 9 2
      4.90919540795129523587e-05 	 9 1 9 3
      7.78728244029582039078e-04 	 9 1 9 4
     -2.74864900430416632567e-04 	 9 1 9 5
      1.32016942182630326848e-05 	 9 1 9 6
      1.42191073632285064441e-04 	 9 1 9 7
      1.43654286643892382513e-05 	 9 1 9 8
      3.05554433551633291416e-03 	 9 1 9 9
     -7.83804690036013712931e-04 	 9 2 1 1
      1.90484832419673204263e-05 	 9 2 2 1
      1.76877528506295283485e-03 	 9 2 2 2
      2.44103052273947320665e-05 	 9 2 3 1
     -6.11918200874393268963e-06 	 9 2 3 2
     -6.99027726346326252690e-04 	 9 2 3 3
     -1.14161566041113905336e-06 	 9 2 4 1
     -3.51235380766799011902e-05 	 9 2 4 2
     -2.07650957232168060040e-06 	 9 2 4 3
     -1.77497804509020194394e-03 	 9 2 4 4
     -2.20517422374898238382e-06 	 9 2 5 1
      4.38045044657527090997e-05 	 9 2 5 2
     -1.57828869645990062939e-06 	 9 2 5 3
      5.17042460116649968058e-05 	 9 2 5 4
     -1.30114411139902082237e-03 	 9 2 5 5
      3.69399690560052261349e-05 	 9 2 6 1
     -9.93481530209745958119e-06 	 9 2 6 2
     -1.02908224991079232102e-05 	 9 2 6 3
     -3.35422607279687408008e-05 	 9 2 6 4
     -5.69462913922388817796e-06 	 9 2 6 5
      1.11108641060068650153e-05 	 9 2 6 6
      3.44072279891168545827e-05 	 9 2 7 1
     -9.03765854035515922658e-05 	 9 2 7 2
      5.77204825437391410453e-06 	 9 2 7 3
      2.78582401002706989048e-04 	 9 2 7 4
     -3.34015268780844997579e-06 	 9 2 7 5
     -9.15901534118438589798e-06 	 9 2 7 6
     -1.41905513295008476465e-03 	 9 2 7 7
      1.79801430751308358819e-07 	 9 2 8 1
      4.39596945030749466682e-05 	 9 2 8 2
      3.04639134362833116284e-07 	 9 2 8 3
      9.37944516598144921449e-06 	 9 2 8 4
      2.97459774228857375469e-04 	 9 2 8 5
     -5.86407643453186867591e-07 	 9 2 8 6
      4.24235869397636002173e-05 	 9 2 8 7
     -1.32204553099103368566e-03 	 9 2 8 8
     -4.88245402127244872083e-05 	 9 2 9 1
      1.19852743294940886683e-04 	 9 2 9 2
      1.68797834350073673777e-06 	 9 2 9 3
     -1.05041571193755528687e-04 	 9 2 9 4
      8.77063883312375177021e-05 	 9 2 9 5
      3.57915318198513915469e-05 	 9 2 9 6
     -8.22018369017268689782e-05 	 9 2 9 7
      4.61811496708098819311e-05 	 9 2 9 8
      1.86070249093510408679e-03 	 9 2 9 9
     -9.38033316575653667354e-05 	 9 3 1 1
     -1.06090896514194376249e-06 	 9 3 2 1
      4.88151529383160282839e-04 	 9 3 2 2
     -8.42764638830440556555e-05 	 9 3 3 1
     -1.25222374224217408294e-05 	 9 3 3 2
      3.24527380993562780502e-04 	 9 3 3 3
      1.00353165730402213570e-04 	 9 3 4 1
     -1.98160878013341231591e-05 	 9 3 4 2
     -1.59783342566075967865e-05 	 9 3 4 3
      7.71493662566671714945e-04 	 9 3 4 4
      2.31703938756057884596e-08 	 9 3 5 1
     -3.38898747661509411452e-06 	 9 3 5 2
      2.82843323345391019067e-06 	 9 3 5 3
      3.60453517648994596522e-06 	 9 3 5 4
      9.13720097392393872798e-04 	 9 3 5 5
     -1.52223578544931518406e-05 	 9 3 6 1
     -1.04190785943552163661e-06 	 9 3 6 2
     -3.27646983902707991622e-06 	 9 3 6 3
      3.39996999774791395886e-06 	 9 3 6 4
      3.35628815663991176634e-07 	 9 3 6 5
     -3.97946000534780757688e-04 	 9 3 6 6
     -1.17733781555699467287e-05 	 9 3 7 1
      4.31886874238526912990e-05 	 9 3 7 2
      1.68935106914360991953e-05 	 9 3 7 3
     -1.94621858003413033861e-05 	 9 3 7 4
      8.93482556332808896843e-06 	 9 3 7 5
      8.15405455075575845317e-06 	 9 3 7 6
      1.99924749093485163961e-04 	 9 3 7 7
      1.32661482303742892116e-06 	 9 3 8 1
     -3.27762404291323790968e-05 	 9 3 8 2
     -3.18271568891001597080e-06 	 9 3 8 3
     -1.45583650839631187026e-06 	 9 3 8 4
     -4.58916915380129817941e-05 	 9 3 8 5
     -7.20695822408750174488e-07 	 9 3 8 6
      3.11809026312018613188e-06 	 9 3 8 7
      6.80496860784853387430e-04 	 9 3 8 8
      4.90919540795116513161e-05 	 9 3 9 1
      1.68797834350290704794e-06 	 9 3 9 2
      3.22597990208165491944e-05 	 9 3 9 3
      1.79150120916572670781e-04 	 9 3 9 4
     -1.59309705006294638008e-04 	 9 3 9 5
      2.38195942483978074003e-05 	 9 3 9 6
      1.48834967666673080274e-05 	 9 3 9 7
     -1.62660415228902894885e-05 	 9 3 9 8
      1.69770752631226993015e-03 	 9 3 9 9
      7.82363744514545612560e-04 	 9 4 1 1
     -2.66878105161984701128e-06 	 9 4 2 1
      2.76467365237856440782e-03 	 9 4 2 2
      4.05668630629007218383e-04 	 9 4 3 1
     -9.79515249394387780093e-06 	 9 4 3 2
     -1.52039754832563678635e-03 	 9 4 3 3
      1.09184256131774812780e-03 	 9 4 4 1
     -5.99532103155687068514e-04 	 9 4 4 2
     -7.98677357693473985358e-05 	 9 4 4 3
      1.27058537665395033384e-02 	 9 4 4 4
     -1.13135687734386224763e-04 	 9 4 5 1
     -3.96816338814840811043e-05 	 9 4 5 2
     -4.01797123255667596635e-05 	 9 4 5 3
      5.01488616631801521588e-04 	 9 4 5 4
      1.54916225909993918175e-03 	 9 4 5 5
      3.92653297521497858871e-04 	 9 4 6 1
      1.30093182258034052918e-06 	 9 4 6 2
      2.60545824945725228953e-05 	 9 4 6 3
     -2.89581013360218494316e-04 	 9 4 6 4
     -9.87588883916315932805e-06 	 9 4 6 5
      2.86119773554847607946e-03 	 9 4 6 6
     -2.14064066275539854499e-04 	 9 4 7 1
      5.37023058573266867319e-04 	 9 4 7 2
     -3.66066556443910413833e-05 	 9 4 7 3
      1.48676374856680283167e-03 	 9 4 7 4
      2.78418496689526696278e-04 	 9 4 7 5
      2.14436490547842511210e-05 	 9 4 7 6
     -2.66067730383729719127e-04 	 9 4 7 7
      3.32114686351815558354e-06 	 9 4 8 1
     -4.64989715686561300503e-04 	 9 4 8 2
     -2.04698900008071838877e-06 	 9 4 8 3
     -3.45978928253813080703e-06 	 9 4 8 4
     -6.37023555185218127300e-04 	 9 4 8 5
     -7.34152342439824798264e-06 	 9 4 8 6
      2.40108189042275389975e-05 	 9 4 8 7
      3.17199168476919955012e-03 	 9 4 8 8
      7.78728244029596133706e-04 	 9 4 9 1
     -1.05041571193733370305e-04 	 9 4 9 2
      1.79150120916578606788e-04 	 9 4 9 3
      6.80778377539774989108e-03 	 9 4 9 4
      4.57676396142842067689e-04 	 9 4 9 5
     -3.30564191851373426027e-05 	 9 4 9 6
      9.08240106450469903733e-04 	 9 4 9 7
      3.63544820249162199417e-04 	 9 4 9 8
      1.46713441337895100780e-02 	 9 4 9 9
      1.93128855530345076331e-03 	 9 5 1 1
      2.86344482443455893429e-05 	 9 5 2 1
     -4.61684032719541885548e-03 	 9 5 2 2
      6.08871598636408881849e-05 	 9 5 3 1
      2.33362990248852946284e-06 	 9 5 3 2
      7.70074618899973086308e-04 	 9 5 3 3
     -6.00155891320895782531e-04 	 9 5 4 1
      2.98783403913524380901e-05 	 9 5 4 2
     -1.27799500465256964804e-04 	 9 5 4 3
     -2.91118163092333927938e-03 	 9 5 4 4
     -1.06305899080139432448e-04 	 9 5 5 1
     -3.83480318076547151140e-04 	 9 5 5 2
     -9.57196661001067833937e-06 	 9 5 5 3
     -6.34146620943259521110e-04 	 9 5 5 4
     -1.67830037539172353955e-02 	 9 5 5 5
      1.24946033666271233680e-04 	 9 5 6 1
     -3.58871157473862744473e-06 	 9 5 6 2
      9.63004127864464388987e-06 	 9 5 6 3
      1.53407531936378900062e-05 	 9 5 6 4
      6.82705987102697245926e-05 	 9 5 6 5
      3.53480325907638403410e-03 	 9 5 6 6
      8.89800170193937121216e-05 	 9 5 7 1
     -4.90644281095759665634e-04 	 9 5 7 2
     -4.15138809015497370651e-05 	 9 5 7 3
      5.33197225603543344986e-04 	 9 5 7 4
     -8.96523755898856781425e-05 	 9 5 7 5
     -4.67120110175435493014e-05 	 9 5 7 6
     -4.11441297375185303931e-03 	 9 5 7 7
     -6.54654723047818840054e-05 	 9 5 8 1
      6.43511416394461702173e-04 	 9 5 8 2
     -1.71264098417555293103e-05 	 9 5 8 3
     -2.73035865244286785666e-04 	 9 5 8 4
     -5.42389127789960254732e-04 	 9 5 8 5
      1.86406168646894264407e-05 	 9 5 8 6
     -5.49143963524938177488e-05 	 9 5 8 7
     -3.07828709216590758191e-03 	 9 5 8 8
     -2.74864900430394569052e-04 	 9 5 9 1
      8.77063883311793773606e-05 	 9 5 9 2
     -1.59309705006293336966e-04 	 9 5 9 3
      4.57676396142984640274e-04 	 9 5 9 4
      7.23699294044859858799e-03 	 9 5 9 5
     -3.00754594237893349215e-04 	 9 5 9 6
      3.62346848412326005828e-04 	 9 5 9 7
      7.52842399949968203721e-04 	 9 5 9 8
     -1.58594114049075522732e-02 	 9 5 9 9
     -1.92625294396628473845e-03 	 9 6 1 1
     -2.03823730652881096787e-06 	 9 6 2 1
      3.48820963568709696469e-04 	 9 6 2 2
     -9.43156837107237661197e-06 	 9 6 3 1
     -4.13229467185384230775e-06 	 9 6 3 2
     -1.09044391513344772135e-03 	 9 6 3 3
      1.99172220503996175818e-04 	 9 6 4 1
     -1.95296166717796830102e-05 	 9 6 4 2
      3.56842143494908334788e-05 	 9 6 4 3
     -1.08722428135567218341e-03 	 9 6 4 4
      8.70561053916446619873e-06 	 9 6 5 1
      2.86896381272535919884e-06 	 9 6 5 2
      4.74543710447299954709e-06 	 9 6 5 3
      4.20134567035509054900e-05 	 9 6 5 4
      1.73622980554240550696e-03 	 9 6 5 5
     -1.36860155256920534156e-04 	 9 6 6 1
     -7.90661333275304480247e-06 	 9 6 6 2
     -6.50556912837379683594e-05 	 9 6 6 3
     -7.34213647126521286356e-05 	 9 6 6 4
      4.59905145829772881057e-05 	 9 6 6 5
      2.47206073271186675677e-03 	 9 6 6 6
      9.13839955285547839614e-06 	 9 6 7 1
      3.40527183906788656642e-05 	 9 6 7 2
      1.78489181581701726457e-05 	 9 6 7 3
      4.02475082546849101330e-05 	 9 6 7 4
     -6.14148202702168288645e-06 	 9 6 7 5
      1.63832453853523122363e-05 	 9 6 7 6
     -3.33071032927883831781e-04 	 9 6 7 7
     -3.48784210626252594306e-07 	 9 6 8 1
     -2.91388691874082384864e-06 	 9 6 8 2
     -1.05692742309236221732e-06 	 9 6 8 3
      2.56994597536378185378e-05 	 9 6 8 4
      1.33744920171676944898e-05 	 9 6 8 5
      1.47562121746880827344e-05 	 9 6 8 6
      7.68794187007002946738e-06 	 9 6 8 7
      8.19085118029749380958e-04 	 9 6 8 8
      1.32016942182655737837e-05 	 9 6 9 1
      3.57915318198490672885e-05 	 9 6 9 2
      2.38195942483981123322e-05 	 9 6 9 3
     -3.30564191851260872289e-05 	 9 6 9 4
     -3.00754594237894596048e-04 	 9 6 9 5
      1.39308694891929522267e-04 	 9 6 9 6
     -6.97106935396532735724e-05 	 9 6 9 7
     -7.05291630332182615517e-05 	 9 6 9 8
      3.04184844140529316719e-03 	 9 6 9 9
      5.72897908990409321373e-03 	 9 7 1 1
     -1.49460336479753282677e-05 	 9 7 2 1
     -3.01468153050423164768e-03 	 9 7 2 2
      2.86930345816073170684e-05 	 9 7 3 1
      8.28476460368684154061e-06 	 9 7 3 2
      3.76746501051159095319e-03 	 9 7 3 3
     -1.31790350589719727813e-04 	 9 7 4 1
      3.08787401811128108453e-05 	 9 7 4 2
     -1.01978594935724442365e-04 	 9 7 4 3
      9.14043610609764980990e-03 	 9 7 4 4
     -1.39519625882023237928e-05 	 9 7 5 1
     -1.11809207687276020626e-05 	 9 7 5 2
     -1.45027362439671417353e-05 	 9 7 5 3
      5.75264088190509094651e-05 	 9 7 5 4
     -1.64752109685466913147e-03 	 9 7 5 5
     -1.12521857286181776981e-05 	 9 7 6 1
      1.54182709751010346179e-05 	 9 7 6 2
      3.61203912343138392295e-05 	 9 7 6 3
      6.97011844146906060869e-05 	 9 7 6 4
     -9.65898000310515550350e-06 	 9 7 6 5
      4.93233928886710991379e-03 	 9 7 6 6
     -1.64212629382463415686e-04 	 9 7 7 1
     -3.39879005455386918374e-04 	 9 7 7 2
     -7.97018146888933069327e-05 	 9 7 7 3
     -9.24327538450582476479e-04 	 9 7 7 4
      8.42832732935803856118e-05 	 9 7 7 5
      1.17026369094358809707e-05 	 9 7 7 6
      1.40620125107925237652e-03 	 9 7 7 7
      1.22875765615155486053e-06 	 9 7 8 1
     -1.18883912658096307056e-04 	 9 7 8 2
      7.19455487143995335332e-07 	 9 7 8 3
     -9.85488032295226817079e-05 	 9 7 8 4
     -1.09027559703700756646e-04 	 9 7 8 5
     -2.22671889569598562345e-06 	 9 7 8 6
     -1.26013665871836986034e-04 	 9 7 8 7
     -2.30190658559119125381e-03 	 9 7 8 8
      1.42191073632304417450e-04 	 9 7 9 1
     -8.22018369017267741105e-05 	 9 7 9 2
      1.48834967666722072660e-05 	 9 7 9 3
      9.08240106450513271820e-04 	 9 7 9 4
      3.62346848412228861314e-04 	 9 7 9 5
     -6.97106935396593044470e-05 	 9 7 9 6
      5.91568566950253236017e-04 	 9 7 9 7
      1.00293542616954918642e-04 	 9 7 9 8
      2.79602273015874900480e-03 	 9 7 9 9
      8.43285194751773451750e-04 	 9 8 1 1
      3.69188958102634396437e-06 	 9 8 2 1
      1.28604647604023273125e-03 	 9 8 2 2
      2.22464386724252688118e-05 	 9 8 3 1
     -7.57183489772603697349e-07 	 9 8 3 2
      4.16002193978486328567e-04 	 9 8 3 3
     -6.13350273248239032066e-05 	 9 8 4 1
     -2.60762768160620725573e-05 	 9 8 4 2
     -2.32304928169187765953e-05 	 9 8 4 3
      9.06511500909005390504e-04 	 9 8 4 4
     -4.46165061385354625649e-05 	 9 8 5 1
      6.24024553441106867883e-05 	 9 8 5 2
     -1.77651038831507457826e-05 	 9 8 5 3
     -9.23822077722345546625e-05 	 9 8 5 4
     -6.18556052825867605516e-03 	 9 8 5 5
      1.95218907734807628864e-05 	 9 8 6 1
     -8.94142120263140683699e-07 	 9 8 6 2
      9.31220076695801712537e-06 	 9 8 6 3
      6.81758114893405072767e-06 	 9 8 6 4
     -9.69172597965173489247e-07 	 9 8 6 5
      7.95010864356956959906e-04 	 9 8 6 6
     -1.40098683296515895148e-05 	 9 8 7 1
     -4.52196022692305694968e-05 	 9 8 7 2
     -3.45901346278735456643e-06 	 9 8 7 3
      2.14486763938690375522e-05 	 9 8 7 4
      4.24939832701599627435e-05 	 9 8 7 5
     -4.57289784282683320940e-07 	 9 8 7 6
      6.04694226639953353805e-04 	 9 8 7 7
     -3.65113424095274496800e-06 	 9 8 8 1
     -4.22535427597784090780e-04 	 9 8 8 2
      5.15254501744552020713e-06 	 9 8 8 3
     -5.27219488846435738140e-05 	 9 8 8 4
      6.73913389809624192167e-04 	 9 8 8 5
      6.36864051329150490524e-06 	 9 8 8 6
      9.51307122680068690613e-05 	 9 8 8 7
     -1.24866657350678465256e-03 	 9 8 8 8
      1.43654286643960551724e-05 	 9 8 9 1
      4.61811496707913285214e-05 	 9 8 9 2
     -1.62660415228894865013e-05 	 9 8 9 3
      3.63544820249194617062e-04 	 9 8 9 4
      7.52842399950012005488e-04 	 9 8 9 5
     -7.05291630332178549759e-05 	 9 8 9 6
      1.00293542616985669326e-04 	 9 8 9 7
      3.90448285603737111488e-04 	 9 8 9 8
     -2.24844523816386402185e-03 	 9 8 9 9
      2.18851512033481410135e-01 	 9 9 1 1
     -1.54530129874007543869e-04 	 9 9 2 1
      1.40784341755821856834e-01 	 9 9 2 2
      2.37213751113874446799e-03 	 9 9 3 1
      1.22318847741126324451e-04 	 9 9 3 2
      1.58650967677298138092e-01 	 9 9 3 3
      2.35941115514854381219e-03 	 9 9 4 1
     -2.01274240446428463736e-03 	 9 9 4 2
     -1.76342719413554978661e-03 	 9 9 4 3
      3.07313536238611684226e-01 	 9 9 4 4
      1.03934033046171699815e-04 	 9 9 5 1
      1.42784342796736210719e-03 	 9 9 5 2
     -1.79999701336320557356e-04 	 9 9 5 3
      5.61128157917501792229e-03 	 9 9 5 4
      2.88266669713610479420e-01 	 9 9 5 5
      1.10757889936694865762e-03 	 9 9 6 1
      2.18371674810855116982e-04 	 9 9 6 2
      9.37703542878618487126e-04 	 9 9 6 3
     -6.78902341530722430729e-04 	 9 9 6 4
     -7.07010194136477288472e-04 	 9 9 6 5
      2.16808021534044825795e-01 	 9 9 6 6
     -2.23110596075441194527e-03 	 9 9 7 1
      3.78572931005889375469e-03 	 9 9 7 2
     -6.48390750765356449307e-04 	 9 9 7 3
      2.64762740180154456347e-04 	 9 9 7 4
      1.43332928296169758928e-03 	 9 9 7 5
      2.85067455533174888335e-05 	 9 9 7 6
      1.77605420676445968642e-01 	 9 9 7 7
      3.53644283231343669726e-04 	 9 9 8 1
     -3.67454712396088128620e-03 	 9 9 8 2
      2.50815309345755666133e-05 	 9 9 8 3
      6.12258434704383239927e-04 	 9 9 8 4
     -1.87857026307055707121e-03 	 9 9 8 5
     -2.87669662548256492313e-04 	 9 9 8 6
     -8.28165873004270175657e-04 	 9 9 8 7
      1.67048725212870202705e-01 	 9 9 8 8
      3.05554433551639970101e-03 	 9 9 9 1
      1.86070249093500087074e-03 	 9 9 9 2
      1.69770752631228857843e-03 	 9 9 9 3
      1.46713441337898882477e-02 	 9 9 9 4
     -1.58594114049075834982e-02 	 9 9 9 5
      3.04184844140529576928e-03 	 9 9 9 6
      2.79602273015894199279e-03 	 9 9 9 7
     -2.24844523816395639587e-03 	 9 9 9 8
      5.23968584272980431038e-01 	 9 9 9 9
     -2.91397744837407390861e+00 	 1 1 0 0
      1.84211039216395440661e-03 	 1 2 0 0
      1.55396718678663753321e-01 	 1 3 0 0
      1.01551495582466511092e-01 	 1 4 0 0
      1.41720644149304943193e-03 	 1 5 0 0
     -1.55937162151872560356e-01 	 1 6 0 0
      1.26057531249498134401e-02 	 1 7 0 0
     -2.56751593269459975344e-03 	 1 8 0 0
     -1.26301974841728382321e-02 	 1 9 0 0
      1.84211039216513857222e-03 	 2 1 0 0
     -1.93113976032006395833e+00 	 2 2 0 0
     -2.15687117024821427280e-03 	 2 3 0 0
     -1.23570676119126102166e-02 	 2 4 0 0
      1.18209134877901664989e-02 	 2 5 0 0
     -1.68590109555932332434e-03 	 2 6 0 0
     -1.60892659567454160419e-01 	 2 7 0 0
      1.65396521647876548755e-01 	 2 8 0 0
      1.83999925510647394100e-02 	 2 9 0 0
      1.55396718678652873136e-01 	 3 1 0 0
     -2.15687117024717734184e-03 	 3 2 0 0
     -2.56248246089297238015e+00 	 3 3 0 0
      1.28638299666789645420e-02 	 3 4 0 0
      1.48549249365125305387e-03 	 3 5 0 0
     -3.05625151062647350264e-02 	 3 6 0 0
      1.07554540741382417823e-02 	 3 7 0 0
     -8.49882814986880952062e-05 	 3 8 0 0
     -1.59390001690109845041e-03 	 3 9 0 0
      1.01551495582464471057e-01 	 4 1 0 0
     -1.23570676119205396376e-02 	 4 2 0 0
      1.28638299666775906410e-02 	 4 3 0 0
     -2.62135477290565299668e+00 	 4 4 0 0
     -1.20691031386385653340e-02 	 4 5 0 0
     -1.41343667287337423910e-02 	 4 6 0 0
      1.66498212351790408903e-01 	 4 7 0 0
     -8.01939244505683358766e-03 	 4 8 0 0
     -1.63572806265387921121e-01 	 4 9 0 0
      1.41720644149191644066e-03 	 5 1 0 0
      1.18209134877806688879e-02 	 5 2 0 0
      1.48549249365084496018e-03 	 5 3 0 0
     -1.20691031386369971440e-02 	 5 4 0 0
     -2.02002146995395470697e+00 	 5 5 0 0
      2.22366040706141682506e-03 	 5 6 0 0
     -1.70848028069595092582e-02 	 5 7 0 0
      1.67779609279390534704e-01 	 5 8 0 0
      1.60187108121540466854e-01 	 5 9 0 0
     -1.55937162151843361491e-01 	 6 1 0 0
     -1.68590109555884670907e-03 	 6 2 0 0
     -3.05625151062686763181e-02 	 6 3 0 0
     -1.41343667287337580035e-02 	 6 4 0 0
      2.22366040706277467986e-03 	 6 5 0 0
     -2.49850635571757173636e+00 	 6 6 0 0
     -1.64472042456706890774e-03 	 6 7 0 0
      1.99810040020932395532e-04 	 6 8 0 0
      1.03597520051543351416e-02 	 6 9 0 0
      1.26057531249476224844e-02 	 7 1 0 0
     -1.60892659567461349113e-01 	 7 2 0 0
      1.07554540741402297754e-02 	 7 3 0 0
      1.66498212351735813685e-01 	 7 4 0 0
     -1.70848028069571257481e-02 	 7 5 0 0
     -1.64472042456838296078e-03 	 7 6 0 0
     -2.22568043270455495630e+00 	 7 7 0 0
     -1.05072976262568697908e-02 	 7 8 0 0
     -3.81198710873507651264e-02 	 7 9 0 0
     -2.56751593269412227080e-03 	 8 1 0 0
      1.65396521647894090279e-01 	 8 2 0 0
     -8.49882814985006637557e-05 	 8 3 0 0
     -8.01939244505927087414e-03 	 8 4 0 0
      1.67779609279382069253e-01 	 8 5 0 0
      1.99810040021168290819e-04 	 8 6 0 0
     -1.05072976262283873661e-02 	 8 7 0 0
     -1.87882487049799995482e+00 	 8 8 0 0
      1.35046311325286386845e-02 	 8 9 0 0
     -1.26301974841798742705e-02 	 9 1 0 0
      1.83999925510660369832e-02 	 9 2 0 0
     -1.59390001690041193359e-03 	 9 3 0 0
     -1.63572806265409903537e-01 	 9 4 0 0
      1.60187108121589288912e-01 	 9 5 0 0
      1.03597520051540957498e-02 	 9 6 0 0
     -3.81198710873523471943e-02 	 9 7 0 0
      1.35046311325279864285e-02 	 9 8 0 0
     -2.25775623923664880977e+00 	 9 9 0 0
     -4.18838186248804561274e+02 	 0 0 0 0
