 # Printing electron repulsion integrals in spatial MO basis
      4.22970577161237648589e-01 	 1 1 1 1
     -2.57892892925430704601e-03 	 1 1 2 1
      1.97795457534440249914e-01 	 1 1 2 2
     -3.48544068109559387891e-02 	 1 1 3 1
     -9.94619603411186527231e-03 	 1 1 3 2
      2.75489230383324512630e-01 	 1 1 3 3
      6.36701307820095561973e-03 	 1 1 4 1
      2.12325801444103066593e-03 	 1 1 4 2
     -1.73527002238184010780e-05 	 1 1 4 3
      1.67965113426713386069e-01 	 1 1 4 4
     -1.18451487572165149731e-02 	 1 1 5 1
     -9.96341992126156643372e-03 	 1 1 5 2
      2.53295214554921264624e-03 	 1 1 5 3
      1.12000289290394209707e-04 	 1 1 5 4
      2.52398219242687127384e-01 	 1 1 5 5
      6.79176393627406037486e-04 	 1 1 6 1
     -5.82265780136767357143e-04 	 1 1 6 2
      1.64324386091339218544e-03 	 1 1 6 3
      9.92341166462865943709e-04 	 1 1 6 4
     -5.38385966068300695492e-03 	 1 1 6 5
      1.80332589969851214695e-01 	 1 1 6 6
      3.79073090452741803813e-02 	 1 1 7 1
      6.28347733715343102767e-03 	 1 1 7 2
      1.11776897159035384748e-03 	 1 1 7 3
      1.17641806801138540731e-03 	 1 1 7 4
     -3.93100037027638944329e-04 	 1 1 7 5
     -2.68399339963238834847e-03 	 1 1 7 6
      2.68662261692030057691e-01 	 1 1 7 7
     -7.45169998842061618444e-03 	 1 1 8 1
      3.98229212541673614767e-03 	 1 1 8 2
      7.44905707613460364366e-04 	 1 1 8 3
     -6.84789088495164465636e-03 	 1 1 8 4
     -4.29646319993349460470e-03 	 1 1 8 5
     -2.72027768529444500048e-03 	 1 1 8 6
     -2.46068628824669529895e-03 	 1 1 8 7
      1.88211052895254027373e-01 	 1 1 8 8
     -2.57892892925433089846e-03 	 2 1 1 1
      1.82668034974509010775e-03 	 2 1 2 1
      1.31705682639266657974e-03 	 2 1 2 2
     -5.95951423784667352022e-04 	 2 1 3 1
      1.61650117799570650426e-03 	 2 1 3 2
      4.46067267759475000188e-03 	 2 1 3 3
     -4.18427112235139880142e-04 	 2 1 4 1
     -9.40838224077636051113e-04 	 2 1 4 2
     -3.49700432602577447432e-04 	 2 1 4 3
     -2.97347614823048351368e-03 	 2 1 4 4
      3.32098972175796155071e-04 	 2 1 5 1
      2.33106160827597748766e-03 	 2 1 5 2
      7.32112968780980932944e-04 	 2 1 5 3
      8.60480289180400953692e-05 	 2 1 5 4
      4.69813910818630588173e-03 	 2 1 5 5
     -4.60680988050486575451e-04 	 2 1 6 1
     -2.35215212870725431330e-04 	 2 1 6 2
     -2.16595206644492623525e-04 	 2 1 6 3
      1.62116778445823769839e-03 	 2 1 6 4
     -3.17164950054556917642e-05 	 2 1 6 5
      2.71944628984818802340e-04 	 2 1 6 6
      9.32607570023414250227e-05 	 2 1 7 1
     -1.64334321880224717115e-03 	 2 1 7 2
      1.00287197253093557196e-03 	 2 1 7 3
      2.24956271441231585306e-04 	 2 1 7 4
     -1.34972675089357441007e-03 	 2 1 7 5
      4.25290831840330005049e-04 	 2 1 7 6
     -3.21034502717368699400e-04 	 2 1 7 7
      7.72668074818902059740e-04 	 2 1 8 1
      1.05214376243644942355e-05 	 2 1 8 2
      3.53286698890205113320e-04 	 2 1 8 3
      4.22568344431926675234e-04 	 2 1 8 4
      1.37153932290903107262e-03 	 2 1 8 5
     -4.80924461473495354173e-04 	 2 1 8 6
     -7.72133915284390042865e-05 	 2 1 8 7
     -3.98858259595440481360e-03 	 2 1 8 8
      1.97795457534439972358e-01 	 2 2 1 1
      1.31705682639267286811e-03 	 2 2 2 1
      3.32481928943679005961e-01 	 2 2 2 2
      6.02879038492549514106e-03 	 2 2 3 1
     -1.06322685956802189672e-02 	 2 2 3 2
      1.71069963182605727647e-01 	 2 2 3 3
     -1.50163694006332209402e-03 	 2 2 4 1
      8.85858529378274507649e-03 	 2 2 4 2
     -3.02929871284246185481e-03 	 2 2 4 3
      1.76237334939371631526e-01 	 2 2 4 4
     -1.10665019243912326856e-03 	 2 2 5 1
     -1.02061944830248562538e-02 	 2 2 5 2
      5.03181218634144149932e-03 	 2 2 5 3
     -1.41086108804351845550e-03 	 2 2 5 4
      2.54673210802783489548e-01 	 2 2 5 5
     -1.02529437239151470507e-03 	 2 2 6 1
      1.19445819079200179352e-03 	 2 2 6 2
     -9.23535565805095877250e-04 	 2 2 6 3
      1.04759496975021983850e-02 	 2 2 6 4
     -2.14501387238159044527e-03 	 2 2 6 5
      1.83992011242565672857e-01 	 2 2 6 6
     -6.03362226504807527133e-03 	 2 2 7 1
      3.16485248831685321569e-03 	 2 2 7 2
     -1.20836034112032112905e-03 	 2 2 7 3
      1.99305580358649257408e-03 	 2 2 7 4
     -3.72406075158434896749e-03 	 2 2 7 5
      1.08812021670728334075e-03 	 2 2 7 6
      1.79896027457924129189e-01 	 2 2 7 7
     -1.25268720269989505866e-04 	 2 2 8 1
      1.12554883341255389934e-02 	 2 2 8 2
      8.38927575449327457210e-04 	 2 2 8 3
     -4.64326095302061963438e-03 	 2 2 8 4
     -1.01651637990522770993e-02 	 2 2 8 5
      1.39577173347278172058e-03 	 2 2 8 6
      2.69294959890609218300e-04 	 2 2 8 7
      2.29368235783216245505e-01 	 2 2 8 8
     -3.48544068109558694002e-02 	 3 1 1 1
     -5.95951423784664424677e-04 	 3 1 2 1
      6.02879038492543269101e-03 	 3 1 2 2
      1.70285124180708201391e-02 	 3 1 3 1
      1.82177074986849228677e-03 	 3 1 3 2
     -4.15498173792980401986e-02 	 3 1 3 3
     -1.23497958873194837309e-03 	 3 1 4 1
      1.42255087294470899603e-03 	 3 1 4 2
     -1.48963191694227850342e-04 	 3 1 4 3
      2.21119249100163936528e-02 	 3 1 4 4
      2.06410750865542022212e-03 	 3 1 5 1
      2.62638971787412139110e-04 	 3 1 5 2
     -5.47346663507924168315e-05 	 3 1 5 3
     -8.89876200719765518034e-04 	 3 1 5 4
      2.40518479952990874016e-04 	 3 1 5 5
     -4.08832432009831369182e-04 	 3 1 6 1
     -2.70350663667281597338e-04 	 3 1 6 2
     -1.29929274916972155307e-03 	 3 1 6 3
     -2.12203792700188737311e-03 	 3 1 6 4
     -4.63668907703049585061e-04 	 3 1 6 5
      1.91814699688676419675e-02 	 3 1 6 6
     -1.10103820221716750677e-02 	 3 1 7 1
     -2.34139201752468941028e-04 	 3 1 7 2
     -3.99074742591989592433e-03 	 3 1 7 3
     -3.52339691707007768295e-04 	 3 1 7 4
      6.71444442938987778868e-04 	 3 1 7 5
      6.88431962271345053786e-04 	 3 1 7 6
     -1.93875250357962020109e-02 	 3 1 7 7
      1.70693853725026691882e-03 	 3 1 8 1
      9.62948512140671380316e-04 	 3 1 8 2
      9.90821840925765456171e-04 	 3 1 8 3
     -1.91523324560341034854e-03 	 3 1 8 4
     -5.09410550639941686938e-05 	 3 1 8 5
      7.49890541833238993309e-04 	 3 1 8 6
      1.58214431248541271754e-04 	 3 1 8 7
      2.29041833099858094247e-02 	 3 1 8 8
     -9.94619603411183751673e-03 	 3 2 1 1
      1.61650117799571235895e-03 	 3 2 2 1
     -1.06322685956802710089e-02 	 3 2 2 2
      1.82177074986850074355e-03 	 3 2 3 1
      7.89918683797928393442e-03 	 3 2 3 2
     -1.66538898469699020444e-02 	 3 2 3 3
     -6.01250763177139328081e-04 	 3 2 4 1
     -2.80507059432703789031e-03 	 3 2 4 2
     -1.28189076848343784867e-03 	 3 2 4 3
     -1.16215450349501118674e-03 	 3 2 4 4
      2.02831360695958449331e-03 	 3 2 5 1
      8.66715668114769084707e-03 	 3 2 5 2
      2.26419794860643550094e-03 	 3 2 5 3
      2.90940792896454659359e-04 	 3 2 5 4
     -3.58119231653714238661e-03 	 3 2 5 5
     -6.28939411699613653770e-04 	 3 2 6 1
     -7.05880716091626843334e-04 	 3 2 6 2
     -9.02895146316393592753e-04 	 3 2 6 3
      4.02803401998194209738e-03 	 3 2 6 4
      1.01319381085449434880e-03 	 3 2 6 5
      7.60129072379995499725e-03 	 3 2 6 6
     -1.31024097766561714237e-03 	 3 2 7 1
     -3.33822328664104463897e-03 	 3 2 7 2
      1.65439065518358354237e-03 	 3 2 7 3
      3.70235596275232540023e-04 	 3 2 7 4
     -2.14588319427700844819e-03 	 3 2 7 5
      7.34497668876430559459e-04 	 3 2 7 6
     -3.84362933503292229440e-03 	 3 2 7 7
      1.66875200617779776563e-03 	 3 2 8 1
     -8.63136865875805759166e-04 	 3 2 8 2
      1.20724536450927174419e-03 	 3 2 8 3
      8.04038914225399352353e-04 	 3 2 8 4
      4.15825365382886148746e-03 	 3 2 8 5
     -2.57588141661698214954e-04 	 3 2 8 6
      1.89971285872274163855e-04 	 3 2 8 7
     -9.46042243538760402322e-03 	 3 2 8 8
      2.75489230383324290585e-01 	 3 3 1 1
      4.46067267759472224631e-03 	 3 3 2 1
      1.71069963182605894181e-01 	 3 3 2 2
     -4.15498173792981442820e-02 	 3 3 3 1
     -1.66538898469699055138e-02 	 3 3 3 2
      4.97332566959659772010e-01 	 3 3 3 3
      1.36037213415175252396e-03 	 3 3 4 1
     -2.67481670106688076277e-03 	 3 3 4 2
      4.21522618381378524205e-03 	 3 3 4 3
      1.37027326805613469674e-01 	 3 3 4 4
     -1.69685145014836181662e-03 	 3 3 5 1
      2.65712408440880315519e-03 	 3 3 5 2
     -2.73993199170020299699e-03 	 3 3 5 3
      1.01065086801346566518e-03 	 3 3 5 4
      2.05693882951591383579e-01 	 3 3 5 5
     -2.54302753151732299775e-03 	 3 3 6 1
     -5.25545830626254718496e-04 	 3 3 6 2
      7.84666532603067908014e-03 	 3 3 6 3
      7.39028824949218132029e-03 	 3 3 6 4
     -2.87986035579325524644e-03 	 3 3 6 5
      1.61804750444783401742e-01 	 3 3 6 6
      1.65699926059023269764e-02 	 3 3 7 1
     -1.47054872058159842065e-03 	 3 3 7 2
      1.53004732553506991172e-02 	 3 3 7 3
      1.50417697282102498860e-03 	 3 3 7 4
     -4.42266469704632059906e-03 	 3 3 7 5
     -1.18273793874941801955e-04 	 3 3 7 6
      2.02186306431272805328e-01 	 3 3 7 7
      1.26273304066729617767e-03 	 3 3 8 1
      2.31250973218712204890e-03 	 3 3 8 2
     -3.74076676991084381557e-03 	 3 3 8 3
     -2.40836814689324944100e-03 	 3 3 8 4
      2.83322866336391688408e-03 	 3 3 8 5
     -4.29596490077111762412e-03 	 3 3 8 6
     -2.08066005506764555716e-03 	 3 3 8 7
      1.48248474079764797073e-01 	 3 3 8 8
      6.36701307820094174195e-03 	 4 1 1 1
     -4.18427112235136735956e-04 	 4 1 2 1
     -1.50163694006330279522e-03 	 4 1 2 2
     -1.23497958873194403628e-03 	 4 1 3 1
     -6.01250763177139978602e-04 	 4 1 3 2
      1.36037213415174818715e-03 	 4 1 3 3
      2.08271519092300067336e-03 	 4 1 4 1
      3.24203523808234538722e-04 	 4 1 4 2
      9.91763524923001656489e-04 	 4 1 4 3
      4.96793759887650347024e-03 	 4 1 4 4
     -7.56313946425269528762e-04 	 4 1 5 1
     -7.84358616667111662596e-04 	 4 1 5 2
     -3.92479835259709698616e-04 	 4 1 5 3
      1.29183771905985012680e-04 	 4 1 5 4
     -1.34062592259010350884e-03 	 4 1 5 5
      3.60058475158499420848e-04 	 4 1 6 1
      1.95205860452190942383e-04 	 4 1 6 2
      2.69484338644042126405e-04 	 4 1 6 3
     -5.00617750994559258977e-04 	 4 1 6 4
      3.20464119914981441280e-04 	 4 1 6 5
     -2.99031600497557097790e-03 	 4 1 6 6
      1.41628411185357877544e-03 	 4 1 7 1
      4.95656748564428459997e-04 	 4 1 7 2
     -1.80443478185514019759e-04 	 4 1 7 3
     -8.27015084491204894614e-04 	 4 1 7 4
      4.88812175694748282141e-04 	 4 1 7 5
     -4.39728817985089183960e-04 	 4 1 7 6
      2.97622287910449768653e-03 	 4 1 7 7
     -1.11461900260863711748e-03 	 4 1 8 1
     -9.70772954117196418570e-05 	 4 1 8 2
     -4.31014427874099287190e-04 	 4 1 8 3
     -4.74913991991603970551e-04 	 4 1 8 4
     -8.70897196537560674100e-04 	 4 1 8 5
      5.54400876592759240917e-04 	 4 1 8 6
      1.76027843316977082632e-04 	 4 1 8 7
     -9.53054681984483100399e-05 	 4 1 8 8
      2.12325801444100854820e-03 	 4 2 1 1
     -9.40838224077653506768e-04 	 4 2 2 1
      8.85858529378273987231e-03 	 4 2 2 2
      1.42255087294469013091e-03 	 4 2 3 1
     -2.80507059432702531357e-03 	 4 2 3 2
     -2.67481670106688509958e-03 	 4 2 3 3
      3.24203523808237411858e-04 	 4 2 4 1
      3.26354502216786830984e-03 	 4 2 4 2
      8.46843844537096624228e-04 	 4 2 4 3
      1.17437270102040709069e-02 	 4 2 4 4
     -1.05853832574416659336e-03 	 4 2 5 1
     -3.43161291924499664563e-03 	 4 2 5 2
     -7.13459514449319895900e-04 	 4 2 5 3
      3.27009442753165957118e-04 	 4 2 5 4
      2.34517503838625436877e-03 	 4 2 5 5
      5.43346116436502039881e-04 	 4 2 6 1
      1.31994942555087009864e-03 	 4 2 6 2
      6.23927611818211793476e-04 	 4 2 6 3
     -2.15985488257837464701e-03 	 4 2 6 4
      1.42722640043038446079e-04 	 4 2 6 5
      9.74956409022247950415e-04 	 4 2 6 6
     -1.00401161914529684673e-03 	 4 2 7 1
      1.72789778950493120614e-03 	 4 2 7 2
     -1.36551162285043119551e-03 	 4 2 7 3
     -4.01515381620233373101e-04 	 4 2 7 4
      1.31273107812715983042e-03 	 4 2 7 5
     -6.30898851558661438385e-04 	 4 2 7 6
      6.58857938794329733899e-05 	 4 2 7 7
     -9.79042435159362166644e-04 	 4 2 8 1
      1.18195589754369750901e-03 	 4 2 8 2
     -3.79438981727039026035e-04 	 4 2 8 3
     -1.54018155388947015558e-03 	 4 2 8 4
     -2.25255121610736875129e-03 	 4 2 8 5
      8.51942717823546218602e-04 	 4 2 8 6
      3.80342246583964007072e-05 	 4 2 8 7
      1.28556432670119142464e-02 	 4 2 8 8
     -1.73527002238233138691e-05 	 4 3 1 1
     -3.49700432602580212147e-04 	 4 3 2 1
     -3.02929871284246358953e-03 	 4 3 2 2
     -1.48963191694228663494e-04 	 4 3 3 1
     -1.28189076848343481291e-03 	 4 3 3 2
      4.21522618381378784413e-03 	 4 3 3 3
      9.91763524923003824893e-04 	 4 3 4 1
      8.46843844537094997925e-04 	 4 3 4 2
      1.37094469965588186718e-03 	 4 3 4 3
      5.12304593064028934019e-03 	 4 3 4 4
     -5.22480398805633345152e-04 	 4 3 5 1
     -9.49941787056305915818e-04 	 4 3 5 2
     -6.04021165663428012682e-04 	 4 3 5 3
     -8.73463265505569673788e-05 	 4 3 5 4
     -2.28578960994919953148e-03 	 4 3 5 5
      2.03511234827886760505e-04 	 4 3 6 1
      4.57624855902979954785e-04 	 4 3 6 2
      7.10318723599258241945e-04 	 4 3 6 3
     -1.18944224425520457718e-03 	 4 3 6 4
      2.00385210597132838262e-05 	 4 3 6 5
     -9.96066461788835998473e-04 	 4 3 6 6
     -1.68089493388417777738e-04 	 4 3 7 1
      5.33638732518998491067e-04 	 4 3 7 2
     -4.21364111692650597854e-04 	 4 3 7 3
     -4.30751699671833758812e-04 	 4 3 7 4
      6.94446967755199041396e-04 	 4 3 7 5
      9.02526689918733211922e-05 	 4 3 7 6
     -9.46200214844034829392e-04 	 4 3 7 7
     -5.23059434248111191496e-04 	 4 3 8 1
     -1.01542122511503557459e-05 	 4 3 8 2
     -3.23558944770767744140e-04 	 4 3 8 3
     -5.14496210673021699827e-04 	 4 3 8 4
     -6.37714715109808229047e-04 	 4 3 8 5
      2.60881871173076465478e-04 	 4 3 8 6
     -3.93821207098256291621e-05 	 4 3 8 7
      9.81058293593481704417e-04 	 4 3 8 8
      1.67965113426713524847e-01 	 4 4 1 1
     -2.97347614823045489074e-03 	 4 4 2 1
      1.76237334939371270703e-01 	 4 4 2 2
      2.21119249100164248778e-02 	 4 4 3 1
     -1.16215450349504154440e-03 	 4 4 3 2
      1.37027326805613441918e-01 	 4 4 3 3
      4.96793759887650000079e-03 	 4 4 4 1
      1.17437270102040466208e-02 	 4 4 4 2
      5.12304593064028500338e-03 	 4 4 4 3
      3.91044093408454362937e-01 	 4 4 4 4
     -2.65103933676122567598e-03 	 4 4 5 1
      2.79601366988013744219e-03 	 4 4 5 2
     -2.63975744580311226170e-03 	 4 4 5 3
      1.84829877110618038226e-03 	 4 4 5 4
      1.78752121789185730583e-01 	 4 4 5 5
      2.80631457337117721715e-03 	 4 4 6 1
     -1.25840716233496189430e-03 	 4 4 6 2
      1.45913882244662861110e-03 	 4 4 6 3
     -7.98963901193991583860e-03 	 4 4 6 4
     -2.25018155835804423148e-03 	 4 4 6 5
      2.52137085338836219872e-01 	 4 4 6 6
     -2.16284295232271536746e-02 	 4 4 7 1
      5.93145054424128724026e-04 	 4 4 7 2
     -9.63818661729309855701e-03 	 4 4 7 3
     -1.64866115473466523511e-03 	 4 4 7 4
      2.33085919325304660732e-03 	 4 4 7 5
     -9.23464079420387943392e-04 	 4 4 7 6
      1.30875626045582393875e-01 	 4 4 7 7
     -2.21489472250765116745e-03 	 4 4 8 1
      2.99877878808220725212e-03 	 4 4 8 2
     -2.43755708929437872124e-04 	 4 4 8 3
     -1.87189132084154830071e-02 	 4 4 8 4
     -2.04676463718644549572e-03 	 4 4 8 5
      7.60689523767266520538e-03 	 4 4 8 6
      8.57034881176551330099e-04 	 4 4 8 7
      2.47655267776292681292e-01 	 4 4 8 8
     -1.18451487572164473189e-02 	 5 1 1 1
      3.32098972175800166620e-04 	 5 1 2 1
     -1.10665019243911394442e-03 	 5 1 2 2
      2.06410750865540981377e-03 	 5 1 3 1
      2.02831360695959316692e-03 	 5 1 3 2
     -1.69685145014842339931e-03 	 5 1 3 3
     -7.56313946425262264607e-04 	 5 1 4 1
     -1.05853832574420128783e-03 	 5 1 4 2
     -5.22480398805639525105e-04 	 5 1 4 3
     -2.65103933676120789506e-03 	 5 1 4 4
      5.73602026540362842227e-03 	 5 1 5 1
      4.47843855795539060732e-03 	 5 1 5 2
      1.37231726202664610845e-03 	 5 1 5 3
     -5.58174766058484807425e-04 	 5 1 5 4
     -5.06987560229164770792e-03 	 5 1 5 5
     -9.95145704151332959053e-04 	 5 1 6 1
     -3.43503514897525543716e-04 	 5 1 6 2
     -6.29991622426125824109e-04 	 5 1 6 3
      1.68442994480544100573e-03 	 5 1 6 4
     -4.62444797427460983601e-05 	 5 1 6 5
      5.92022559703122251695e-03 	 5 1 6 6
     -2.51936156457098188802e-03 	 5 1 7 1
     -1.68396926243908240557e-03 	 5 1 7 2
      9.38175030929310621586e-04 	 5 1 7 3
      2.51275052625917752133e-04 	 5 1 7 4
     -1.83666514070266752821e-03 	 5 1 7 5
      4.93238924479689967890e-04 	 5 1 7 6
     -4.27604029675783450098e-03 	 5 1 7 7
      2.08960660981283036924e-03 	 5 1 8 1
      4.33324968046335868340e-04 	 5 1 8 2
      6.78872301475864957723e-04 	 5 1 8 3
      2.46175410662749527026e-04 	 5 1 8 4
      3.24600801532093363733e-03 	 5 1 8 5
     -7.03784729025561648676e-04 	 5 1 8 6
     -2.57146266972109547450e-04 	 5 1 8 7
     -4.21144060684828808877e-03 	 5 1 8 8
     -9.96341992126157857679e-03 	 5 2 1 1
      2.33106160827601391686e-03 	 5 2 2 1
     -1.02061944830250037053e-02 	 5 2 2 2
      2.62638971787429594765e-04 	 5 2 3 1
      8.66715668114767870400e-03 	 5 2 3 2
      2.65712408440879578261e-03 	 5 2 3 3
     -7.84358616667119360431e-04 	 5 2 4 1
     -3.43161291924492942509e-03 	 5 2 4 2
     -9.49941787056292363291e-04 	 5 2 4 3
      2.79601366988012313072e-03 	 5 2 4 4
      4.47843855795535851494e-03 	 5 2 5 1
      1.87385380677071167188e-02 	 5 2 5 2
      2.53239443242641529969e-03 	 5 2 5 3
      5.94731981010267413482e-04 	 5 2 5 4
     -5.19633396386451600762e-03 	 5 2 5 5
     -8.34668324606487629751e-04 	 5 2 6 1
     -6.34569841594886962545e-04 	 5 2 6 2
     -3.49142070434574661956e-04 	 5 2 6 3
      6.95016695816196537761e-03 	 5 2 6 4
      1.48279194517686907680e-03 	 5 2 6 5
      1.64927986162638588741e-02 	 5 2 6 6
     -2.54801036192258203994e-03 	 5 2 7 1
     -5.75681635569151323867e-03 	 5 2 7 2
      3.60634036619432484308e-03 	 5 2 7 3
      6.35405956605025680657e-04 	 5 2 7 4
     -4.20788661733006996712e-03 	 5 2 7 5
      8.23160995132455903384e-04 	 5 2 7 6
      4.24657665636449168246e-04 	 5 2 7 7
      2.78126941627477057215e-03 	 5 2 8 1
     -1.39756796999488254289e-03 	 5 2 8 2
      1.44144614586193459994e-03 	 5 2 8 3
      2.66895945920326562676e-04 	 5 2 8 4
      7.12219008985586973792e-03 	 5 2 8 5
     -9.69138591089170478923e-05 	 5 2 8 6
     -6.55088695207684538124e-05 	 5 2 8 7
     -1.14197821989107974050e-02 	 5 2 8 8
      2.53295214554919529901e-03 	 5 3 1 1
      7.32112968780967597257e-04 	 5 3 2 1
      5.03181218634149093893e-03 	 5 3 2 2
     -5.47346663507902687559e-05 	 5 3 3 1
      2.26419794860643550094e-03 	 5 3 3 2
     -2.73993199170019085392e-03 	 5 3 3 3
     -3.92479835259708234943e-04 	 5 3 4 1
     -7.13459514449325208491e-04 	 5 3 4 2
     -6.04021165663425627437e-04 	 5 3 4 3
     -2.63975744580308233772e-03 	 5 3 4 4
      1.37231726202667126194e-03 	 5 3 5 1
      2.53239443242638017154e-03 	 5 3 5 2
      2.82770334859871845523e-03 	 5 3 5 3
     -1.93825845763866908824e-04 	 5 3 5 4
      4.19847926921990480253e-03 	 5 3 5 5
     -6.44976147337773721840e-04 	 5 3 6 1
     -1.00816563614500670173e-04 	 5 3 6 2
     -4.82972484242332562518e-04 	 5 3 6 3
      2.05971804831320704637e-03 	 5 3 6 4
     -1.44683550768970683748e-04 	 5 3 6 5
      2.92748972517362831061e-03 	 5 3 6 6
      6.09182941249763890493e-04 	 5 3 7 1
     -6.49456000002576684833e-04 	 5 3 7 2
      8.61968301319147758681e-04 	 5 3 7 3
      3.24430165702979883893e-04 	 5 3 7 4
     -1.74556122883673002152e-03 	 5 3 7 5
      4.39096638438005463980e-04 	 5 3 7 6
      2.90180156671637594357e-03 	 5 3 7 7
      7.73232096281723261730e-04 	 5 3 8 1
      4.24268081849869165088e-04 	 5 3 8 2
      7.15699220171144424689e-04 	 5 3 8 3
      1.22952275818519131574e-04 	 5 3 8 4
      1.64372155768662659391e-03 	 5 3 8 5
     -5.16457275696478889694e-04 	 5 3 8 6
      3.89079525828712446934e-05 	 5 3 8 7
     -2.00191307812061557517e-03 	 5 3 8 8
      1.12000289290395971535e-04 	 5 4 1 1
      8.60480289180372493385e-05 	 5 4 2 1
     -1.41086108804350110826e-03 	 5 4 2 2
     -8.89876200719751531826e-04 	 5 4 3 1
      2.90940792896454659359e-04 	 5 4 3 2
      1.01065086801345438948e-03 	 5 4 3 3
      1.29183771905983603217e-04 	 5 4 4 1
      3.27009442753139773635e-04 	 5 4 4 2
     -8.73463265505624425998e-05 	 5 4 4 3
      1.84829877110615783085e-03 	 5 4 4 4
     -5.58174766058478735893e-04 	 5 4 5 1
      5.94731981010291916451e-04 	 5 4 5 2
     -1.93825845763883009227e-04 	 5 4 5 3
      1.52841573308532419767e-03 	 5 4 5 4
      6.34126878876249710539e-04 	 5 4 5 5
      5.58364299521986310638e-04 	 5 4 6 1
      8.32028403452982675409e-04 	 5 4 6 2
      4.75012075904952758756e-04 	 5 4 6 3
      5.28407736296771218115e-04 	 5 4 6 4
      1.29313666257390726642e-03 	 5 4 6 5
     -1.68382445806614794437e-03 	 5 4 6 6
      5.62339655918085387122e-04 	 5 4 7 1
     -1.91612112940018659716e-04 	 5 4 7 2
      5.45289961423001449080e-04 	 5 4 7 3
      5.36919046502630305825e-05 	 5 4 7 4
     -1.71175417823381064136e-04 	 5 4 7 5
     -4.90178655277784475555e-04 	 5 4 7 6
      3.15313131170702224348e-05 	 5 4 7 7
     -5.91224430896627193080e-04 	 5 4 8 1
     -4.40637379551933410469e-04 	 5 4 8 2
     -2.65645182527340798298e-04 	 5 4 8 3
      4.19435363838092695361e-04 	 5 4 8 4
     -6.19983243639579489036e-04 	 5 4 8 5
      6.44637151832751220670e-04 	 5 4 8 6
      2.07696063152147490779e-04 	 5 4 8 7
     -2.95747842794185072240e-03 	 5 4 8 8
      2.52398219242687182895e-01 	 5 5 1 1
      4.69813910818629981020e-03 	 5 5 2 1
      2.54673210802783600570e-01 	 5 5 2 2
      2.40518479952968864712e-04 	 5 5 3 1
     -3.58119231653713154459e-03 	 5 5 3 2
      2.05693882951591383579e-01 	 5 5 3 3
     -1.34062592259011586875e-03 	 5 5 4 1
      2.34517503838615071904e-03 	 5 5 4 2
     -2.28578960994922425129e-03 	 5 5 4 3
      1.78752121789186008138e-01 	 5 5 4 4
     -5.06987560229167112669e-03 	 5 5 5 1
     -5.19633396386439110753e-03 	 5 5 5 2
      4.19847926921983975040e-03 	 5 5 5 3
      6.34126878876271719843e-04 	 5 5 5 4
      3.79276541051099758128e-01 	 5 5 5 5
     -2.69495347814835764511e-03 	 5 5 6 1
     -1.85719153838082712271e-03 	 5 5 6 2
     -1.36181903708846295011e-03 	 5 5 6 3
      1.00972502664432063624e-02 	 5 5 6 4
     -5.87093809978142186501e-03 	 5 5 6 5
      2.10058219331513945649e-01 	 5 5 6 6
      1.55167723197093942317e-03 	 5 5 7 1
     -5.27808837311957018690e-04 	 5 5 7 2
     -5.08904326370821229360e-04 	 5 5 7 3
      1.85369585233492056332e-03 	 5 5 7 4
     -6.65717952699966964564e-03 	 5 5 7 5
      1.65715563735662299062e-03 	 5 5 7 6
      1.99584500743099468867e-01 	 5 5 7 7
      4.81155455095367678292e-03 	 5 5 8 1
      8.27200662517874919788e-03 	 5 5 8 2
      4.43499214070582157415e-03 	 5 5 8 3
     -8.00525776818603040930e-03 	 5 5 8 4
     -9.42129600492432744963e-03 	 5 5 8 5
     -4.15204847252231053906e-03 	 5 5 8 6
     -2.47858827332059607554e-03 	 5 5 8 7
      2.09122926804403697076e-01 	 5 5 8 8
      6.79176393627400182794e-04 	 6 1 1 1
     -4.60680988050492104882e-04 	 6 1 2 1
     -1.02529437239153335334e-03 	 6 1 2 2
     -4.08832432009836952824e-04 	 6 1 3 1
     -6.28939411699610618003e-04 	 6 1 3 2
     -2.54302753151731822726e-03 	 6 1 3 3
      3.60058475158502565034e-04 	 6 1 4 1
      5.43346116436497594653e-04 	 6 1 4 2
      2.03511234827889389695e-04 	 6 1 4 3
      2.80631457337120453904e-03 	 6 1 4 4
     -9.95145704151331007489e-04 	 6 1 5 1
     -8.34668324606482534000e-04 	 6 1 5 2
     -6.44976147337772420798e-04 	 6 1 5 3
      5.58364299521994767415e-04 	 6 1 5 4
     -2.69495347814837629338e-03 	 6 1 5 5
      2.84250026292207818093e-03 	 6 1 6 1
      3.29345432360670037700e-04 	 6 1 6 2
      1.33864809070132341311e-03 	 6 1 6 3
     -1.31754415075947687100e-03 	 6 1 6 4
      7.62147348274946228631e-04 	 6 1 6 5
      1.75581793868739908897e-03 	 6 1 6 6
      1.40943675470329797929e-04 	 6 1 7 1
      5.37273181540602867007e-04 	 6 1 7 2
     -2.73186251309629705292e-04 	 6 1 7 3
     -2.08875980308550449234e-04 	 6 1 7 4
      4.98825714656479985744e-04 	 6 1 7 5
     -1.48924135133604866772e-03 	 6 1 7 6
     -9.10489968425686542648e-04 	 6 1 7 7
     -1.14979315549775624669e-03 	 6 1 8 1
      5.33805308942073244207e-06 	 6 1 8 2
     -5.28053024084278199192e-04 	 6 1 8 3
      2.45388725161824227446e-04 	 6 1 8 4
     -1.03258333961494283386e-03 	 6 1 8 5
      1.24374879424750091686e-03 	 6 1 8 6
      1.98793150124913347307e-04 	 6 1 8 7
     -1.49480663497040389262e-04 	 6 1 8 8
     -5.82265780136748817286e-04 	 6 2 1 1
     -2.35215212870709629083e-04 	 6 2 2 1
      1.19445819079197360427e-03 	 6 2 2 2
     -2.70350663667263599581e-04 	 6 2 3 1
     -7.05880716091646033712e-04 	 6 2 3 2
     -5.25545830626248213283e-04 	 6 2 3 3
      1.95205860452181726664e-04 	 6 2 4 1
      1.31994942555088029014e-03 	 6 2 4 2
      4.57624855902983261602e-04 	 6 2 4 3
     -1.25840716233501480337e-03 	 6 2 4 4
     -3.43503514897543920942e-04 	 6 2 5 1
     -6.34569841594845112341e-04 	 6 2 5 2
     -1.00816563614498976107e-04 	 6 2 5 3
      8.32028403452941800987e-04 	 6 2 5 4
     -1.85719153838088263386e-03 	 6 2 5 5
      3.29345432360676488703e-04 	 6 2 6 1
      2.40837629170838471090e-03 	 6 2 6 2
      8.23245952643615152948e-04 	 6 2 6 3
     -9.91717468793692699669e-04 	 6 2 6 4
      1.54395199589344995876e-03 	 6 2 6 5
     -4.81274889249886685116e-04 	 6 2 6 6
      2.03196574092392626782e-04 	 6 2 7 1
      6.12404081733369624885e-04 	 6 2 7 2
     -1.17781274616838779745e-04 	 6 2 7 3
     -3.60320607701520147313e-04 	 6 2 7 4
      2.58681974521545300725e-04 	 6 2 7 5
     -6.36030559284379870023e-04 	 6 2 7 6
     -9.41025134450275738650e-04 	 6 2 7 7
     -4.50063335678365749985e-04 	 6 2 8 1
      1.40538850687439844734e-04 	 6 2 8 2
     -1.76164493745253452608e-04 	 6 2 8 3
      6.90879653819714768977e-04 	 6 2 8 4
     -5.05450361991740247138e-04 	 6 2 8 5
      3.48979967334939167843e-04 	 6 2 8 6
      4.65333081968795803530e-05 	 6 2 8 7
     -1.64603785280968109746e-03 	 6 2 8 8
      1.64324386091340866531e-03 	 6 3 1 1
     -2.16595206644490156965e-04 	 6 3 2 1
     -9.23535565805108128734e-04 	 6 3 2 2
     -1.29929274916971916783e-03 	 6 3 3 1
     -9.02895146316400531647e-04 	 6 3 3 2
      7.84666532603068428431e-03 	 6 3 3 3
      2.69484338644045433222e-04 	 6 3 4 1
      6.23927611818213202939e-04 	 6 3 4 2
      7.10318723599258241945e-04 	 6 3 4 3
      1.45913882244662427429e-03 	 6 3 4 4
     -6.29991622426119860997e-04 	 6 3 5 1
     -3.49142070434575962998e-04 	 6 3 5 2
     -4.82972484242331478316e-04 	 6 3 5 3
      4.75012075904951403503e-04 	 6 3 5 4
     -1.36181903708847184056e-03 	 6 3 5 5
      1.33864809070132384679e-03 	 6 3 6 1
      8.23245952643619923438e-04 	 6 3 6 2
      1.89970090903227722956e-03 	 6 3 6 3
     -7.05471874920264650603e-04 	 6 3 6 4
      5.25126381381296552207e-04 	 6 3 6 5
      1.53830872578805655758e-03 	 6 3 6 6
      4.95665557990338564304e-04 	 6 3 7 1
      2.99404626215367993935e-04 	 6 3 7 2
      2.46441265928631729736e-04 	 6 3 7 3
      2.46113645262845657808e-04 	 6 3 7 4
      4.60399415533709499993e-04 	 6 3 7 5
     -2.58781536618773045765e-04 	 6 3 7 6
      5.91544665282416667201e-04 	 6 3 7 7
     -6.45686017614951405889e-04 	 6 3 8 1
      5.81912387694817582616e-05 	 6 3 8 2
     -4.11647257524622135153e-04 	 6 3 8 3
      1.02186517139112525250e-04 	 6 3 8 4
     -6.46221294604482944524e-04 	 6 3 8 5
      7.62391980682626752355e-04 	 6 3 8 6
      1.81961445724377344005e-04 	 6 3 8 7
     -5.42713782897277395231e-04 	 6 3 8 8
      9.92341166462850981719e-04 	 6 4 1 1
      1.62116778445822598900e-03 	 6 4 2 1
      1.04759496975022920601e-02 	 6 4 2 2
     -2.12203792700189561304e-03 	 6 4 3 1
      4.02803401998196725087e-03 	 6 4 3 2
      7.39028824949218999391e-03 	 6 4 3 3
     -5.00617750994539309657e-04 	 6 4 4 1
     -2.15985488257836597339e-03 	 6 4 4 2
     -1.18944224425519416884e-03 	 6 4 4 3
     -7.98963901193982042881e-03 	 6 4 4 4
      1.68442994480545098039e-03 	 6 4 5 1
      6.95016695816192200952e-03 	 6 4 5 2
      2.05971804831321311791e-03 	 6 4 5 3
      5.28407736296816646186e-04 	 6 4 5 4
      1.00972502664433035069e-02 	 6 4 5 5
     -1.31754415075948099097e-03 	 6 4 6 1
     -9.91717468793681857647e-04 	 6 4 6 2
     -7.05471874920270505295e-04 	 6 4 6 3
      1.29173150021695444523e-02 	 6 4 6 4
      8.82419208299410335987e-04 	 6 4 6 5
      1.54927150103444425354e-03 	 6 4 6 6
      6.87733994934613371459e-04 	 6 4 7 1
     -3.12542727815061415278e-03 	 6 4 7 2
      3.71279288330100950763e-03 	 6 4 7 3
      7.85417541839866870795e-04 	 6 4 7 4
     -3.17817612397070176425e-03 	 6 4 7 5
      1.03027195630699466844e-03 	 6 4 7 6
      7.40192479680795364927e-03 	 6 4 7 7
      1.55837761143139694534e-03 	 6 4 8 1
      5.11163974634957617854e-04 	 6 4 8 2
      7.32167754771408389909e-04 	 6 4 8 3
      1.27488729146839384690e-03 	 6 4 8 4
      2.61955449180719919869e-03 	 6 4 8 5
     -3.83204206235745277378e-04 	 6 4 8 6
      2.16897450147380383388e-04 	 6 4 8 7
     -5.45546801742390671114e-03 	 6 4 8 8
     -5.38385966068300088339e-03 	 6 5 1 1
     -3.17164950054705724390e-05 	 6 5 2 1
     -2.14501387238157006226e-03 	 6 5 2 2
     -4.63668907703069642801e-04 	 6 5 3 1
      1.01319381085449911929e-03 	 6 5 3 2
     -2.87986035579324440442e-03 	 6 5 3 3
      3.20464119914993096454e-04 	 6 5 4 1
      1.42722640043030097722e-04 	 6 5 4 2
      2.00385210597136836257e-05 	 6 5 4 3
     -2.25018155835797787831e-03 	 6 5 4 4
     -4.62444797427265488396e-05 	 6 5 5 1
      1.48279194517684110438e-03 	 6 5 5 2
     -1.44683550768972310051e-04 	 6 5 5 3
      1.29313666257393892513e-03 	 6 5 5 4
     -5.87093809978138196637e-03 	 6 5 5 5
      7.62147348274942433924e-04 	 6 5 6 1
      1.54395199589345494609e-03 	 6 5 6 2
      5.25126381381301105856e-04 	 6 5 6 3
      8.82419208299406974960e-04 	 6 5 6 4
      3.41735103777730418392e-03 	 6 5 6 5
      5.26483164989040042800e-05 	 6 5 6 6
     -1.21651734264586406905e-04 	 6 5 7 1
     -6.82383881591354011197e-04 	 6 5 7 2
      7.57508000931637090307e-04 	 6 5 7 3
     -2.09597423757543817758e-04 	 6 5 7 4
     -4.96003931109233187069e-04 	 6 5 7 5
     -4.39533097108906834274e-04 	 6 5 7 6
     -2.61753314797790381449e-03 	 6 5 7 7
     -5.59253693433400225939e-04 	 6 5 8 1
     -3.59097811680695862355e-04 	 6 5 8 2
     -2.55157613572997907497e-04 	 6 5 8 3
      1.02604368629100072864e-03 	 6 5 8 4
     -4.94151479035607262176e-04 	 6 5 8 5
      1.57898340695541592946e-03 	 6 5 8 6
      2.93714839668972305629e-04 	 6 5 8 7
     -4.95038167196194030945e-03 	 6 5 8 8
      1.80332589969851353473e-01 	 6 6 1 1
      2.71944628984794245161e-04 	 6 6 2 1
      1.83992011242565839391e-01 	 6 6 2 2
      1.91814699688676489064e-02 	 6 6 3 1
      7.60129072379992897640e-03 	 6 6 3 2
      1.61804750444783373986e-01 	 6 6 3 3
     -2.99031600497558745777e-03 	 6 6 4 1
      9.74956409022235915771e-04 	 6 6 4 2
     -9.96066461788846623654e-04 	 6 6 4 3
      2.52137085338835886805e-01 	 6 6 4 4
      5.92022559703123205793e-03 	 6 6 5 1
      1.64927986162638900991e-02 	 6 6 5 2
      2.92748972517361746859e-03 	 6 6 5 3
     -1.68382445806623034373e-03 	 6 6 5 4
      2.10058219331514112183e-01 	 6 6 5 5
      1.75581793868738954799e-03 	 6 6 6 1
     -4.81274889249911730187e-04 	 6 6 6 2
      1.53830872578805742494e-03 	 6 6 6 3
      1.54927150103444251882e-03 	 6 6 6 4
      5.26483164988601211971e-05 	 6 6 6 5
      3.71449258234508139509e-01 	 6 6 6 6
     -2.07901846544259714944e-02 	 6 6 7 1
     -5.88318058546358560457e-03 	 6 6 7 2
     -3.33098534965416874856e-03 	 6 6 7 3
      9.27311838595491983242e-04 	 6 6 7 4
     -5.24368044339734284270e-03 	 6 6 7 5
      1.46574380930235336016e-04 	 6 6 7 6
      1.46354314692393711050e-01 	 6 6 7 7
      8.88204732081492726037e-03 	 6 6 8 1
      4.16757389140958584006e-03 	 6 6 8 2
      4.95190546982426579858e-03 	 6 6 8 3
     -8.18699507410912928618e-03 	 6 6 8 4
      1.22310986607647980556e-02 	 6 6 8 5
      3.27280280834460523057e-03 	 6 6 8 6
     -1.42200609952202578455e-03 	 6 6 8 7
      1.97512868224035187392e-01 	 6 6 8 8
      3.79073090452742220147e-02 	 7 1 1 1
      9.32607570023293090634e-05 	 7 1 2 1
     -6.03362226504804751576e-03 	 7 1 2 2
     -1.10103820221716698635e-02 	 7 1 3 1
     -1.31024097766561258872e-03 	 7 1 3 2
      1.65699926059023477931e-02 	 7 1 3 3
      1.41628411185359178587e-03 	 7 1 4 1
     -1.00401161914530942347e-03 	 7 1 4 2
     -1.68089493388419973247e-04 	 7 1 4 3
     -2.16284295232271259191e-02 	 7 1 4 4
     -2.51936156457095846925e-03 	 7 1 5 1
     -2.54801036192260198926e-03 	 7 1 5 2
      6.09182941249758035801e-04 	 7 1 5 3
      5.62339655918091567074e-04 	 7 1 5 4
      1.55167723197101531732e-03 	 7 1 5 5
      1.40943675470318874592e-04 	 7 1 6 1
      2.03196574092404688532e-04 	 7 1 6 2
      4.95665557990339540086e-04 	 7 1 6 3
      6.87733994934606107305e-04 	 7 1 6 4
     -1.21651734264600894556e-04 	 7 1 6 5
     -2.07901846544259576166e-02 	 7 1 6 6
      1.72529729947529311684e-02 	 7 1 7 1
      2.20830621823336339590e-03 	 7 1 7 2
      2.75478396535729780359e-03 	 7 1 7 3
      7.79227728303298595135e-05 	 7 1 7 4
      1.46804336339212090391e-03 	 7 1 7 5
     -1.56507521015866518307e-03 	 7 1 7 6
      4.63065995328026946964e-02 	 7 1 7 7
     -2.02925877986151427176e-03 	 7 1 8 1
     -7.25572615744979592528e-04 	 7 1 8 2
     -2.67473044708485779668e-04 	 7 1 8 3
      1.37050610290767485404e-03 	 7 1 8 4
     -6.35379775676042971543e-04 	 7 1 8 5
     -1.01672988834451498950e-03 	 7 1 8 6
     -5.90662584152799920449e-05 	 7 1 8 7
     -2.03469252577164576301e-02 	 7 1 8 8
      6.28347733715341281308e-03 	 7 2 1 1
     -1.64334321880223979857e-03 	 7 2 2 1
      3.16485248831683586845e-03 	 7 2 2 2
     -2.34139201752463248967e-04 	 7 2 3 1
     -3.33822328664104247056e-03 	 7 2 3 2
     -1.47054872058161229843e-03 	 7 2 3 3
      4.95656748564418919017e-04 	 7 2 4 1
      1.72789778950493987976e-03 	 7 2 4 2
      5.33638732518999141588e-04 	 7 2 4 3
      5.93145054424127206143e-04 	 7 2 4 4
     -1.68396926243908370661e-03 	 7 2 5 1
     -5.75681635569151497339e-03 	 7 2 5 2
     -6.49456000002578311137e-04 	 7 2 5 3
     -1.91612112940022942314e-04 	 7 2 5 4
     -5.27808837311941623019e-04 	 7 2 5 5
      5.37273181540611974305e-04 	 7 2 6 1
      6.12404081733357156560e-04 	 7 2 6 2
      2.99404626215366313421e-04 	 7 2 6 3
     -3.12542727815060417812e-03 	 7 2 6 4
     -6.82383881591339699728e-04 	 7 2 6 5
     -5.88318058546358300248e-03 	 7 2 6 6
      2.20830621823336903375e-03 	 7 2 7 1
      4.58248987437732870770e-03 	 7 2 7 2
     -1.12566478364366749643e-03 	 7 2 7 3
     -5.60855454405819906991e-04 	 7 2 7 4
      3.12412081008861444026e-03 	 7 2 7 5
     -1.14468328656114792970e-03 	 7 2 7 6
      1.29605354979437110280e-02 	 7 2 7 7
     -1.35174962852614862462e-03 	 7 2 8 1
      4.84362066822694305006e-04 	 7 2 8 2
     -5.31463913736450683026e-04 	 7 2 8 3
     -5.16695411931875612545e-04 	 7 2 8 4
     -2.57608083999059109606e-03 	 7 2 8 5
      2.88320009838648509074e-04 	 7 2 8 6
      5.38073475591689263844e-05 	 7 2 8 7
      4.91190682410784767303e-03 	 7 2 8 8
      1.11776897159034951067e-03 	 7 3 1 1
      1.00287197253093383724e-03 	 7 3 2 1
     -1.20836034112032676691e-03 	 7 3 2 2
     -3.99074742591989679169e-03 	 7 3 3 1
      1.65439065518358484341e-03 	 7 3 3 2
      1.53004732553506956477e-02 	 7 3 3 3
     -1.80443478185514805806e-04 	 7 3 4 1
     -1.36551162285043097867e-03 	 7 3 4 2
     -4.21364111692652061527e-04 	 7 3 4 3
     -9.63818661729313845565e-03 	 7 3 4 4
      9.38175030929308019501e-04 	 7 3 5 1
      3.60634036619432397572e-03 	 7 3 5 2
      8.61968301319149276564e-04 	 7 3 5 3
      5.45289961423004701686e-04 	 7 3 5 4
     -5.08904326370839769217e-04 	 7 3 5 5
     -2.73186251309630138973e-04 	 7 3 6 1
     -1.17781274616836015030e-04 	 7 3 6 2
      2.46441265928633627090e-04 	 7 3 6 3
      3.71279288330100864027e-03 	 7 3 6 4
      7.57508000931634162961e-04 	 7 3 6 5
     -3.33098534965418999892e-03 	 7 3 6 6
      2.75478396535730257408e-03 	 7 3 7 1
     -1.12566478364366684591e-03 	 7 3 7 2
      4.39285610474078169058e-03 	 7 3 7 3
      2.73632034340579098457e-04 	 7 3 7 4
     -1.34343559447679594329e-03 	 7 3 7 5
     -3.22238726702897565089e-05 	 7 3 7 6
      1.33712582133125954670e-02 	 7 3 7 7
      5.32021172315419454968e-04 	 7 3 8 1
     -3.30916787256567879356e-04 	 7 3 8 2
      8.45205259627050133585e-05 	 7 3 8 3
      9.46556929486582951903e-04 	 7 3 8 4
      1.77536225648461561122e-03 	 7 3 8 5
     -2.96527089490759192605e-04 	 7 3 8 6
      1.99314290348086390085e-04 	 7 3 8 7
     -1.14970131543521651013e-02 	 7 3 8 8
      1.17641806801137846841e-03 	 7 4 1 1
      2.24956271441228278490e-04 	 7 4 2 1
      1.99305580358651122236e-03 	 7 4 2 2
     -3.52339691707007497245e-04 	 7 4 3 1
      3.70235596275230696879e-04 	 7 4 3 2
      1.50417697282102151915e-03 	 7 4 3 3
     -8.27015084491199798863e-04 	 7 4 4 1
     -4.01515381620240854096e-04 	 7 4 4 2
     -4.30751699671835710376e-04 	 7 4 4 3
     -1.64866115473466436775e-03 	 7 4 4 4
      2.51275052625921546841e-04 	 7 4 5 1
      6.35405956605017657561e-04 	 7 4 5 2
      3.24430165702981293356e-04 	 7 4 5 3
      5.36919046502715280171e-05 	 7 4 5 4
      1.85369585233493140534e-03 	 7 4 5 5
     -2.08875980308554650517e-04 	 7 4 6 1
     -3.60320607701512449477e-04 	 7 4 6 2
      2.46113645262845386757e-04 	 7 4 6 3
      7.85417541839870773923e-04 	 7 4 6 4
     -2.09597423757551895064e-04 	 7 4 6 5
      9.27311838595495886370e-04 	 7 4 6 6
      7.79227728303260919109e-05 	 7 4 7 1
     -5.60855454405818497528e-04 	 7 4 7 2
      2.73632034340579586348e-04 	 7 4 7 3
      1.02727352395997001758e-03 	 7 4 7 4
     -5.33406750151727568690e-04 	 7 4 7 5
      7.52159912385559755940e-04 	 7 4 7 6
     -7.54900647963672923740e-04 	 7 4 7 7
      3.06253344774794471900e-04 	 7 4 8 1
     -6.87180779500215740385e-07 	 7 4 8 2
      9.07148348118432147754e-05 	 7 4 8 3
      2.00661468794996103839e-04 	 7 4 8 4
      2.85755305262790472789e-04 	 7 4 8 5
     -3.05778609265516427575e-05 	 7 4 8 6
     -8.67033550948802169290e-05 	 7 4 8 7
     -1.05866582775486087951e-05 	 7 4 8 8
     -3.93100037027630433342e-04 	 7 5 1 1
     -1.34972675089358655313e-03 	 7 5 2 1
     -3.72406075158431080357e-03 	 7 5 2 2
      6.71444442938982249437e-04 	 7 5 3 1
     -2.14588319427700844819e-03 	 7 5 3 2
     -4.42266469704633881366e-03 	 7 5 3 3
      4.88812175694760858886e-04 	 7 5 4 1
      1.31273107812714790420e-03 	 7 5 4 2
      6.94446967755201101380e-04 	 7 5 4 3
      2.33085919325304096947e-03 	 7 5 4 4
     -1.83666514070266232404e-03 	 7 5 5 1
     -4.20788661733006563032e-03 	 7 5 5 2
     -1.74556122883672785312e-03 	 7 5 5 3
     -1.71175417823377161008e-04 	 7 5 5 4
     -6.65717952699965750257e-03 	 7 5 5 5
      4.98825714656473155270e-04 	 7 5 6 1
      2.58681974521557281159e-04 	 7 5 6 2
      4.60399415533709825254e-04 	 7 5 6 3
     -3.17817612397070870314e-03 	 7 5 6 4
     -4.96003931109240884904e-04 	 7 5 6 5
     -5.24368044339731595449e-03 	 7 5 6 6
      1.46804336339211288082e-03 	 7 5 7 1
      3.12412081008861357290e-03 	 7 5 7 2
     -1.34343559447679334121e-03 	 7 5 7 3
     -5.33406750151725617126e-04 	 7 5 7 4
      4.47619554382724677694e-03 	 7 5 7 5
     -8.17844993281245419454e-04 	 7 5 7 6
      1.06242873147188165994e-02 	 7 5 7 7
     -1.17370823017392622925e-03 	 7 5 8 1
     -2.17161197074196049735e-04 	 7 5 8 2
     -3.84989729198907822648e-04 	 7 5 8 3
     -4.83024886802633308860e-04 	 7 5 8 4
     -2.07218838854058293522e-03 	 7 5 8 5
      3.71954019742771731585e-04 	 7 5 8 6
      4.19047080347724216348e-04 	 7 5 8 7
      3.57431309721130234525e-03 	 7 5 8 8
     -2.68399339963238878215e-03 	 7 6 1 1
      4.25290831840332010823e-04 	 7 6 2 1
      1.08812021670726209038e-03 	 7 6 2 2
      6.88431962271343644323e-04 	 7 6 3 1
      7.34497668876433269965e-04 	 7 6 3 2
     -1.18273793874923953276e-04 	 7 6 3 3
     -4.39728817985092490777e-04 	 7 6 4 1
     -6.30898851558657101576e-04 	 7 6 4 2
      9.02526689918731450093e-05 	 7 6 4 3
     -9.23464079420395424387e-04 	 7 6 4 4
      4.93238924479687691066e-04 	 7 6 5 1
      8.23160995132464468581e-04 	 7 6 5 2
      4.39096638438002157163e-04 	 7 6 5 3
     -4.90178655277790004986e-04 	 7 6 5 4
      1.65715563735659631925e-03 	 7 6 5 5
     -1.48924135133604910140e-03 	 7 6 6 1
     -6.36030559284380628965e-04 	 7 6 6 2
     -2.58781536618768925797e-04 	 7 6 6 3
      1.03027195630699315056e-03 	 7 6 6 4
     -4.39533097108903798508e-04 	 7 6 6 5
      1.46574380930218070096e-04 	 7 6 6 6
     -1.56507521015865911154e-03 	 7 6 7 1
     -1.14468328656114901390e-03 	 7 6 7 2
     -3.22238726702911524192e-05 	 7 6 7 3
      7.52159912385560406461e-04 	 7 6 7 4
     -8.17844993281242817369e-04 	 7 6 7 5
      2.32032218408786397243e-03 	 7 6 7 6
     -1.03164493060606318048e-02 	 7 6 7 7
      7.08510537233515680887e-04 	 7 6 8 1
      2.67869379365344410459e-06 	 7 6 8 2
      4.45889351229877633175e-04 	 7 6 8 3
     -1.57836314166580925016e-05 	 7 6 8 4
      4.84779314764915102414e-04 	 7 6 8 5
     -4.66742796826404688325e-04 	 7 6 8 6
     -2.93510689706049000694e-05 	 7 6 8 7
      4.36925721393049797114e-04 	 7 6 8 8
      2.68662261692030113203e-01 	 7 7 1 1
     -3.21034502717369349921e-04 	 7 7 2 1
      1.79896027457923934900e-01 	 7 7 2 2
     -1.93875250357961811942e-02 	 7 7 3 1
     -3.84362933503295872359e-03 	 7 7 3 2
      2.02186306431272888595e-01 	 7 7 3 3
      2.97622287910449638548e-03 	 7 7 4 1
      6.58857938794023446786e-05 	 7 7 4 2
     -9.46200214844034937813e-04 	 7 7 4 3
      1.30875626045582366119e-01 	 7 7 4 4
     -4.27604029675778332664e-03 	 7 7 5 1
      4.24657665636386013469e-04 	 7 7 5 2
      2.90180156671637550989e-03 	 7 7 5 3
      3.15313131170920081222e-05 	 7 7 5 4
      1.99584500743099635400e-01 	 7 7 5 5
     -9.10489968425694565744e-04 	 7 7 6 1
     -9.41025134450253078824e-04 	 7 7 6 2
      5.91544665282417534563e-04 	 7 7 6 3
      7.40192479680792762842e-03 	 7 7 6 4
     -2.61753314797791118707e-03 	 7 7 6 5
      1.46354314692393766562e-01 	 7 7 6 6
      4.63065995328026808187e-02 	 7 7 7 1
      1.29605354979437197016e-02 	 7 7 7 2
      1.33712582133125833239e-02 	 7 7 7 3
     -7.54900647963676718448e-04 	 7 7 7 4
      1.06242873147188009869e-02 	 7 7 7 5
     -1.03164493060606283353e-02 	 7 7 7 6
      4.81988245202747078721e-01 	 7 7 7 7
     -3.09860928447405368710e-03 	 7 7 8 1
      2.59290265331945822200e-03 	 7 7 8 2
      7.88072906961964311269e-04 	 7 7 8 3
     -3.22679186502599973582e-03 	 7 7 8 4
     -6.66579540364139111128e-04 	 7 7 8 5
     -1.39379380215434289098e-03 	 7 7 8 6
      6.18192881710645839553e-04 	 7 7 8 7
      1.46384321636855163629e-01 	 7 7 8 8
     -7.45169998842061358235e-03 	 8 1 1 1
      7.72668074818908131272e-04 	 8 1 2 1
     -1.25268720269987445881e-04 	 8 1 2 2
      1.70693853725026518410e-03 	 8 1 3 1
      1.66875200617780188560e-03 	 8 1 3 2
      1.26273304066730159868e-03 	 8 1 3 3
     -1.11461900260864882686e-03 	 8 1 4 1
     -9.79042435159358914037e-04 	 8 1 4 2
     -5.23059434248112600958e-04 	 8 1 4 3
     -2.21489472250764379488e-03 	 8 1 4 4
      2.08960660981282299667e-03 	 8 1 5 1
      2.78126941627477447527e-03 	 8 1 5 2
      7.73232096281722069107e-04 	 8 1 5 3
     -5.91224430896641721389e-04 	 8 1 5 4
      4.81155455095368111973e-03 	 8 1 5 5
     -1.14979315549774995832e-03 	 8 1 6 1
     -4.50063335678368135230e-04 	 8 1 6 2
     -6.45686017614952815352e-04 	 8 1 6 3
      1.55837761143140626947e-03 	 8 1 6 4
     -5.59253693433399466997e-04 	 8 1 6 5
      8.88204732081492899509e-03 	 8 1 6 6
     -2.02925877986152901691e-03 	 8 1 7 1
     -1.35174962852613322895e-03 	 8 1 7 2
      5.32021172315419671808e-04 	 8 1 7 3
      3.06253344774787207745e-04 	 8 1 7 4
     -1.17370823017394184176e-03 	 8 1 7 5
      7.08510537233518933493e-04 	 8 1 7 6
     -3.09860928447403850827e-03 	 8 1 7 7
      5.12766005495456870383e-03 	 8 1 8 1
     -3.56070672036835466495e-04 	 8 1 8 2
      2.36187820643794267605e-03 	 8 1 8 3
     -1.80659728509610471988e-04 	 8 1 8 4
      3.40011460678298245430e-03 	 8 1 8 5
     -1.46594166427002755779e-03 	 8 1 8 6
     -1.58921667965740312338e-03 	 8 1 8 7
     -6.41989493660525580021e-03 	 8 1 8 8
      3.98229212541677778103e-03 	 8 2 1 1
      1.05214376243658410179e-05 	 8 2 2 1
      1.12554883341255615448e-02 	 8 2 2 2
      9.62948512140668995071e-04 	 8 2 3 1
     -8.63136865875831563177e-04 	 8 2 3 2
      2.31250973218713158988e-03 	 8 2 3 3
     -9.70772954117106023214e-05 	 8 2 4 1
      1.18195589754369143748e-03 	 8 2 4 2
     -1.01542122511455429047e-05 	 8 2 4 3
      2.99877878808221809415e-03 	 8 2 4 4
      4.33324968046339825678e-04 	 8 2 5 1
     -1.39756796999490075749e-03 	 8 2 5 2
      4.24268081849891065972e-04 	 8 2 5 3
     -4.40637379551920454254e-04 	 8 2 5 4
      8.27200662517881511737e-03 	 8 2 5 5
      5.33805308940782789512e-06 	 8 2 6 1
      1.40538850687433773201e-04 	 8 2 6 2
      5.81912387694760187664e-05 	 8 2 6 3
      5.11163974634947317933e-04 	 8 2 6 4
     -3.59097811680715377994e-04 	 8 2 6 5
      4.16757389140958670742e-03 	 8 2 6 6
     -7.25572615744962787394e-04 	 8 2 7 1
      4.84362066822681565630e-04 	 8 2 7 2
     -3.30916787256565060431e-04 	 8 2 7 3
     -6.87180779483509709566e-07 	 8 2 7 4
     -2.17161197074194233696e-04 	 8 2 7 5
      2.67869379364337076527e-06 	 8 2 7 6
      2.59290265331947166610e-03 	 8 2 7 7
     -3.56070672036850645326e-04 	 8 2 8 1
      4.50925671071512965821e-03 	 8 2 8 2
     -2.10506799747512118046e-04 	 8 2 8 3
      2.71592143408277140234e-04 	 8 2 8 4
     -1.23107509370845081588e-03 	 8 2 8 5
      8.41896023091315146491e-05 	 8 2 8 6
      7.88792171147956395257e-05 	 8 2 8 7
      1.19258325768229304920e-02 	 8 2 8 8
      7.44905707613448654983e-04 	 8 3 1 1
      3.53286698890209016448e-04 	 8 3 2 1
      8.38927575449305881587e-04 	 8 3 2 2
      9.90821840925765456171e-04 	 8 3 3 1
      1.20724536450927174419e-03 	 8 3 3 2
     -3.74076676991085725968e-03 	 8 3 3 3
     -4.31014427874102160326e-04 	 8 3 4 1
     -3.79438981727027045601e-04 	 8 3 4 2
     -3.23558944770766226257e-04 	 8 3 4 3
     -2.43755708929448687040e-04 	 8 3 4 4
      6.78872301475868644011e-04 	 8 3 5 1
      1.44144614586192874525e-03 	 8 3 5 2
      7.15699220171142147864e-04 	 8 3 5 3
     -2.65645182527339605676e-04 	 8 3 5 4
      4.43499214070583718666e-03 	 8 3 5 5
     -5.28053024084277765511e-04 	 8 3 6 1
     -1.76164493745263373058e-04 	 8 3 6 2
     -4.11647257524621864103e-04 	 8 3 6 3
      7.32167754771412293037e-04 	 8 3 6 4
     -2.55157613572999208539e-04 	 8 3 6 5
      4.95190546982426319650e-03 	 8 3 6 6
     -2.67473044708481334439e-04 	 8 3 7 1
     -5.31463913736450357765e-04 	 8 3 7 2
      8.45205259627038884987e-05 	 8 3 7 3
      9.07148348118433096431e-05 	 8 3 7 4
     -3.84989729198907822648e-04 	 8 3 7 5
      4.45889351229879584738e-04 	 8 3 7 6
      7.88072906961967021774e-04 	 8 3 7 7
      2.36187820643793833925e-03 	 8 3 8 1
     -2.10506799747514665921e-04 	 8 3 8 2
      1.77709965558576002409e-03 	 8 3 8 3
     -1.81170429974601931945e-04 	 8 3 8 4
      1.42151826126026437774e-03 	 8 3 8 5
     -6.37135308470036126373e-04 	 8 3 8 6
     -7.19057225554002609792e-04 	 8 3 8 7
     -2.45976379120265917222e-03 	 8 3 8 8
     -6.84789088495165766679e-03 	 8 4 1 1
      4.22568344431957195525e-04 	 8 4 2 1
     -4.64326095302073499349e-03 	 8 4 2 2
     -1.91523324560338931502e-03 	 8 4 3 1
      8.04038914225401195497e-04 	 8 4 3 2
     -2.40836814689325898198e-03 	 8 4 3 3
     -4.74913991991611614176e-04 	 8 4 4 1
     -1.54018155388947709447e-03 	 8 4 4 2
     -5.14496210673029397663e-04 	 8 4 4 3
     -1.87189132084155038238e-02 	 8 4 4 4
      2.46175410662733968725e-04 	 8 4 5 1
      2.66895945920434874473e-04 	 8 4 5 2
      1.22952275818497230690e-04 	 8 4 5 3
      4.19435363838037563681e-04 	 8 4 5 4
     -8.00525776818617612607e-03 	 8 4 5 5
      2.45388725161812192802e-04 	 8 4 6 1
      6.90879653819744042435e-04 	 8 4 6 2
      1.02186517139129059333e-04 	 8 4 6 3
      1.27488729146837519862e-03 	 8 4 6 4
      1.02604368629100376441e-03 	 8 4 6 5
     -8.18699507410909806115e-03 	 8 4 6 6
      1.37050610290766791514e-03 	 8 4 7 1
     -5.16695411931866830507e-04 	 8 4 7 2
      9.46556929486587071872e-04 	 8 4 7 3
      2.00661468794989652836e-04 	 8 4 7 4
     -4.83024886802631194666e-04 	 8 4 7 5
     -1.57836314166566457694e-05 	 8 4 7 6
     -3.22679186502598412331e-03 	 8 4 7 7
     -1.80659728509595699734e-04 	 8 4 8 1
      2.71592143408385343611e-04 	 8 4 8 2
     -1.81170429974609223205e-04 	 8 4 8 3
      6.47023159961450551603e-03 	 8 4 8 4
      2.35331151302895343275e-04 	 8 4 8 5
     -6.67886983755617788007e-04 	 8 4 8 6
      8.78621274153376598161e-05 	 8 4 8 7
     -1.85589632927844437604e-02 	 8 4 8 8
     -4.29646319993351108457e-03 	 8 5 1 1
      1.37153932290904104728e-03 	 8 5 2 1
     -1.01651637990522892424e-02 	 8 5 2 2
     -5.09410550639976178119e-05 	 8 5 3 1
      4.15825365382888143678e-03 	 8 5 3 2
      2.83322866336393639972e-03 	 8 5 3 3
     -8.70897196537581490781e-04 	 8 5 4 1
     -2.25255121610736788393e-03 	 8 5 4 2
     -6.37714715109811264813e-04 	 8 5 4 3
     -2.04676463718642077591e-03 	 8 5 4 4
      3.24600801532092453003e-03 	 8 5 5 1
      7.12219008985589142197e-03 	 8 5 5 2
      1.64372155768662225710e-03 	 8 5 5 3
     -6.19983243639600305717e-04 	 8 5 5 4
     -9.42129600492440551218e-03 	 8 5 5 5
     -1.03258333961492396874e-03 	 8 5 6 1
     -5.05450361991753799665e-04 	 8 5 6 2
     -6.46221294604491292880e-04 	 8 5 6 3
      2.61955449180720917335e-03 	 8 5 6 4
     -4.94151479035589481260e-04 	 8 5 6 5
      1.22310986607648067293e-02 	 8 5 6 6
     -6.35379775676062161921e-04 	 8 5 7 1
     -2.57608083999057244778e-03 	 8 5 7 2
      1.77536225648461886382e-03 	 8 5 7 3
      2.85755305262772258193e-04 	 8 5 7 4
     -2.07218838854060808871e-03 	 8 5 7 5
      4.84779314764931094396e-04 	 8 5 7 6
     -6.66579540364112873435e-04 	 8 5 7 7
      3.40011460678297681645e-03 	 8 5 8 1
     -1.23107509370842219294e-03 	 8 5 8 2
      1.42151826126027066612e-03 	 8 5 8 3
      2.35331151302936000856e-04 	 8 5 8 4
      8.95180058471468226289e-03 	 8 5 8 5
     -1.82027661553783750951e-03 	 8 5 8 6
     -4.79210453745719370568e-04 	 8 5 8 7
     -1.75269620059215550101e-02 	 8 5 8 8
     -2.72027768529443849527e-03 	 8 6 1 1
     -4.80924461473525820254e-04 	 8 6 2 1
      1.39577173347291941426e-03 	 8 6 2 2
      7.49890541833217092425e-04 	 8 6 3 1
     -2.57588141661691818161e-04 	 8 6 3 2
     -4.29596490077107512340e-03 	 8 6 3 3
      5.54400876592785478610e-04 	 8 6 4 1
      8.51942717823529630308e-04 	 8 6 4 2
      2.60881871173075381275e-04 	 8 6 4 3
      7.60689523767269122623e-03 	 8 6 4 4
     -7.03784729025536169925e-04 	 8 6 5 1
     -9.69138591090282328251e-05 	 8 6 5 2
     -5.16457275696468589773e-04 	 8 6 5 3
      6.44637151832813779136e-04 	 8 6 5 4
     -4.15204847252215875075e-03 	 8 6 5 5
      1.24374879424748638855e-03 	 8 6 6 1
      3.48979967334966598158e-04 	 8 6 6 2
      7.62391980682628487079e-04 	 8 6 6 3
     -3.83204206235787236002e-04 	 8 6 6 4
      1.57898340695538795704e-03 	 8 6 6 5
      3.27280280834462908301e-03 	 8 6 6 6
     -1.01672988834451260426e-03 	 8 6 7 1
      2.88320009838630240268e-04 	 8 6 7 2
     -2.96527089490762716262e-04 	 8 6 7 3
     -3.05778609265397233099e-05 	 8 6 7 4
      3.71954019742790596703e-04 	 8 6 7 5
     -4.66742796826418891373e-04 	 8 6 7 6
     -1.39379380215436934551e-03 	 8 6 7 7
     -1.46594166427003731561e-03 	 8 6 8 1
      8.41896023091068219446e-05 	 8 6 8 2
     -6.37135308470042956847e-04 	 8 6 8 3
     -6.67886983755581033553e-04 	 8 6 8 4
     -1.82027661553783100430e-03 	 8 6 8 5
      3.03137391752033051248e-03 	 8 6 8 6
      4.05683335044307509000e-04 	 8 6 8 7
      7.97455465152332662604e-03 	 8 6 8 8
     -2.46068628824669226318e-03 	 8 7 1 1
     -7.72133915284436256983e-05 	 8 7 2 1
      2.69294959890638220708e-04 	 8 7 2 2
      1.58214431248537666782e-04 	 8 7 3 1
      1.89971285872273757279e-04 	 8 7 3 2
     -2.08066005506764165403e-03 	 8 7 3 3
      1.76027843316980037083e-04 	 8 7 4 1
      3.80342246583860398002e-05 	 8 7 4 2
     -3.93821207098284277589e-05 	 8 7 4 3
      8.57034881176572255201e-04 	 8 7 4 4
     -2.57146266972106945364e-04 	 8 7 5 1
     -6.55088695207732920646e-05 	 8 7 5 2
      3.89079525828674296570e-05 	 8 7 5 3
      2.07696063152149388133e-04 	 8 7 5 4
     -2.47858827332059434082e-03 	 8 7 5 5
      1.98793150124910826537e-04 	 8 7 6 1
      4.65333081968851978755e-05 	 8 7 6 2
      1.81961445724378373997e-04 	 8 7 6 3
      2.16897450147373498704e-04 	 8 7 6 4
      2.93714839668968456712e-04 	 8 7 6 5
     -1.42200609952201580989e-03 	 8 7 6 6
     -5.90662584152827161029e-05 	 8 7 7 1
      5.38073475591690280283e-05 	 8 7 7 2
      1.99314290348087718233e-04 	 8 7 7 3
     -8.67033550948806506099e-05 	 8 7 7 4
      4.19047080347722590045e-04 	 8 7 7 5
     -2.93510689706052897046e-05 	 8 7 7 6
      6.18192881710640635383e-04 	 8 7 7 7
     -1.58921667965740138866e-03 	 8 7 8 1
      7.88792171147985939766e-05 	 8 7 8 2
     -7.19057225554004886617e-04 	 8 7 8 3
      8.78621274153371041625e-05 	 8 7 8 4
     -4.79210453745715413230e-04 	 8 7 8 5
      4.05683335044296612768e-04 	 8 7 8 6
      1.21862766831181031091e-03 	 8 7 8 7
      8.68665174585268244460e-04 	 8 7 8 8
      1.88211052895253944106e-01 	 8 8 1 1
     -3.98858259595435624134e-03 	 8 8 2 1
      2.29368235783216023460e-01 	 8 8 2 2
      2.29041833099858059553e-02 	 8 8 3 1
     -9.46042243538761269683e-03 	 8 8 3 2
      1.48248474079764852585e-01 	 8 8 3 3
     -9.53054681984450845385e-05 	 8 8 4 1
      1.28556432670119402673e-02 	 8 8 4 2
      9.81058293593470645555e-04 	 8 8 4 3
      2.47655267776292542514e-01 	 8 8 4 4
     -4.21144060684832712005e-03 	 8 8 5 1
     -1.14197821989106707702e-02 	 8 8 5 2
     -2.00191307812064723387e-03 	 8 8 5 3
     -2.95747842794188975368e-03 	 8 8 5 4
      2.09122926804403586054e-01 	 8 8 5 5
     -1.49480663497069229039e-04 	 8 8 6 1
     -1.64603785280966418390e-03 	 8 8 6 2
     -5.42713782897261349039e-04 	 8 8 6 3
     -5.45546801742393359935e-03 	 8 8 6 4
     -4.95038167196195678932e-03 	 8 8 6 5
      1.97512868224035159637e-01 	 8 8 6 6
     -2.03469252577164645690e-02 	 8 8 7 1
      4.91190682410784940776e-03 	 8 8 7 2
     -1.14970131543521598971e-02 	 8 8 7 3
     -1.05866582775566725488e-05 	 8 8 7 4
      3.57431309721130885046e-03 	 8 8 7 5
      4.36925721393045351885e-04 	 8 8 7 6
      1.46384321636855219140e-01 	 8 8 7 7
     -6.41989493660519161544e-03 	 8 8 8 1
      1.19258325768232548852e-02 	 8 8 8 2
     -2.45976379120267998890e-03 	 8 8 8 3
     -1.85589632927843084520e-02 	 8 8 8 4
     -1.75269620059216105212e-02 	 8 8 8 5
      7.97455465152329366629e-03 	 8 8 8 6
      8.68665174585291554807e-04 	 8 8 8 7
      3.79581460987419960773e-01 	 8 8 8 8
 # Printing T + V integrals in spatial MO basis
     -2.36310288155149050837e+00 	 1 1 0 0
     -1.90954591214790130038e-02 	 1 2 0 0
     -1.54928741906949524187e-01 	 1 3 0 0
     -7.48414358432771160967e-03 	 1 4 0 0
      1.88555598649764732944e-01 	 1 5 0 0
     -1.27787732012317484936e-02 	 1 6 0 0
      1.51482225836355205439e-01 	 1 7 0 0
      1.63037450562187290204e-02 	 1 8 0 0
     -1.90954591214727124882e-02 	 2 1 0 0
     -1.95407696679668729800e+00 	 2 2 0 0
      5.29740588549164892473e-02 	 2 3 0 0
     -6.24319659333165133397e-02 	 2 4 0 0
     -1.29613075880928491079e-01 	 2 5 0 0
      1.47900284222536246292e-02 	 2 6 0 0
     -4.98563006660382168622e-02 	 2 7 0 0
     -1.98730614683767459194e-01 	 2 8 0 0
     -1.54928741906973393982e-01 	 3 1 0 0
      5.29740588549334201485e-02 	 3 2 0 0
     -2.17302145153986758785e+00 	 3 3 0 0
      5.25114606988791830788e-04 	 3 4 0 0
      4.98171986515600836998e-03 	 3 5 0 0
     -2.23702339338463992990e-02 	 3 6 0 0
     -4.98163014815970195404e-02 	 3 7 0 0
     -2.86874597496123654589e-04 	 3 8 0 0
     -7.48414358432297754931e-03 	 4 1 0 0
     -6.24319659333316193117e-02 	 4 2 0 0
      5.25114606988768412021e-04 	 4 3 0 0
     -1.70775402984380586524e+00 	 4 4 0 0
      3.98809206159993993174e-03 	 4 5 0 0
     -1.63244587252328321458e-01 	 4 6 0 0
      7.91833046391143997866e-04 	 4 7 0 0
      2.15525795658744495631e-01 	 4 8 0 0
      1.88555598649805145062e-01 	 5 1 0 0
     -1.29613075880877504087e-01 	 5 2 0 0
      4.98171986515904240134e-03 	 5 3 0 0
      3.98809206160329748903e-03 	 5 4 0 0
     -2.03952001768038648777e+00 	 5 5 0 0
      1.61603635804083052563e-02 	 5 6 0 0
     -1.96151737170715094460e-02 	 5 7 0 0
      7.56244424584074093065e-02 	 5 8 0 0
     -1.27787732012357522354e-02 	 6 1 0 0
      1.47900284222585269578e-02 	 6 2 0 0
     -2.23702339338523181755e-02 	 6 3 0 0
     -1.63244587252266315502e-01 	 6 4 0 0
      1.61603635804186233915e-02 	 6 5 0 0
     -1.64827840190314467428e+00 	 6 6 0 0
      2.69465601263219056705e-02 	 6 7 0 0
     -2.14174430495440749900e-02 	 6 8 0 0
      1.51482225836378936457e-01 	 7 1 0 0
     -4.98563006660463353681e-02 	 7 2 0 0
     -4.98163014815979493521e-02 	 7 3 0 0
      7.91833046392340957065e-04 	 7 4 0 0
     -1.96151737171048681785e-02 	 7 5 0 0
      2.69465601263176174340e-02 	 7 6 0 0
     -2.27097358941248161912e+00 	 7 7 0 0
      9.78619777274493396479e-03 	 7 8 0 0
      1.63037450562424669764e-02 	 8 1 0 0
     -1.98730614683777812024e-01 	 8 2 0 0
     -2.86874597496950250325e-04 	 8 3 0 0
      2.15525795658710189739e-01 	 8 4 0 0
      7.56244424583874252921e-02 	 8 5 0 0
     -2.14174430495436690647e-02 	 8 6 0 0
      9.78619777275402044636e-03 	 8 7 0 0
     -1.88529047455447940074e+00 	 8 8 0 0
 # Printing -1/2 \lambda \lambda q integrals in spatial MO basis
      4.69810711025570038046e-02 	 1 1 0 0
     -2.48001324155323714382e-03 	 1 2 0 0
     -3.95322859029279775195e-03 	 1 3 0 0
     -2.89009186273957423968e-04 	 1 4 0 0
      2.85133846705761580947e-03 	 1 5 0 0
      2.16189284151410004986e-03 	 1 6 0 0
      1.07595406162512320647e-02 	 1 7 0 0
     -8.96205755205303961942e-04 	 1 8 0 0
     -2.48001324155319681150e-03 	 2 1 0 0
      6.41239998092431873200e-02 	 2 2 0 0
      7.50209033693584651480e-04 	 2 3 0 0
     -2.29360231527322381423e-03 	 2 4 0 0
     -1.62563178164668920879e-03 	 2 5 0 0
     -7.98523708050813928183e-04 	 2 6 0 0
      1.68324042548882810838e-03 	 2 7 0 0
     -2.06602931732225185077e-03 	 2 8 0 0
     -3.95322859029280816029e-03 	 3 1 0 0
      7.50209033693599179789e-04 	 3 2 0 0
      2.66173830434166917847e-02 	 3 3 0 0
     -5.68741449342435325363e-04 	 3 4 0 0
     -2.57048477277949376663e-04 	 3 5 0 0
     -5.60676878885391733950e-04 	 3 6 0 0
      1.61563386136023053735e-03 	 3 7 0 0
     -3.96290858787673287451e-04 	 3 8 0 0
     -2.89009186273958237120e-04 	 4 1 0 0
     -2.29360231527325850870e-03 	 4 2 0 0
     -5.68741449342443890561e-04 	 4 3 0 0
      1.52811039592463896591e-02 	 4 4 0 0
     -9.62994989028318555853e-04 	 4 5 0 0
      3.32049831785279688651e-03 	 4 6 0 0
      8.38514580648566719250e-04 	 4 7 0 0
      6.82286273805643266044e-03 	 4 8 0 0
      2.85133846705758978862e-03 	 5 1 0 0
     -1.62563178164647150099e-03 	 5 2 0 0
     -2.57048477277971765438e-04 	 5 3 0 0
     -9.62994989028327121050e-04 	 5 4 0 0
      3.76262605624607324173e-02 	 5 5 0 0
      2.05190605269895852067e-03 	 5 6 0 0
      1.15860178743284135926e-03 	 5 7 0 0
     -1.34093138293348972676e-04 	 5 8 0 0
      2.16189284151410438667e-03 	 6 1 0 0
     -7.98523708050799291454e-04 	 6 2 0 0
     -5.60676878885390758168e-04 	 6 3 0 0
      3.32049831785275568682e-03 	 6 4 0 0
      2.05190605269898584256e-03 	 6 5 0 0
      2.46206021308871259023e-02 	 6 6 0 0
     -2.28122114326772791951e-03 	 6 7 0 0
      1.33039599296374622464e-03 	 6 8 0 0
      1.07595406162511453285e-02 	 7 1 0 0
      1.68324042548880425593e-03 	 7 2 0 0
      1.61563386136021210591e-03 	 7 3 0 0
      8.38514580648582657021e-04 	 7 4 0 0
      1.15860178743291898813e-03 	 7 5 0 0
     -2.28122114326772965423e-03 	 7 6 0 0
      1.16534236149981137998e-01 	 7 7 0 0
     -2.59621586397989383751e-04 	 7 8 0 0
     -8.96205755205298649352e-04 	 8 1 0 0
     -2.06602931732231039769e-03 	 8 2 0 0
     -3.96290858787677786890e-04 	 8 3 0 0
      6.82286273805645607921e-03 	 8 4 0 0
     -1.34093138293336206195e-04 	 8 5 0 0
      1.33039599296374188783e-03 	 8 6 0 0
     -2.59621586398017844058e-04 	 8 7 0 0
      3.23776905472168349820e-02 	 8 8 0 0
 # Printing \lambda mu integrals in spatial MO basis
     -2.21882499240616704039e-01 	 1 1 0 0
      1.52703426334223901772e-02 	 1 2 0 0
      2.80833275653483670220e-02 	 1 3 0 0
     -8.13997452456860851044e-03 	 1 4 0 0
      3.47090376048031432066e-02 	 1 5 0 0
     -1.31688584925396105253e-03 	 1 6 0 0
     -6.70173397408032611722e-02 	 1 7 0 0
      2.63101538336539438057e-02 	 1 8 0 0
      1.52703426334224404842e-02 	 2 1 0 0
     -1.41843049850525176891e-01 	 2 2 0 0
      6.84257416030918386163e-02 	 2 3 0 0
     -3.44845706976597832227e-02 	 2 4 0 0
      9.62811801346123291578e-02 	 2 5 0 0
     -5.50380023529313013031e-03 	 2 6 0 0
     -5.78601892998303335425e-02 	 2 7 0 0
     -1.37206921070407820984e-02 	 2 8 0 0
      2.80833275653483704914e-02 	 3 1 0 0
      6.84257416030918247385e-02 	 3 2 0 0
     -1.20553622686659769880e-01 	 3 3 0 0
     -5.94874160039944501616e-03 	 3 4 0 0
      5.17649672870370333028e-03 	 3 5 0 0
     -6.30424178682237237176e-03 	 3 6 0 0
      8.72353908999931246249e-03 	 3 7 0 0
      6.64447841318621407886e-03 	 3 8 0 0
     -8.13997452456858769376e-03 	 4 1 0 0
     -3.44845706976598040394e-02 	 4 2 0 0
     -5.94874160039945022033e-03 	 4 3 0 0
      5.51233224877366173589e-02 	 4 4 0 0
      5.48333786379769354963e-03 	 4 5 0 0
      2.64518764496694883115e-02 	 4 6 0 0
      6.57096000273246858697e-03 	 4 7 0 0
      1.76082935214150748671e-02 	 4 8 0 0
      3.47090376048031293288e-02 	 5 1 0 0
      9.62811801346121903800e-02 	 5 2 0 0
      5.17649672870372241223e-03 	 5 3 0 0
      5.48333786379771089686e-03 	 5 4 0 0
     -7.73071055564989451092e-02 	 5 5 0 0
      1.83678378881797499389e-02 	 5 6 0 0
     -3.52148275490674969590e-02 	 5 7 0 0
      5.60761443066579157168e-02 	 5 8 0 0
     -1.31688584925396257042e-03 	 6 1 0 0
     -5.50380023529311191571e-03 	 6 2 0 0
     -6.30424178682237844329e-03 	 6 3 0 0
      2.64518764496694223920e-02 	 6 4 0 0
      1.83678378881797707556e-02 	 6 5 0 0
      1.74512805863580422461e-01 	 6 6 0 0
      1.72736071710399216594e-02 	 6 7 0 0
     -2.94473051108101906213e-05 	 6 8 0 0
     -6.70173397408032889278e-02 	 7 1 0 0
     -5.78601892998303474203e-02 	 7 2 0 0
      8.72353908999931246249e-03 	 7 3 0 0
      6.57096000273245904599e-03 	 7 4 0 0
     -3.52148275490674622645e-02 	 7 5 0 0
      1.72736071710399285983e-02 	 7 6 0 0
     -3.45413424501536114875e-01 	 7 7 0 0
      4.23459500112722923848e-03 	 7 8 0 0
      2.63101538336539299279e-02 	 8 1 0 0
     -1.37206921070408809776e-02 	 8 2 0 0
      6.64447841318622015039e-03 	 8 3 0 0
      1.76082935214151685421e-02 	 8 4 0 0
      5.60761443066578879613e-02 	 8 5 0 0
     -2.94473051108069854486e-05 	 8 6 0 0
      4.23459500112721883014e-03 	 8 7 0 0
     -1.48903892932360532031e-01 	 8 8 0 0
 # Printing nuclear repulsion energy
     -2.99542529042879414192e+03 	 0 0 0 0
 # Printing photon energy
      6.61500000000000004663e-02 	 0 0 0 0
 # Printing lambda vector
  3.8302200000e-02, 8.2139400000e-02, 4.2261800000e-02 	 0 0 0 0
 # Printing RHF Electronic Dipole Moment
  2.5884148717e+00, -1.2892015490e+01, -1.2655558816e+01 	 0 0 0 0
 # Printing Nuclear Dipole Moment
  -6.7600861184e+00, 1.2911092049e+01, 1.3300769683e+01 	 0 0 0 0
