&FCI NORB=8,NELEC=0,MS2=0
ORBSYM=1,1,1,1,
ISYM=1,
/
      4.72202420630499941634e-01 	 1 1 1 1
     -5.96715071701861901610e-03 	 1 1 2 1
      2.29267947935186150454e-01 	 1 1 2 2
     -4.10856057181483366736e-02 	 1 1 3 1
     -2.51286705933985235473e-02 	 1 1 3 2
      3.02237969477550882935e-01 	 1 1 3 3
      8.17313096946718428693e-03 	 1 1 4 1
      9.77478074607752468739e-03 	 1 1 4 2
      1.30256895340943759480e-03 	 1 1 4 3
      1.55734212866687898869e-01 	 1 1 4 4
     -1.95464767672067808724e-02 	 1 1 5 1
     -3.13265287993653371301e-02 	 1 1 5 2
      1.38437811407355411582e-03 	 1 1 5 3
     -1.10465642010974612018e-03 	 1 1 5 4
      2.69551313032621253640e-01 	 1 1 5 5
      9.71370317074477288531e-04 	 1 1 6 1
      6.38931171391162572824e-04 	 1 1 6 2
      3.04204478439067289852e-03 	 1 1 6 3
     -4.87686728979379660598e-03 	 1 1 6 4
     -9.45936143695882622473e-03 	 1 1 6 5
      1.41611252455347447210e-01 	 1 1 6 6
      5.27772838794211135438e-02 	 1 1 7 1
      1.91216407455349762801e-02 	 1 1 7 2
     -8.17831683921908672921e-04 	 1 1 7 3
     -2.81562959805022093931e-04 	 1 1 7 4
      7.42045390988676969307e-03 	 1 1 7 5
     -6.51670452964336639062e-03 	 1 1 7 6
      3.45303455591690955373e-01 	 1 1 7 7
     -1.32894626764368424532e-02 	 1 1 8 1
      7.02667358143796959291e-03 	 1 1 8 2
     -7.29387768854625109100e-04 	 1 1 8 3
     -1.07548630588456019253e-02 	 1 1 8 4
     -1.67387782464722273401e-02 	 1 1 8 5
     -2.71374384364055825161e-03 	 1 1 8 6
     -3.40026881036862476185e-03 	 1 1 8 7
      2.21250220805743386121e-01 	 1 1 8 8
     -5.96715071701864243486e-03 	 2 1 1 1
      2.05986371388720921477e-03 	 2 1 2 1
     -8.48935144994472472291e-04 	 2 1 2 2
     -1.67109389575160517411e-04 	 2 1 3 1
      2.66138569722094726205e-03 	 2 1 3 2
      2.61977755346912664913e-03 	 2 1 3 3
     -5.42727312252632180731e-04 	 2 1 4 1
     -1.46742943419738086988e-03 	 2 1 4 2
     -4.40539755078370805393e-04 	 2 1 4 3
     -2.13172412675010497507e-03 	 2 1 4 4
      8.62117868877483985515e-04 	 2 1 5 1
      3.80130821808177202931e-03 	 2 1 5 2
      8.11159847469077217863e-04 	 2 1 5 3
      1.69780476873049800905e-04 	 2 1 5 4
      3.51763311834041129955e-03 	 2 1 5 5
     -4.80790286177700063736e-04 	 2 1 6 1
     -3.19260128249562312886e-04 	 2 1 6 2
     -3.12863138773209641975e-04 	 2 1 6 3
      2.02509700114164754858e-03 	 2 1 6 4
      2.48766682982207881260e-04 	 2 1 6 5
      2.93681496844162446755e-03 	 2 1 6 6
     -9.30116983220203100147e-04 	 2 1 7 1
     -2.52688813424533937485e-03 	 2 1 7 2
      1.13608340341127917947e-03 	 2 1 7 3
      3.25297082113470698971e-04 	 2 1 7 4
     -1.88746923334471823977e-03 	 2 1 7 5
      6.89064731857252617611e-04 	 2 1 7 6
     -5.59561584503961897269e-03 	 2 1 7 7
      1.17443313859685047676e-03 	 2 1 8 1
     -1.98998232017844642154e-04 	 2 1 8 2
      4.54750160879937703057e-04 	 2 1 8 3
      6.91453019693808942914e-04 	 2 1 8 4
      2.22784126003293826007e-03 	 2 1 8 5
     -4.81374131912168325056e-04 	 2 1 8 6
     -1.25496749474484812440e-05 	 2 1 8 7
     -6.26239606048200041916e-03 	 2 1 8 8
      2.29267947935185872899e-01 	 2 2 1 1
     -8.48935144994466183918e-04 	 2 2 2 1
      3.52601379734577558001e-01 	 2 2 2 2
      2.04536555310515840572e-03 	 2 2 3 1
     -2.03379844729467268438e-02 	 2 2 3 2
      1.88169656695011011660e-01 	 2 2 3 3
     -3.47038127792934905300e-04 	 2 2 4 1
      1.37499819743248652415e-02 	 2 2 4 2
     -2.18551106146910954081e-03 	 2 2 4 3
      1.68418474759817027309e-01 	 2 2 4 4
     -6.02988594368096715581e-03 	 2 2 5 1
     -2.38630107165260473001e-02 	 2 2 5 2
      4.29756210280083858488e-03 	 2 2 5 3
     -2.18863445400544961994e-03 	 2 2 5 4
      2.65638686430033799102e-01 	 2 2 5 5
     -8.38503267228333745188e-04 	 2 2 6 1
      1.97513400193401493163e-03 	 2 2 6 2
     -2.93226837670852984868e-05 	 2 2 6 3
      6.72393486761180617095e-03 	 2 2 6 4
     -4.75036401760103865755e-03 	 2 2 6 5
      1.59238582620902818787e-01 	 2 2 6 6
      3.47232159665626736317e-03 	 2 2 7 1
      1.13719182035335129172e-02 	 2 2 7 2
     -2.44573373113609856058e-03 	 2 2 7 3
      1.06101079635310523858e-03 	 2 2 7 4
      1.27091778793567405231e-03 	 2 2 7 5
     -1.36202090635292221224e-03 	 2 2 7 6
      2.28890521048536133009e-01 	 2 2 7 7
     -3.85718118207194985564e-03 	 2 2 8 1
      1.32016731486482453289e-02 	 2 2 8 2
     -1.03545507342983947839e-04 	 2 2 8 3
     -7.14087500876139057160e-03 	 2 2 8 4
     -1.81191751313667936962e-02 	 2 2 8 5
      1.39994862903957762237e-03 	 2 2 8 6
     -3.31352909951063590455e-04 	 2 2 8 7
      2.50489218091358323282e-01 	 2 2 8 8
     -4.10856057181482672847e-02 	 3 1 1 1
     -1.67109389575157590065e-04 	 3 1 2 1
      2.04536555310509595568e-03 	 3 1 2 2
      1.78171857052134771648e-02 	 3 1 3 1
      3.74339326521000567358e-03 	 3 1 3 2
     -4.49353642543969186707e-02 	 3 1 3 3
     -1.46357715967899894988e-03 	 3 1 4 1
      4.54109378091914722524e-04 	 3 1 4 2
     -3.16023650659860320597e-04 	 3 1 4 3
      2.36599712319298348395e-02 	 3 1 4 4
      3.03885278118910112655e-03 	 3 1 5 1
      2.96653489188603881888e-03 	 3 1 5 2
      9.06385869223485130409e-05 	 3 1 5 3
     -7.35885827339256815526e-04 	 3 1 5 4
     -1.93052228851913225058e-03 	 3 1 5 5
     -4.45814968680602362935e-04 	 3 1 6 1
     -4.24915688529259533493e-04 	 3 1 6 2
     -1.47633683632021140211e-03 	 3 1 6 3
     -1.37918121594769673040e-03 	 3 1 6 4
      5.21611003779195764492e-05 	 3 1 6 5
      2.40823702602826206220e-02 	 3 1 6 6
     -1.28924519266708920151e-02 	 3 1 7 1
     -1.85904585085266927866e-03 	 3 1 7 2
     -3.74576142012632415032e-03 	 3 1 7 3
     -1.67805269531469690479e-04 	 3 1 7 4
     -3.17505094278727664076e-04 	 3 1 7 5
      1.17353233069080993903e-03 	 3 1 7 6
     -2.90878833815415710484e-02 	 3 1 7 7
      2.44581520565547664431e-03 	 3 1 8 1
      5.77625821275352425987e-04 	 3 1 8 2
      1.17742090470416031420e-03 	 3 1 8 3
     -1.42073377077470662522e-03 	 3 1 8 4
      1.52386367410162421390e-03 	 3 1 8 5
      7.49063563517895440041e-04 	 3 1 8 6
      2.77135949771783703707e-04 	 3 1 8 7
      1.87224665090107676713e-02 	 3 1 8 8
     -2.51286705933984957917e-02 	 3 2 1 1
      2.66138569722095333359e-03 	 3 2 2 1
     -2.03379844729467788855e-02 	 3 2 2 2
      3.74339326521001391351e-03 	 3 2 3 1
      1.25812689519123749315e-02 	 3 2 3 2
     -2.49028608822439122272e-02 	 3 2 3 3
     -1.15823455665101972267e-03 	 3 2 4 1
     -5.16470291817866002104e-03 	 3 2 4 2
     -1.68893782409593358473e-03 	 3 2 4 3
      2.60969971735475550489e-03 	 3 2 4 4
      4.40330524539784065596e-03 	 3 2 5 1
      1.52552678342794019450e-02 	 3 2 5 2
      2.61840357617396666048e-03 	 3 2 5 3
      6.66142252687126315731e-04 	 3 2 5 4
     -8.87098834542908443179e-03 	 3 2 5 5
     -7.19048302541433438304e-04 	 3 2 6 1
     -1.08248232882682932608e-03 	 3 2 6 2
     -1.33426756582491565922e-03 	 3 2 6 3
      5.83802328284393177993e-03 	 3 2 6 4
      2.27002673999856293546e-03 	 3 2 6 5
      1.95424588842518370813e-02 	 3 2 6 6
     -5.89595214969644045022e-03 	 3 2 7 1
     -7.29734964877721409282e-03 	 3 2 7 2
      2.25130528682034730670e-03 	 3 2 7 3
      8.19858407506455361125e-04 	 3 2 7 4
     -4.55548388474693796701e-03 	 3 2 7 5
      1.91645704971532267018e-03 	 3 2 7 6
     -2.74787990662140983733e-02 	 3 2 7 7
      3.46904379393699752177e-03 	 3 2 8 1
     -1.80198539860776645732e-03 	 3 2 8 2
      1.66189872749727355489e-03 	 3 2 8 3
      2.00889945679314950097e-03 	 3 2 8 4
      7.99530541425392225763e-03 	 3 2 8 5
     -2.59603095352117709416e-04 	 3 2 8 6
      4.79726589213149605742e-04 	 3 2 8 7
     -1.96492817368717556659e-02 	 3 2 8 8
      3.02237969477550660891e-01 	 3 3 1 1
      2.61977755346909889356e-03 	 3 3 2 1
      1.88169656695011178194e-01 	 3 3 2 2
     -4.49353642543970227541e-02 	 3 3 3 1
     -2.49028608822439156967e-02 	 3 3 3 2
      5.11865742902537279591e-01 	 3 3 3 3
      2.34167555166561649344e-03 	 3 3 4 1
      1.48242322333024326153e-03 	 3 3 4 2
      4.93236853416877726181e-03 	 3 3 4 3
      1.30382010585191804308e-01 	 3 3 4 4
     -5.88115167337488302379e-03 	 3 3 5 1
     -8.94992097736555664023e-03 	 3 3 5 2
     -3.36397742517108040011e-03 	 3 3 5 3
      3.49614624117721415654e-04 	 3 3 5 4
      2.15013534585847349012e-01 	 3 3 5 5
     -2.38427217172495911970e-03 	 3 3 6 1
      1.37957226282020323400e-04 	 3 3 6 2
      8.60666451172473721820e-03 	 3 3 6 3
      4.20141871662459229914e-03 	 3 3 6 4
     -5.09416975413461321776e-03 	 3 3 6 5
      1.40766599492715027697e-01 	 3 3 6 6
      2.46491756944788170669e-02 	 3 3 7 1
      5.50470670884885878577e-03 	 3 3 7 2
      1.42488190154025952394e-02 	 3 3 7 3
      7.12023939962483278648e-04 	 3 3 7 4
     -1.77389663720249786405e-04 	 3 3 7 5
     -2.20066971521006970319e-03 	 3 3 7 6
      2.43827146079538037426e-01 	 3 3 7 7
     -1.90905131742299472367e-03 	 3 3 8 1
      3.96658887145915923372e-03 	 3 3 8 2
     -4.54178271348375153099e-03 	 3 3 8 3
     -4.53111172022988874242e-03 	 3 3 8 4
     -3.92695367910360273317e-03 	 3 3 8 5
     -4.29241492146165051075e-03 	 3 3 8 6
     -2.59115582306435185064e-03 	 3 3 8 7
      1.66199377804907372225e-01 	 3 3 8 8
      8.17313096946717040914e-03 	 4 1 1 1
     -5.42727312252629036544e-04 	 4 1 2 1
     -3.47038127792915606501e-04 	 4 1 2 2
     -1.46357715967899461307e-03 	 4 1 3 1
     -1.15823455665102037319e-03 	 4 1 3 2
      2.34167555166561215663e-03 	 4 1 3 3
      2.14897437618362645989e-03 	 4 1 4 1
      6.04907050777869770286e-04 	 4 1 4 2
      1.04018613000349453325e-03 	 4 1 4 3
      4.51923515811674877951e-03 	 4 1 4 4
     -1.03884462830066011917e-03 	 4 1 5 1
     -1.56808497015825405035e-03 	 4 1 5 2
     -4.34616386757870603458e-04 	 4 1 5 3
      8.45495413850693089885e-05 	 4 1 5 4
     -7.11348052792067368950e-04 	 4 1 5 5
      3.70777892423191529105e-04 	 4 1 6 1
      2.40006654155791457686e-04 	 4 1 6 2
      3.20800706185497060564e-04 	 4 1 6 3
     -7.15935351421904172392e-04 	 4 1 6 4
      1.70950387433792413104e-04 	 4 1 6 5
     -4.41084579891609911834e-03 	 4 1 6 6
      1.96180355004807547431e-03 	 4 1 7 1
      9.66637215451763426310e-04 	 4 1 7 2
     -2.51452864142186671616e-04 	 4 1 7 3
     -8.80502531515406253008e-04 	 4 1 7 4
      7.75459974831233574827e-04 	 4 1 7 5
     -5.80335540304759449001e-04 	 4 1 7 6
      5.78787935499099678166e-03 	 4 1 7 7
     -1.32878298455206067877e-03 	 4 1 8 1
      1.46087887990424206011e-05 	 4 1 8 2
     -4.85100312886481020627e-04 	 4 1 8 3
     -6.18245052677049585464e-04 	 4 1 8 4
     -1.32735558262978784599e-03 	 4 1 8 5
      5.54640576906178443643e-04 	 4 1 8 6
      1.41558347885936030219e-04 	 4 1 8 7
      1.11676842688005492979e-03 	 4 1 8 8
      9.77478074607750213598e-03 	 4 2 1 1
     -1.46742943419739821712e-03 	 4 2 2 1
      1.37499819743248583026e-02 	 4 2 2 2
      4.54109378091895857406e-04 	 4 2 3 1
     -5.16470291817864701062e-03 	 4 2 3 2
      1.48242322333023892472e-03 	 4 2 3 3
      6.04907050777872589212e-04 	 4 2 4 1
      4.45273063836976526475e-03 	 4 2 4 2
      1.05198364481818131336e-03 	 4 2 4 3
      9.84282289878581767573e-03 	 4 2 4 4
     -2.25546458687473283175e-03 	 4 2 5 1
     -6.75182808245114972345e-03 	 4 2 5 2
     -8.91968781856508066350e-04 	 4 2 5 3
      1.37918890529878900020e-04 	 4 2 5 4
      5.01107738538079071355e-03 	 4 2 5 5
      5.88758359605848127089e-04 	 4 2 6 1
      1.50974561387063211521e-03 	 4 2 6 2
      8.41326683411029252815e-04 	 4 2 6 3
     -3.07203648609276217321e-03 	 4 2 6 4
     -4.90684364175051138113e-04 	 4 2 6 5
     -5.04304278242737134136e-03 	 4 2 6 6
      1.30705257111552006384e-03 	 4 2 7 1
      3.72318157799491050025e-03 	 4 2 7 2
     -1.66633912333331141685e-03 	 4 2 7 3
     -6.28112116385955675246e-04 	 4 2 7 4
      2.52709928834887482402e-03 	 4 2 7 5
     -1.22657177925199114416e-03 	 4 2 7 6
      1.19773194510234323035e-02 	 4 2 7 7
     -1.88633679510230621926e-03 	 4 2 8 1
      1.65510807452977164698e-03 	 4 2 8 2
     -6.08570967315633635543e-04 	 4 2 8 3
     -2.14739599669385664710e-03 	 4 2 8 4
     -4.18631297890248617322e-03 	 4 2 8 5
      8.52958195498495445191e-04 	 4 2 8 6
     -1.07993966033931987477e-04 	 4 2 8 7
      1.79905300899946690718e-02 	 4 2 8 8
      1.30256895340943260747e-03 	 4 3 1 1
     -4.40539755078373570108e-04 	 4 3 2 1
     -2.18551106146911127553e-03 	 4 3 2 2
     -3.16023650659861133749e-04 	 4 3 3 1
     -1.68893782409593054897e-03 	 4 3 3 2
      4.93236853416877986389e-03 	 4 3 3 3
      1.04018613000349670165e-03 	 4 3 4 1
      1.05198364481817979547e-03 	 4 3 4 2
      1.40633222628420485358e-03 	 4 3 4 3
      4.79513152900525561895e-03 	 4 3 4 4
     -7.28955494715154573432e-04 	 4 3 5 1
     -1.52269364865862668820e-03 	 4 3 5 2
     -6.34814807097799547152e-04 	 4 3 5 3
     -1.19965286609975858856e-04 	 4 3 5 4
     -1.82590961511878285828e-03 	 4 3 5 5
      2.11345048462321168526e-04 	 4 3 6 1
      4.90365541322956388463e-04 	 4 3 6 2
      7.47821028975505122487e-04 	 4 3 6 3
     -1.34679762209997965806e-03 	 4 3 6 4
     -8.92270002950949130214e-05 	 4 3 6 5
     -2.03419804983195028070e-03 	 4 3 6 6
      2.30579343475802042924e-04 	 4 3 7 1
      8.77834047613886437472e-04 	 4 3 7 2
     -4.73258191580040298713e-04 	 4 3 7 3
     -4.69840642794649228538e-04 	 4 3 7 4
      9.03930877347229209604e-04 	 4 3 7 5
     -1.25035565754501689414e-05 	 4 3 7 6
      1.10857499282468767096e-03 	 4 3 7 7
     -6.79571740871277429202e-04 	 4 3 8 1
      7.14666396722761227810e-05 	 4 3 8 2
     -3.63085229920244759953e-04 	 4 3 8 3
     -6.19243398855908269186e-04 	 4 3 8 4
     -9.71297207536826788868e-04 	 4 3 8 5
      2.61057045582008793744e-04 	 4 3 8 6
     -6.45726321538746749710e-05 	 4 3 8 7
      1.86684907594164041511e-03 	 4 3 8 8
      1.55734212866688037646e-01 	 4 4 1 1
     -2.13172412675007635213e-03 	 4 4 2 1
      1.68418474759816666486e-01 	 4 4 2 2
      2.36599712319298660645e-02 	 4 4 3 1
      2.60969971735472514723e-03 	 4 4 3 2
      1.30382010585191776553e-01 	 4 4 3 3
      4.51923515811674531006e-03 	 4 4 4 1
      9.84282289878579338960e-03 	 4 4 4 2
      4.79513152900525128214e-03 	 4 4 4 3
      3.94082674090541373868e-01 	 4 4 4 4
     -7.37761863632685520667e-04 	 4 4 5 1
      8.10335221194022695124e-03 	 4 4 5 2
     -2.35441174727006336670e-03 	 4 4 5 3
      2.15055857248151825051e-03 	 4 4 5 4
      1.74490697279001349962e-01 	 4 4 5 5
      2.73372345002321397514e-03 	 4 4 6 1
     -1.56179491761310488759e-03 	 4 4 6 2
      1.11162806939095384212e-03 	 4 4 6 3
     -6.53152369599902318797e-03 	 4 4 6 4
     -1.23768530704544362821e-03 	 4 4 6 5
      2.61756811014694112938e-01 	 4 4 6 6
     -2.53226479540296610382e-02 	 4 4 7 1
     -2.59630081955190697776e-03 	 4 4 7 2
     -9.15731615880069002578e-03 	 4 4 7 3
     -1.28644800745002533746e-03 	 4 4 7 4
      3.89700897915769284285e-04 	 4 4 7 5
      2.87145391953258629844e-05 	 4 4 7 6
      1.11835290455190750070e-01 	 4 4 7 7
     -7.64591628033185798444e-04 	 4 4 8 1
      2.24244865231085048485e-03 	 4 4 8 2
      1.22510017403430602643e-04 	 4 4 8 3
     -1.77482855661757928101e-02 	 4 4 8 4
      1.04433874929831275666e-03 	 4 4 8 5
      7.60527200437664720883e-03 	 4 4 8 6
      1.09045982702864435558e-03 	 4 4 8 7
      2.39447190466502757289e-01 	 4 4 8 8
     -1.95464767672067149529e-02 	 5 1 1 1
      8.62117868877488105483e-04 	 5 1 2 1
     -6.02988594368095761483e-03 	 5 1 2 2
      3.03885278118909071821e-03 	 5 1 3 1
      4.40330524539784932958e-03 	 5 1 3 2
     -5.88115167337494547384e-03 	 5 1 3 3
     -1.03884462830065296343e-03 	 5 1 4 1
     -2.25546458687476752622e-03 	 5 1 4 2
     -7.28955494715160753384e-04 	 5 1 4 3
     -7.37761863632667739751e-04 	 5 1 4 4
      6.94073755685526566639e-03 	 5 1 5 1
      7.82026565988246970262e-03 	 5 1 5 2
      1.55198848164436395414e-03 	 5 1 5 3
     -3.67853385944089204124e-04 	 5 1 5 4
     -7.75313083617065398889e-03 	 5 1 5 5
     -1.04085354461432195994e-03 	 5 1 6 1
     -5.34535124233638503886e-04 	 5 1 6 2
     -8.48805787674715059819e-04 	 5 1 6 3
      2.60254911921462342428e-03 	 5 1 6 4
      5.91285496237013274284e-04 	 5 1 6 5
      1.19773971382699431082e-02 	 5 1 6 6
     -4.84546892980839034870e-03 	 5 1 7 1
     -3.69224074866792133925e-03 	 5 1 7 2
      1.24096067725106679568e-03 	 5 1 7 3
      4.79346750460415938714e-04 	 5 1 7 4
     -3.05893791434990727426e-03 	 5 1 7 5
      1.09278920534991181440e-03 	 5 1 7 6
     -1.62650078369854789173e-02 	 5 1 7 7
      3.00280672861327974435e-03 	 5 1 8 1
     -4.29070502608715426476e-05 	 5 1 8 2
      9.09495752583448107721e-04 	 5 1 8 3
      8.57342332653959911769e-04 	 5 1 8 4
      5.19235701679308936374e-03 	 5 1 8 5
     -7.04806816646012736401e-04 	 5 1 8 6
     -1.10167549836873558764e-04 	 5 1 8 7
     -9.37975142613916776368e-03 	 5 1 8 8
     -3.13265287993653440690e-02 	 5 2 1 1
      3.80130821808180845850e-03 	 5 2 2 1
     -2.38630107165261964863e-02 	 5 2 2 2
      2.96653489188605616611e-03 	 5 2 3 1
      1.52552678342793898020e-02 	 5 2 3 2
     -8.94992097736556357912e-03 	 5 2 3 3
     -1.56808497015826185661e-03 	 5 2 4 1
     -6.75182808245108206924e-03 	 5 2 4 2
     -1.52269364865861302726e-03 	 5 2 4 3
      8.10335221194021133873e-03 	 5 2 4 4
      7.82026565988243674288e-03 	 5 2 5 1
      2.80086037158207568076e-02 	 5 2 5 2
      3.03079364642896888909e-03 	 5 2 5 3
      1.12267422161351436947e-03 	 5 2 5 4
     -1.26395533196352709282e-02 	 5 2 5 5
     -9.61459648275230166839e-04 	 5 2 6 1
     -1.16448222347406401059e-03 	 5 2 6 2
     -9.56121909523769547556e-04 	 5 2 6 3
      9.49698483951109256873e-03 	 5 2 6 4
      3.25126905357206019004e-03 	 5 2 6 5
      3.32950975134118504206e-02 	 5 2 6 6
     -9.00051892164936695462e-03 	 5 2 7 1
     -1.13276636642912400393e-02 	 5 2 7 2
      4.44625300472987951966e-03 	 5 2 7 3
      1.26806574028544153179e-03 	 5 2 7 4
     -7.59841177199113877727e-03 	 5 2 7 5
      2.48628427874188033531e-03 	 5 2 7 6
     -3.28321544797092190748e-02 	 5 2 7 7
      5.31444207690216254003e-03 	 5 2 8 1
     -2.71861239832443726122e-03 	 5 2 8 2
      2.08118436886245948558e-03 	 5 2 8 3
      1.96224322631882545920e-03 	 5 2 8 4
      1.25212674410997044927e-02 	 5 2 8 5
     -9.97490803967695469643e-05 	 5 2 8 6
      3.42202934579889607100e-04 	 5 2 8 7
     -2.57564247370764068390e-02 	 5 2 8 8
      1.38437811407353676858e-03 	 5 3 1 1
      8.11159847469063882176e-04 	 5 3 2 1
      4.29756210280088802450e-03 	 5 3 2 2
      9.06385869223506543402e-05 	 5 3 3 1
      2.61840357617396666048e-03 	 5 3 3 2
     -3.36397742517106825705e-03 	 5 3 3 3
     -4.34616386757869193995e-04 	 5 3 4 1
     -8.91968781856513487361e-04 	 5 3 4 2
     -6.34814807097797161907e-04 	 5 3 4 3
     -2.35441174727003344272e-03 	 5 3 4 4
      1.55198848164438910763e-03 	 5 3 5 1
      3.03079364642893419463e-03 	 5 3 5 2
      2.85449946698099893405e-03 	 5 3 5 3
     -1.65441365249540794230e-04 	 5 3 5 4
      3.79829929020113459676e-03 	 5 3 5 5
     -6.51793002628513087719e-04 	 5 3 6 1
     -1.29306967527934246970e-04 	 5 3 6 2
     -5.15606371228775959940e-04 	 5 3 6 3
      2.19664610022299571640e-03 	 5 3 6 4
     -4.96024980274478174231e-05 	 5 3 6 5
      3.83085469384336022719e-03 	 5 3 6 6
      2.62267901315069672501e-04 	 5 3 7 1
     -9.48969080635326568685e-04 	 5 3 7 2
      9.07125672881248278426e-04 	 5 3 7 3
      3.58444718661567456475e-04 	 5 3 7 4
     -1.92785066844634346561e-03 	 5 3 7 5
      5.28513409451806864467e-04 	 5 3 7 6
      1.11377010473382408173e-03 	 5 3 7 7
      9.09426521533324518955e-04 	 5 3 8 1
      3.53242964042221082969e-04 	 5 3 8 2
      7.50094340940945375484e-04 	 5 3 8 3
      2.14101549630179709572e-04 	 5 3 8 4
      1.93399953524835913760e-03 	 5 3 8 5
     -5.16609709575054109644e-04 	 5 3 8 6
      6.08283197535914237986e-05 	 5 3 8 7
     -2.77271359277622914466e-03 	 5 3 8 8
     -1.10465642010974438546e-03 	 5 4 1 1
      1.69780476873046981979e-04 	 5 4 2 1
     -2.18863445400543227271e-03 	 5 4 2 2
     -7.35885827339242829317e-04 	 5 4 3 1
      6.66142252687126315731e-04 	 5 4 3 2
      3.49614624117710139951e-04 	 5 4 3 3
      8.45495413850678995257e-05 	 5 4 4 1
      1.37918890529852716537e-04 	 5 4 4 2
     -1.19965286609981334077e-04 	 5 4 4 3
      2.15055857248149569910e-03 	 5 4 4 4
     -3.67853385944083132592e-04 	 5 4 5 1
      1.12267422161353887244e-03 	 5 4 5 2
     -1.65441365249556894632e-04 	 5 4 5 3
      1.55848272721388191736e-03 	 5 4 5 4
      2.10225899837692613119e-04 	 5 4 5 5
      5.51143369482472644458e-04 	 5 4 6 1
      8.01849207228021187456e-04 	 5 4 6 2
      4.40443788212733903543e-04 	 5 4 6 3
      6.73452312001742532319e-04 	 5 4 6 4
      1.39385372354226149717e-03 	 5 4 6 5
     -7.26911781956798255973e-04 	 5 4 6 6
      1.94860939386343656656e-04 	 5 4 7 1
     -5.08879079734281519060e-04 	 5 4 7 2
      5.93124073621514153430e-04 	 5 4 7 3
      8.97226984347462418624e-05 	 5 4 7 4
     -3.64270215090289417939e-04 	 5 4 7 5
     -3.95461631032453559027e-04 	 5 4 7 6
     -1.86248719611623470699e-03 	 5 4 7 7
     -4.46956968178210110355e-04 	 5 4 8 1
     -5.15872570099981013828e-04 	 5 4 8 2
     -2.29211262459130273549e-04 	 5 4 8 3
      5.15987586420932407665e-04 	 5 4 8 4
     -3.12498798307097864872e-04 	 5 4 8 5
      6.44475682309650333389e-04 	 5 4 8 6
      2.30915778259676885168e-04 	 5 4 8 7
     -3.77396878212474338327e-03 	 5 4 8 8
      2.69551313032621364663e-01 	 5 5 1 1
      3.51763311834040522802e-03 	 5 5 2 1
      2.65638686430033910124e-01 	 5 5 2 2
     -1.93052228851915436830e-03 	 5 5 3 1
     -8.87098834542907228873e-03 	 5 5 3 2
      2.15013534585847349012e-01 	 5 5 3 3
     -7.11348052792079728855e-04 	 5 5 4 1
      5.01107738538068749751e-03 	 5 5 4 2
     -1.82590961511880757809e-03 	 5 5 4 3
      1.74490697279001627518e-01 	 5 5 4 4
     -7.75313083617067827502e-03 	 5 5 5 1
     -1.26395533196351460281e-02 	 5 5 5 2
      3.79829929020106954463e-03 	 5 5 5 3
      2.10225899837714622423e-04 	 5 5 5 4
      3.85252929620623407736e-01 	 5 5 5 5
     -2.59314884479422197092e-03 	 5 5 6 1
     -1.43170867262913887111e-03 	 5 5 6 2
     -8.74456351820893833596e-04 	 5 5 6 3
      8.05233226158114448467e-03 	 5 5 6 4
     -7.29090248224759616968e-03 	 5 5 6 5
      1.96567139427657328055e-01 	 5 5 6 6
      6.73259378942897123571e-03 	 5 5 7 1
      3.94519492440903885716e-03 	 5 5 7 2
     -1.18329588362764285062e-03 	 5 5 7 3
      1.34571395379614981713e-03 	 5 5 7 4
     -3.93482313651000430860e-03 	 5 5 7 5
      3.21783064443542047434e-04 	 5 5 7 6
      2.26287412811671501123e-01 	 5 5 7 7
      2.77759271132766707643e-03 	 5 5 8 1
      9.33271361820598062409e-03 	 5 5 8 2
      3.92132674664975606343e-03 	 5 5 8 3
     -9.36650397411588862828e-03 	 5 5 8 4
     -1.37563804120405964310e-02 	 5 5 8 5
     -4.14977198659775489697e-03 	 5 5 8 6
     -2.80595255606176088511e-03 	 5 5 8 7
      2.20634255773099308140e-01 	 5 5 8 8
      9.71370317074471433839e-04 	 6 1 1 1
     -4.80790286177705593167e-04 	 6 1 2 1
     -8.38503267228352393466e-04 	 6 1 2 2
     -4.45814968680607946576e-04 	 6 1 3 1
     -7.19048302541430402537e-04 	 6 1 3 2
     -2.38427217172495434921e-03 	 6 1 3 3
      3.70777892423194673291e-04 	 6 1 4 1
      5.88758359605843681860e-04 	 6 1 4 2
      2.11345048462323797716e-04 	 6 1 4 3
      2.73372345002324129704e-03 	 6 1 4 4
     -1.04085354461431979153e-03 	 6 1 5 1
     -9.61459648275225071089e-04 	 6 1 5 2
     -6.51793002628511786677e-04 	 6 1 5 3
      5.51143369482481101235e-04 	 6 1 5 4
     -2.59314884479424061919e-03 	 6 1 5 5
      2.84423445126204352956e-03 	 6 1 6 1
      3.36593309007648185290e-04 	 6 1 6 2
      1.34695005750066522376e-03 	 6 1 6 3
     -1.35237825254226075831e-03 	 6 1 6 4
      7.37959002478611554229e-04 	 6 1 6 5
      1.52600449413204612009e-03 	 6 1 6 6
      2.29197861829638871401e-04 	 6 1 7 1
      6.13468446064704964193e-04 	 6 1 7 2
     -2.84674156492663614146e-04 	 6 1 7 3
     -2.17529184552162611638e-04 	 6 1 7 4
      5.45199622739765471166e-04 	 6 1 7 5
     -1.51198872018516294186e-03 	 6 1 7 6
     -4.55619917557261659268e-04 	 6 1 7 7
     -1.18444062477298999933e-03 	 6 1 8 1
      2.34066383671534048838e-05 	 6 1 8 2
     -5.36803043682276522300e-04 	 6 1 8 3
      2.22200612593962353297e-04 	 6 1 8 4
     -1.10642922053310385072e-03 	 6 1 8 5
      1.24378757298690000195e-03 	 6 1 8 6
      1.93216671890607347845e-04 	 6 1 8 7
      4.66087660044123372905e-05 	 6 1 8 8
      6.38931171391181112681e-04 	 6 2 1 1
     -3.19260128249546483534e-04 	 6 2 2 1
      1.97513400193398674237e-03 	 6 2 2 2
     -4.24915688529241535737e-04 	 6 2 3 1
     -1.08248232882684862488e-03 	 6 2 3 2
      1.37957226282026828613e-04 	 6 2 3 3
      2.40006654155782241968e-04 	 6 2 4 1
      1.50974561387064230671e-03 	 6 2 4 2
      4.90365541322959641070e-04 	 6 2 4 3
     -1.56179491761315779666e-03 	 6 2 4 4
     -5.34535124233656826903e-04 	 6 2 5 1
     -1.16448222347402216038e-03 	 6 2 5 2
     -1.29306967527932539352e-04 	 6 2 5 3
      8.01849207227980313034e-04 	 6 2 5 4
     -1.43170867262919438226e-03 	 6 2 5 5
      3.36593309007654636292e-04 	 6 2 6 1
      2.43866810873839736512e-03 	 6 2 6 2
      8.57943240073272793411e-04 	 6 2 6 3
     -1.13730331262132757821e-03 	 6 2 6 4
      1.44285908540266031609e-03 	 6 2 6 5
     -1.44175851122352186376e-03 	 6 2 6 6
      5.72046624326544230106e-04 	 6 2 7 1
      9.30855005215879883519e-04 	 6 2 7 2
     -1.65793891112965660790e-04 	 6 2 7 3
     -3.96485858910660662804e-04 	 6 2 7 4
      4.52497350671909155054e-04 	 6 2 7 5
     -7.31101042496710203794e-04 	 6 2 7 6
      9.60061352594678289914e-04 	 6 2 7 7
     -5.94869166538628197163e-04 	 6 2 8 1
      2.16054799134555785634e-04 	 6 2 8 2
     -2.12734375599147771622e-04 	 6 2 8 3
      5.93967123793439841228e-04 	 6 2 8 4
     -8.14082258221054391387e-04 	 6 2 8 5
      3.49142039419736774364e-04 	 6 2 8 6
      2.32269432333045565582e-05 	 6 2 8 7
     -8.26500571852494805500e-04 	 6 2 8 8
      3.04204478439068937839e-03 	 6 3 1 1
     -3.12863138773207202521e-04 	 6 3 2 1
     -2.93226837670975499714e-05 	 6 3 2 2
     -1.47633683632020923371e-03 	 6 3 3 1
     -1.33426756582492259812e-03 	 6 3 3 2
      8.60666451172474242237e-03 	 6 3 3 3
      3.20800706185500367380e-04 	 6 3 4 1
      8.41326683411030662278e-04 	 6 3 4 2
      7.47821028975505122487e-04 	 6 3 4 3
      1.11162806939094950531e-03 	 6 3 4 4
     -8.48805787674709096707e-04 	 6 3 5 1
     -9.56121909523770848599e-04 	 6 3 5 2
     -5.15606371228774875738e-04 	 6 3 5 3
      4.40443788212732494081e-04 	 6 3 5 4
     -8.74456351820902724054e-04 	 6 3 5 5
      1.34695005750066565745e-03 	 6 3 6 1
      8.57943240073277563901e-04 	 6 3 6 2
      1.93944437353899467799e-03 	 6 3 6 3
     -8.72230899774133336053e-04 	 6 3 6 4
      4.09331090233054346959e-04 	 6 3 6 5
      4.38137802727251541787e-04 	 6 3 6 6
      9.18159071625982694739e-04 	 6 3 7 1
      6.64169249392811567728e-04 	 6 3 7 2
      1.91445966268479611776e-04 	 6 3 7 3
      2.04688724634081189958e-04 	 6 3 7 4
      6.82402202884284489644e-04 	 6 3 7 5
     -3.67678532755597638898e-04 	 6 3 7 6
      2.76911440975441749957e-03 	 6 3 7 7
     -8.11551588830797471577e-04 	 6 3 8 1
      1.44689799294812855351e-04 	 6 3 8 2
     -4.53535655988669933036e-04 	 6 3 8 3
     -8.82042267322674124457e-06 	 6 3 8 4
     -9.99738866786397447489e-04 	 6 3 8 5
      7.62577623614015638262e-04 	 6 3 8 6
      1.55265534968001970217e-04 	 6 3 8 7
      3.96012361147435256077e-04 	 6 3 8 8
     -4.87686728979381135113e-03 	 6 4 1 1
      2.02509700114163583920e-03 	 6 4 2 1
      6.72393486761189984602e-03 	 6 4 2 2
     -1.37918121594770497033e-03 	 6 4 3 1
      5.83802328284395693342e-03 	 6 4 3 2
      4.20141871662460097275e-03 	 6 4 3 3
     -7.15935351421884223072e-04 	 6 4 4 1
     -3.07203648609275349959e-03 	 6 4 4 2
     -1.34679762209996924972e-03 	 6 4 4 3
     -6.53152369599892777818e-03 	 6 4 4 4
      2.60254911921463339894e-03 	 6 4 5 1
      9.49698483951104920064e-03 	 6 4 5 2
      2.19664610022300178793e-03 	 6 4 5 3
      6.73452312001787960390e-04 	 6 4 5 4
      8.05233226158124162919e-03 	 6 4 5 5
     -1.35237825254226487828e-03 	 6 4 6 1
     -1.13730331262131673618e-03 	 6 4 6 2
     -8.72230899774139190744e-04 	 6 4 6 3
      1.36170167698781204718e-02 	 6 4 6 4
      1.36828298676509862997e-03 	 6 4 6 5
      6.16546268062301890817e-03 	 6 4 6 6
     -1.08500039587463561683e-03 	 6 4 7 1
     -4.65593785686421127862e-03 	 6 4 7 2
      3.94354686151353328594e-03 	 6 4 7 3
      9.59231763987865326294e-04 	 6 4 7 4
     -4.10967439149504971257e-03 	 6 4 7 5
      1.48719127903546672817e-03 	 6 4 7 6
     -1.73490843216389696579e-03 	 6 4 7 7
      2.25433055001100692699e-03 	 6 4 8 1
      1.48225922215557809856e-04 	 6 4 8 2
      9.07926676829505833154e-04 	 6 4 8 3
      1.74065969618638228394e-03 	 6 4 8 4
      4.10287373278074747607e-03 	 6 4 8 5
     -3.83983142712312087302e-04 	 6 4 8 6
      3.28910433931585291858e-04 	 6 4 8 7
     -9.39425539614551115275e-03 	 6 4 8 8
     -9.45936143695881928584e-03 	 6 5 1 1
      2.48766682982192973480e-04 	 6 5 2 1
     -4.75036401760101784086e-03 	 6 5 2 2
      5.21611003778995187090e-05 	 6 5 3 1
      2.27002673999856813963e-03 	 6 5 3 2
     -5.09416975413460194205e-03 	 6 5 3 3
      1.70950387433804068277e-04 	 6 5 4 1
     -4.90684364175059594890e-04 	 6 5 4 2
     -8.92270002950945064456e-05 	 6 5 4 3
     -1.23768530704537727503e-03 	 6 5 4 4
      5.91285496237032789923e-04 	 6 5 5 1
      3.25126905357203243446e-03 	 6 5 5 2
     -4.96024980274494437264e-05 	 6 5 5 3
      1.39385372354229315588e-03 	 6 5 5 4
     -7.29090248224755627104e-03 	 6 5 5 5
      7.37959002478607651102e-04 	 6 5 6 1
      1.44285908540266530342e-03 	 6 5 6 2
      4.09331090233058900608e-04 	 6 5 6 3
      1.36828298676509516052e-03 	 6 5 6 4
      3.75472850646375649539e-03 	 6 5 6 5
      3.25807124401253757687e-03 	 6 5 6 6
     -1.35261536632072889609e-03 	 6 5 7 1
     -1.74515045883003169433e-03 	 6 5 7 2
      9.17740552747943775722e-04 	 6 5 7 3
     -8.89030956576407024351e-05 	 6 5 7 4
     -1.14282417479071116834e-03 	 6 5 7 5
     -1.22254280847145858132e-04 	 6 5 7 6
     -8.96203093362314164028e-03 	 6 5 7 7
     -7.59930530037733020614e-05 	 6 5 8 1
     -6.11117260016450425039e-04 	 6 5 8 2
     -1.33112911228083449257e-04 	 6 5 8 3
      1.34946996717984061577e-03 	 6 5 8 4
      5.35846048983259809657e-04 	 6 5 8 5
      1.57844252362889696586e-03 	 6 5 8 6
      3.71495194171773501605e-04 	 6 5 8 7
     -7.68542423826241646867e-03 	 6 5 8 8
      1.41611252455347585988e-01 	 6 6 1 1
      2.93681496844159974774e-03 	 6 6 2 1
      1.59238582620902985321e-01 	 6 6 2 2
      2.40823702602826275609e-02 	 6 6 3 1
      1.95424588842518093257e-02 	 6 6 3 2
      1.40766599492714999942e-01 	 6 6 3 3
     -4.41084579891611559821e-03 	 6 6 4 1
     -5.04304278242738348442e-03 	 6 6 4 2
     -2.03419804983196068904e-03 	 6 6 4 3
      2.61756811014693779871e-01 	 6 6 4 4
      1.19773971382699517818e-02 	 6 6 5 1
      3.32950975134118781762e-02 	 6 6 5 2
      3.83085469384334938517e-03 	 6 6 5 3
     -7.26911781956880655338e-04 	 6 6 5 4
      1.96567139427657494588e-01 	 6 6 5 5
      1.52600449413203657911e-03 	 6 6 6 1
     -1.44175851122354680041e-03 	 6 6 6 2
      4.38137802727252409149e-04 	 6 6 6 3
      6.16546268062301717344e-03 	 6 6 6 4
      3.25807124401249377510e-03 	 6 6 6 5
      4.01903977644887833165e-01 	 6 6 6 6
     -3.24855686541063864992e-02 	 6 6 7 1
     -1.59805245679748922361e-02 	 6 6 7 2
     -1.80861606599776376415e-03 	 6 6 7 3
      2.07402850588969331347e-03 	 6 6 7 4
     -1.13891188069872167921e-02 	 6 6 7 5
      3.16104003573367681179e-03 	 6 6 7 6
      8.60752487996826465277e-02 	 6 6 7 7
      1.34735060890283121771e-02 	 6 6 8 1
      1.77313741341960035350e-03 	 6 6 8 2
      6.11145204120938385223e-03 	 6 6 8 3
     -5.11412236521746263462e-03 	 6 6 8 4
      2.20171039457307052278e-02 	 6 6 8 5
      3.26766387650459727912e-03 	 6 6 8 6
     -6.83015044179423281775e-04 	 6 6 8 7
      1.71527232064398793554e-01 	 6 6 8 8
      5.27772838794211551772e-02 	 7 1 1 1
     -9.30116983220215243211e-04 	 7 1 2 1
      3.47232159665629511874e-03 	 7 1 2 2
     -1.28924519266708885457e-02 	 7 1 3 1
     -5.89595214969643524605e-03 	 7 1 3 2
      2.46491756944788378836e-02 	 7 1 3 3
      1.96180355004808848474e-03 	 7 1 4 1
      1.30705257111550748710e-03 	 7 1 4 2
      2.30579343475799847414e-04 	 7 1 4 3
     -2.53226479540296332826e-02 	 7 1 4 4
     -4.84546892980836692993e-03 	 7 1 5 1
     -9.00051892164938777130e-03 	 7 1 5 2
      2.62267901315063817810e-04 	 7 1 5 3
      1.94860939386349836609e-04 	 7 1 5 4
      6.73259378942904669618e-03 	 7 1 5 5
      2.29197861829627948065e-04 	 7 1 6 1
      5.72046624326556264750e-04 	 7 1 6 2
      9.18159071625983670521e-04 	 7 1 6 3
     -1.08500039587464298940e-03 	 7 1 6 4
     -1.35261536632074342440e-03 	 7 1 6 5
     -3.24855686541063726214e-02 	 7 1 6 6
      2.17442968206871811709e-02 	 7 1 7 1
      6.08594218200728467871e-03 	 7 1 7 2
      2.17015558242063602568e-03 	 7 1 7 3
     -3.62445486096021050361e-04 	 7 1 7 4
      3.82804742516177406303e-03 	 7 1 7 5
     -2.72270641048942378670e-03 	 7 1 7 6
      6.94552883536564413802e-02 	 7 1 7 7
     -3.79249529796429809408e-03 	 7 1 8 1
      1.93951668671537235354e-04 	 7 1 8 2
     -7.12768311925420297581e-04 	 7 1 8 3
      1.90445113727209097698e-04 	 7 1 8 4
     -4.39345379002964702558e-03 	 7 1 8 5
     -1.01475640829345298798e-03 	 7 1 8 6
     -3.42857550270530110972e-04 	 7 1 8 7
     -1.03677824763402544328e-02 	 7 1 8 8
      1.91216407455349589328e-02 	 7 2 1 1
     -2.52688813424533200228e-03 	 7 2 2 1
      1.13719182035334955699e-02 	 7 2 2 2
     -1.85904585085266364081e-03 	 7 2 3 1
     -7.29734964877721235810e-03 	 7 2 3 2
      5.50470670884884490798e-03 	 7 2 3 3
      9.66637215451753885331e-04 	 7 2 4 1
      3.72318157799491917387e-03 	 7 2 4 2
      8.77834047613887087994e-04 	 7 2 4 3
     -2.59630081955190827880e-03 	 7 2 4 4
     -3.69224074866792307398e-03 	 7 2 5 1
     -1.13276636642912417741e-02 	 7 2 5 2
     -9.48969080635328303408e-04 	 7 2 5 3
     -5.08879079734285855868e-04 	 7 2 5 4
      3.94519492440905446967e-03 	 7 2 5 5
      6.13468446064714071492e-04 	 7 2 6 1
      9.30855005215867415194e-04 	 7 2 6 2
      6.64169249392809833005e-04 	 7 2 6 3
     -4.65593785686420173764e-03 	 7 2 6 4
     -1.74515045883001738286e-03 	 7 2 6 5
     -1.59805245679748887666e-02 	 7 2 6 6
      6.08594218200729075025e-03 	 7 2 7 1
      7.93029138018953166922e-03 	 7 2 7 2
     -1.63041040675549744540e-03 	 7 2 7 3
     -9.41052444045533797307e-04 	 7 2 7 4
      5.16165739823853855078e-03 	 7 2 7 5
     -2.14413746736842516366e-03 	 7 2 7 6
      3.29462216263052484755e-02 	 7 2 7 7
     -2.87406010984902213559e-03 	 7 2 8 1
      1.27824390946076763345e-03 	 7 2 8 2
     -9.15914692522041759548e-04 	 7 2 8 3
     -1.53551460832793357572e-03 	 7 2 8 4
     -5.82065716477841998966e-03 	 7 2 8 5
      2.90023836486729639367e-04 	 7 2 8 6
     -1.91207120814167278464e-04 	 7 2 8 7
      1.35275142566558988222e-02 	 7 2 8 8
     -8.17831683921913009730e-04 	 7 3 1 1
      1.13608340341127744474e-03 	 7 3 2 1
     -2.44573373113610419843e-03 	 7 3 2 2
     -3.74576142012632501768e-03 	 7 3 3 1
      2.25130528682034860774e-03 	 7 3 3 2
      1.42488190154025917700e-02 	 7 3 3 3
     -2.51452864142187430558e-04 	 7 3 4 1
     -1.66633912333331120001e-03 	 7 3 4 2
     -4.73258191580041708175e-04 	 7 3 4 3
     -9.15731615880072992442e-03 	 7 3 4 4
      1.24096067725106419359e-03 	 7 3 5 1
      4.44625300472987865230e-03 	 7 3 5 2
      9.07125672881249796309e-04 	 7 3 5 3
      5.93124073621517406037e-04 	 7 3 5 4
     -1.18329588362766149889e-03 	 7 3 5 5
     -2.84674156492664047827e-04 	 7 3 6 1
     -1.65793891112962896075e-04 	 7 3 6 2
      1.91445966268481509130e-04 	 7 3 6 3
      3.94354686151353241857e-03 	 7 3 6 4
      9.17740552747940848376e-04 	 7 3 6 5
     -1.80861606599778501452e-03 	 7 3 6 6
      2.17015558242064079617e-03 	 7 3 7 1
     -1.63041040675549679488e-03 	 7 3 7 2
      4.46895623899552785208e-03 	 7 3 7 3
      3.30954060783237712529e-04 	 7 3 7 4
     -1.65063351914867054160e-03 	 7 3 7 5
      1.18463114711569487904e-04 	 7 3 7 6
      1.03580307024629184043e-02 	 7 3 7 7
      7.61538827747194760689e-04 	 7 3 8 1
     -4.50609781194184029138e-04 	 7 3 8 2
      1.42483893132791598598e-04 	 7 3 8 3
      1.10016356632882989115e-03 	 7 3 8 4
      2.26454469336018811981e-03 	 7 3 8 5
     -2.96783974207988430604e-04 	 7 3 8 6
      2.36254945370735367155e-04 	 7 3 8 7
     -1.27959820850006844584e-02 	 7 3 8 8
     -2.81562959805029032825e-04 	 7 4 1 1
      3.25297082113467392155e-04 	 7 4 2 1
      1.06101079635312388685e-03 	 7 4 2 2
     -1.67805269531469419429e-04 	 7 4 3 1
      8.19858407506453409561e-04 	 7 4 3 2
      7.12023939962479809201e-04 	 7 4 3 3
     -8.80502531515401157258e-04 	 7 4 4 1
     -6.28112116385963264661e-04 	 7 4 4 2
     -4.69840642794651180102e-04 	 7 4 4 3
     -1.28644800745002447009e-03 	 7 4 4 4
      4.79346750460419733422e-04 	 7 4 5 1
      1.26806574028543329186e-03 	 7 4 5 2
      3.58444718661568865938e-04 	 7 4 5 3
      8.97226984347547257444e-05 	 7 4 5 4
      1.34571395379616065915e-03 	 7 4 5 5
     -2.17529184552166812922e-04 	 7 4 6 1
     -3.96485858910652964968e-04 	 7 4 6 2
      2.04688724634080918907e-04 	 7 4 6 3
      9.59231763987869229422e-04 	 7 4 6 4
     -8.89030956576487797413e-05 	 7 4 6 5
      2.07402850588969765028e-03 	 7 4 6 6
     -3.62445486096024845069e-04 	 7 4 7 1
     -9.41052444045532279424e-04 	 7 4 7 2
      3.30954060783238200420e-04 	 7 4 7 3
      1.07045103931747986881e-03 	 7 4 7 4
     -7.64801973479771034919e-04 	 7 4 7 5
      8.65664094209375690678e-04 	 7 4 7 6
     -3.02459844477011470520e-03 	 7 4 7 7
      4.79136313281472501872e-04 	 7 4 8 1
     -9.08452998246727950202e-05 	 7 4 8 2
      1.34375436703909091618e-04 	 7 4 8 3
      3.16364861240588253997e-04 	 7 4 8 4
      6.54229406609292988770e-04 	 7 4 8 5
     -3.07713579906230131939e-05 	 7 4 8 6
     -5.88780007147024546594e-05 	 7 4 8 7
     -9.89028182987246101340e-04 	 7 4 8 8
      7.42045390988677836669e-03 	 7 5 1 1
     -1.88746923334473038283e-03 	 7 5 2 1
      1.27091778793571221623e-03 	 7 5 2 2
     -3.17505094278733193507e-04 	 7 5 3 1
     -4.55548388474693796701e-03 	 7 5 3 2
     -1.77389663720268001001e-04 	 7 5 3 3
      7.75459974831246151572e-04 	 7 5 4 1
      2.52709928834886268095e-03 	 7 5 4 2
      9.03930877347231378008e-04 	 7 5 4 3
      3.89700897915763646434e-04 	 7 5 4 4
     -3.05893791434990207009e-03 	 7 5 5 1
     -7.59841177199113357310e-03 	 7 5 5 2
     -1.92785066844634129721e-03 	 7 5 5 3
     -3.64270215090285514811e-04 	 7 5 5 4
     -3.93482313650999216553e-03 	 7 5 5 5
      5.45199622739758749113e-04 	 7 5 6 1
      4.52497350671921135488e-04 	 7 5 6 2
      6.82402202884284814904e-04 	 7 5 6 3
     -4.10967439149505665147e-03 	 7 5 6 4
     -1.14282417479071897459e-03 	 7 5 6 5
     -1.13891188069871890365e-02 	 7 5 6 6
      3.82804742516176625677e-03 	 7 5 7 1
      5.16165739823853768342e-03 	 7 5 7 2
     -1.65063351914866793951e-03 	 7 5 7 3
     -7.64801973479769083356e-04 	 7 5 7 4
      5.71627962313780730447e-03 	 7 5 7 5
     -1.42613209095975154370e-03 	 7 5 7 6
      2.27879614916732461949e-02 	 7 5 7 7
     -2.10021576021548550886e-03 	 7 5 8 1
      2.66010609329099664486e-04 	 7 5 8 2
     -6.18973890672761982087e-04 	 7 5 8 3
     -1.10309790659263032633e-03 	 7 5 8 4
     -4.04690013991616109879e-03 	 7 5 8 5
      3.72991001514033561782e-04 	 7 5 8 6
      2.69926547642886094369e-04 	 7 5 8 7
      8.81793800820918419192e-03 	 7 5 8 8
     -6.51670452964336725798e-03 	 7 6 1 1
      6.89064731857254569175e-04 	 7 6 2 1
     -1.36202090635294346260e-03 	 7 6 2 2
      1.17353233069080863799e-03 	 7 6 3 1
      1.91645704971532548910e-03 	 7 6 3 2
     -2.20066971521005192228e-03 	 7 6 3 3
     -5.80335540304762810028e-04 	 7 6 4 1
     -1.22657177925198680735e-03 	 7 6 4 2
     -1.25035565754503451242e-05 	 7 6 4 3
      2.87145391953183819894e-05 	 7 6 4 4
      1.09278920534990964600e-03 	 7 6 5 1
      2.48628427874188857524e-03 	 7 6 5 2
      5.28513409451803503440e-04 	 7 6 5 3
     -3.95461631032459088458e-04 	 7 6 5 4
      3.21783064443515376060e-04 	 7 6 5 5
     -1.51198872018516337554e-03 	 7 6 6 1
     -7.31101042496710962736e-04 	 7 6 6 2
     -3.67678532755593518930e-04 	 7 6 6 3
      1.48719127903546499345e-03 	 7 6 6 4
     -1.22254280847142822366e-04 	 7 6 6 5
      3.16104003573365946456e-03 	 7 6 6 6
     -2.72270641048941771517e-03 	 7 6 7 1
     -2.14413746736842603102e-03 	 7 6 7 2
      1.18463114711568091994e-04 	 7 6 7 3
      8.65664094209376341199e-04 	 7 6 7 4
     -1.42613209095974894161e-03 	 7 6 7 5
      2.61869968878726587860e-03 	 7 6 7 6
     -1.62829851125038255200e-02 	 7 6 7 7
      1.16298179916568393023e-03 	 7 6 8 1
     -2.34327151778158883268e-04 	 7 6 8 2
      5.60663461195711160072e-04 	 7 6 8 3
      2.88375113824634833268e-04 	 7 6 8 4
      1.45341660318467074016e-03 	 7 6 8 5
     -4.67251458007134513190e-04 	 7 6 8 6
      4.37956616073160618589e-05 	 7 6 8 7
     -2.13518163135913499606e-03 	 7 6 8 8
      3.45303455591691010884e-01 	 7 7 1 1
     -5.59561584503961897269e-03 	 7 7 2 1
      2.28890521048535938720e-01 	 7 7 2 2
     -2.90878833815415502317e-02 	 7 7 3 1
     -2.74787990662141330678e-02 	 7 7 3 2
      2.43827146079538120693e-01 	 7 7 3 3
      5.78787935499099591430e-03 	 7 7 4 1
      1.19773194510234028132e-02 	 7 7 4 2
      1.10857499282468767096e-03 	 7 7 4 3
      1.11835290455190722314e-01 	 7 7 4 4
     -1.62650078369854268756e-02 	 7 7 5 1
     -3.28321544797092815249e-02 	 7 7 5 2
      1.11377010473382364805e-03 	 7 7 5 3
     -1.86248719611621302295e-03 	 7 7 5 4
      2.26287412811671667656e-01 	 7 7 5 5
     -4.55619917557269682364e-04 	 7 7 6 1
      9.60061352594700949739e-04 	 7 7 6 2
      2.76911440975441836693e-03 	 7 7 6 3
     -1.73490843216392298665e-03 	 7 7 6 4
     -8.96203093362314857917e-03 	 7 7 6 5
      8.60752487996827020389e-02 	 7 7 6 6
      6.94552883536564413802e-02 	 7 7 7 1
      3.29462216263052554144e-02 	 7 7 7 2
      1.03580307024629062612e-02 	 7 7 7 3
     -3.02459844477011860833e-03 	 7 7 7 4
      2.27879614916732288477e-02 	 7 7 7 5
     -1.62829851125038220505e-02 	 7 7 7 6
      6.01298679028625437937e-01 	 7 7 7 7
     -1.21864896193186762058e-02 	 7 7 8 1
      7.33221390054364548228e-03 	 7 7 8 2
     -1.50701913576322061097e-03 	 7 7 8 3
     -9.30893282988622637608e-03 	 7 7 8 4
     -2.00360325781691571423e-02 	 7 7 8 5
     -1.38362230765367742388e-03 	 7 7 8 6
     -8.44493079005793098428e-04 	 7 7 8 7
      1.97817725216231893315e-01 	 7 7 8 8
     -1.32894626764368407185e-02 	 8 1 1 1
      1.17443313859685654829e-03 	 8 1 2 1
     -3.85718118207194768723e-03 	 8 1 2 2
      2.44581520565547490959e-03 	 8 1 3 1
      3.46904379393700142489e-03 	 8 1 3 2
     -1.90905131742298930266e-03 	 8 1 3 3
     -1.32878298455207238815e-03 	 8 1 4 1
     -1.88633679510230296665e-03 	 8 1 4 2
     -6.79571740871278838665e-04 	 8 1 4 3
     -7.64591628033178425869e-04 	 8 1 4 4
      3.00280672861327237178e-03 	 8 1 5 1
      5.31444207690216600948e-03 	 8 1 5 2
      9.09426521533323326332e-04 	 8 1 5 3
     -4.46956968178224638664e-04 	 8 1 5 4
      2.77759271132767141324e-03 	 8 1 5 5
     -1.18444062477298371096e-03 	 8 1 6 1
     -5.94869166538630582408e-04 	 8 1 6 2
     -8.11551588830798881040e-04 	 8 1 6 3
      2.25433055001101646797e-03 	 8 1 6 4
     -7.59930530037725431199e-05 	 8 1 6 5
      1.34735060890283121771e-02 	 8 1 6 6
     -3.79249529796431283923e-03 	 8 1 7 1
     -2.87406010984900695676e-03 	 8 1 7 2
      7.61538827747194977530e-04 	 8 1 7 3
      4.79136313281465237718e-04 	 8 1 7 4
     -2.10021576021550112137e-03 	 8 1 7 5
      1.16298179916568718284e-03 	 8 1 7 6
     -1.21864896193186605933e-02 	 8 1 7 7
      5.81988424970510294376e-03 	 8 1 8 1
     -7.17064192077282360621e-04 	 8 1 8 2
      2.53669545563326489374e-03 	 8 1 8 3
      2.82617182786954498734e-04 	 8 1 8 4
      4.87548658988932841207e-03 	 8 1 8 5
     -1.46671642739747945701e-03 	 8 1 8 6
     -1.47780383375452394404e-03 	 8 1 8 7
     -1.03375792660855957833e-02 	 8 1 8 8
      7.02667358143801122627e-03 	 8 2 1 1
     -1.98998232017843286901e-04 	 8 2 2 1
      1.32016731486482678803e-02 	 8 2 2 2
      5.77625821275350040743e-04 	 8 2 3 1
     -1.80198539860779247818e-03 	 8 2 3 2
      3.96658887145916877470e-03 	 8 2 3 3
      1.46087887990514601368e-05 	 8 2 4 1
      1.65510807452976557545e-03 	 8 2 4 2
      7.14666396722809339282e-05 	 8 2 4 3
      2.24244865231086132687e-03 	 8 2 4 4
     -4.29070502608675853097e-05 	 8 2 5 1
     -2.71861239832445547582e-03 	 8 2 5 2
      3.53242964042242983853e-04 	 8 2 5 3
     -5.15872570099968111822e-04 	 8 2 5 4
      9.33271361820604654358e-03 	 8 2 5 5
      2.34066383671404994898e-05 	 8 2 6 1
      2.16054799134549714102e-04 	 8 2 6 2
      1.44689799294807136185e-04 	 8 2 6 3
      1.48225922215547509936e-04 	 8 2 6 4
     -6.11117260016469940678e-04 	 8 2 6 5
      1.77313741341960122086e-03 	 8 2 6 6
      1.93951668671554040488e-04 	 8 2 7 1
      1.27824390946075505671e-03 	 8 2 7 2
     -4.50609781194181210212e-04 	 8 2 7 3
     -9.08452998246560847542e-05 	 8 2 7 4
      2.66010609329101507629e-04 	 8 2 7 5
     -2.34327151778168939244e-04 	 8 2 7 6
      7.33221390054365936007e-03 	 8 2 7 7
     -7.17064192077297539452e-04 	 8 2 8 1
      4.69751410261134375729e-03 	 8 2 8 2
     -3.01673642266719812133e-04 	 8 2 8 3
      2.99941694705369531464e-05 	 8 2 8 4
     -2.00047860429009710659e-03 	 8 2 8 5
      8.45936397159389888521e-05 	 8 2 8 6
      2.07776429063146391980e-05 	 8 2 8 7
      1.39688970452876305012e-02 	 8 2 8 8
     -7.29387768854636818483e-04 	 8 3 1 1
      4.54750160879941606185e-04 	 8 3 2 1
     -1.03545507343005523462e-04 	 8 3 2 2
      1.17742090470416031420e-03 	 8 3 3 1
      1.66189872749727355489e-03 	 8 3 3 2
     -4.54178271348376454142e-03 	 8 3 3 3
     -4.85100312886483893762e-04 	 8 3 4 1
     -6.08570967315621709319e-04 	 8 3 4 2
     -3.63085229920243242070e-04 	 8 3 4 3
      1.22510017403419787727e-04 	 8 3 4 4
      9.09495752583451794009e-04 	 8 3 5 1
      2.08118436886245341405e-03 	 8 3 5 2
      7.50094340940943098660e-04 	 8 3 5 3
     -2.29211262459129080926e-04 	 8 3 5 4
      3.92132674664977167595e-03 	 8 3 5 5
     -5.36803043682276088619e-04 	 8 3 6 1
     -2.12734375599157692072e-04 	 8 3 6 2
     -4.53535655988669661985e-04 	 8 3 6 3
      9.07926676829509736281e-04 	 8 3 6 4
     -1.33112911228084750299e-04 	 8 3 6 5
      6.11145204120938125014e-03 	 8 3 6 6
     -7.12768311925415743932e-04 	 8 3 7 1
     -9.15914692522041434287e-04 	 8 3 7 2
      1.42483893132790487290e-04 	 8 3 7 3
      1.34375436703909200038e-04 	 8 3 7 4
     -6.18973890672761982087e-04 	 8 3 7 5
      5.60663461195713111636e-04 	 8 3 7 6
     -1.50701913576321779205e-03 	 8 3 7 7
      2.53669545563326055693e-03 	 8 3 8 1
     -3.01673642266722360009e-04 	 8 3 8 2
      1.82124874896905770104e-03 	 8 3 8 3
     -6.41725037785120789018e-05 	 8 3 8 4
      1.79411499160056801469e-03 	 8 3 8 5
     -6.37330970453171352999e-04 	 8 3 8 6
     -6.90920550480426574023e-04 	 8 3 8 7
     -3.44915249343112108316e-03 	 8 3 8 8
     -1.07548630588456158030e-02 	 8 4 1 1
      6.91453019693839408995e-04 	 8 4 2 1
     -7.14087500876150679807e-03 	 8 4 2 2
     -1.42073377077468559170e-03 	 8 4 3 1
      2.00889945679315123570e-03 	 8 4 3 2
     -4.53111172022989915076e-03 	 8 4 3 3
     -6.18245052677057174879e-04 	 8 4 4 1
     -2.14739599669386358599e-03 	 8 4 4 2
     -6.19243398855915967022e-04 	 8 4 4 3
     -1.77482855661758136268e-02 	 8 4 4 4
      8.57342332653944407678e-04 	 8 4 5 1
      1.96224322631893344573e-03 	 8 4 5 2
      2.14101549630157808688e-04 	 8 4 5 3
      5.15987586420877330194e-04 	 8 4 5 4
     -9.36650397411603434505e-03 	 8 4 5 5
      2.22200612593950318652e-04 	 8 4 6 1
      5.93967123793469114687e-04 	 8 4 6 2
     -8.82042267321020716144e-06 	 8 4 6 3
      1.74065969618636363567e-03 	 8 4 6 4
      1.34946996717984365154e-03 	 8 4 6 5
     -5.11412236521743140960e-03 	 8 4 6 6
      1.90445113727202158804e-04 	 8 4 7 1
     -1.53551460832792490210e-03 	 8 4 7 2
      1.10016356632883401112e-03 	 8 4 7 3
      3.16364861240581802995e-04 	 8 4 7 4
     -1.10309790659262815793e-03 	 8 4 7 5
      2.88375113824636296941e-04 	 8 4 7 6
     -9.30893282988621076357e-03 	 8 4 7 7
      2.82617182786969243884e-04 	 8 4 8 1
      2.99941694706451565233e-05 	 8 4 8 2
     -6.41725037785193701614e-05 	 8 4 8 3
      6.78028360035081659879e-03 	 8 4 8 4
      1.22273635980376152964e-03 	 8 4 8 5
     -6.68405500547423559246e-04 	 8 4 8 6
      1.62426119139503133317e-04 	 8 4 8 7
     -2.11809067460188259202e-02 	 8 4 8 8
     -1.67387782464722412179e-02 	 8 5 1 1
      2.22784126003294780105e-03 	 8 5 2 1
     -1.81191751313668075740e-02 	 8 5 2 2
      1.52386367410162074446e-03 	 8 5 3 1
      7.99530541425394307431e-03 	 8 5 3 2
     -3.92695367910358278385e-03 	 8 5 3 3
     -1.32735558262980866268e-03 	 8 5 4 1
     -4.18631297890248530585e-03 	 8 5 4 2
     -9.71297207536829824634e-04 	 8 5 4 3
      1.04433874929833747647e-03 	 8 5 4 4
      5.19235701679307982276e-03 	 8 5 5 1
      1.25212674410997270441e-02 	 8 5 5 2
      1.93399953524835480079e-03 	 8 5 5 3
     -3.12498798307118681554e-04 	 8 5 5 4
     -1.37563804120406744935e-02 	 8 5 5 5
     -1.10642922053308498560e-03 	 8 5 6 1
     -8.14082258221068052334e-04 	 8 5 6 2
     -9.99738866786405687426e-04 	 8 5 6 3
      4.10287373278075701705e-03 	 8 5 6 4
      5.35846048983277590573e-04 	 8 5 6 5
      2.20171039457307156362e-02 	 8 5 6 6
     -4.39345379002966610754e-03 	 8 5 7 1
     -5.82065716477840177506e-03 	 8 5 7 2
      2.26454469336019158926e-03 	 8 5 7 3
      6.54229406609274774173e-04 	 8 5 7 4
     -4.04690013991618711964e-03 	 8 5 7 5
      1.45341660318468656951e-03 	 8 5 7 6
     -2.00360325781691293867e-02 	 8 5 7 7
      4.87548658988932320790e-03 	 8 5 8 1
     -2.00047860429006848365e-03 	 8 5 8 2
      1.79411499160057430306e-03 	 8 5 8 3
      1.22273635980380207880e-03 	 8 5 8 4
      1.20963345450158018396e-02 	 8 5 8 5
     -1.82192790686867335005e-03 	 8 5 8 6
     -2.41750693382257312615e-04 	 8 5 8 7
     -2.58769181938197402604e-02 	 8 5 8 8
     -2.71374384364055174640e-03 	 8 6 1 1
     -4.81374131912198791137e-04 	 8 6 2 1
      1.39994862903971531605e-03 	 8 6 2 2
      7.49063563517873539158e-04 	 8 6 3 1
     -2.59603095352111312624e-04 	 8 6 3 2
     -4.29241492146160801002e-03 	 8 6 3 3
      5.54640576906204681336e-04 	 8 6 4 1
      8.52958195498478856898e-04 	 8 6 4 2
      2.61057045582007709542e-04 	 8 6 4 3
      7.60527200437667322969e-03 	 8 6 4 4
     -7.04806816645987257650e-04 	 8 6 5 1
     -9.97490803968807318971e-05 	 8 6 5 2
     -5.16609709575043809723e-04 	 8 6 5 3
      6.44475682309712891854e-04 	 8 6 5 4
     -4.14977198659760310867e-03 	 8 6 5 5
      1.24378757298688547364e-03 	 8 6 6 1
      3.49142039419764204679e-04 	 8 6 6 2
      7.62577623614017372985e-04 	 8 6 6 3
     -3.83983142712354045926e-04 	 8 6 6 4
      1.57844252362886899345e-03 	 8 6 6 5
      3.26766387650462113157e-03 	 8 6 6 6
     -1.01475640829345060273e-03 	 8 6 7 1
      2.90023836486711370560e-04 	 8 6 7 2
     -2.96783974207991954261e-04 	 8 6 7 3
     -3.07713579906110937462e-05 	 8 6 7 4
      3.72991001514052426900e-04 	 8 6 7 5
     -4.67251458007148716238e-04 	 8 6 7 6
     -1.38362230765370387842e-03 	 8 6 7 7
     -1.46671642739748921483e-03 	 8 6 8 1
      8.45936397159142961476e-05 	 8 6 8 2
     -6.37330970453178183473e-04 	 8 6 8 3
     -6.68405500547386804792e-04 	 8 6 8 4
     -1.82192790686866684484e-03 	 8 6 8 5
      3.03137478466410873607e-03 	 8 6 8 6
      4.05558637633288599118e-04 	 8 6 8 7
      7.97893946989069319242e-03 	 8 6 8 8
     -3.40026881036862172608e-03 	 8 7 1 1
     -1.25496749474531026558e-05 	 8 7 2 1
     -3.31352909951034588047e-04 	 8 7 2 2
      2.77135949771780071629e-04 	 8 7 3 1
      4.79726589213149172061e-04 	 8 7 3 2
     -2.59115582306434794752e-03 	 8 7 3 3
      1.41558347885938984670e-04 	 8 7 4 1
     -1.07993966033942341608e-04 	 8 7 4 2
     -6.45726321538774667916e-05 	 8 7 4 3
      1.09045982702866538910e-03 	 8 7 4 4
     -1.10167549836870956679e-04 	 8 7 5 1
      3.42202934579884782400e-04 	 8 7 5 2
      6.08283197535876155385e-05 	 8 7 5 3
      2.30915778259678782522e-04 	 8 7 5 4
     -2.80595255606175915039e-03 	 8 7 5 5
      1.93216671890604827075e-04 	 8 7 6 1
      2.32269432333101740807e-05 	 8 7 6 2
      1.55265534968003000209e-04 	 8 7 6 3
      3.28910433931578461385e-04 	 8 7 6 4
      3.71495194171769652688e-04 	 8 7 6 5
     -6.83015044179413307116e-04 	 8 7 6 6
     -3.42857550270532821478e-04 	 8 7 7 1
     -1.91207120814167170044e-04 	 8 7 7 2
      2.36254945370736695303e-04 	 8 7 7 3
     -5.88780007147028883402e-05 	 8 7 7 4
      2.69926547642884468066e-04 	 8 7 7 5
      4.37956616073156688356e-05 	 8 7 7 6
     -8.44493079005798302598e-04 	 8 7 7 7
     -1.47780383375452220932e-03 	 8 7 8 1
      2.07776429063175936489e-05 	 8 7 8 2
     -6.90920550480428850848e-04 	 8 7 8 3
      1.62426119139502564111e-04 	 8 7 8 4
     -2.41750693382253355277e-04 	 8 7 8 5
      4.05558637633277702886e-04 	 8 7 8 6
      1.23655946313538196366e-03 	 8 7 8 7
      2.38117493925511748351e-04 	 8 7 8 8
      2.21250220805743302854e-01 	 8 8 1 1
     -6.26239606048195184690e-03 	 8 8 2 1
      2.50489218091358101237e-01 	 8 8 2 2
      1.87224665090107642018e-02 	 8 8 3 1
     -1.96492817368717660742e-02 	 8 8 3 2
      1.66199377804907427736e-01 	 8 8 3 3
      1.11676842688005818240e-03 	 8 8 4 1
      1.79905300899946933579e-02 	 8 8 4 2
      1.86684907594162957309e-03 	 8 8 4 3
      2.39447190466502618511e-01 	 8 8 4 4
     -9.37975142613920766232e-03 	 8 8 5 1
     -2.57564247370762819389e-02 	 8 8 5 2
     -2.77271359277626080336e-03 	 8 8 5 3
     -3.77396878212478241454e-03 	 8 8 5 4
      2.20634255773099197118e-01 	 8 8 5 5
      4.66087660043834975127e-05 	 8 8 6 1
     -8.26500571852477891946e-04 	 8 8 6 2
      3.96012361147451302269e-04 	 8 8 6 3
     -9.39425539614553717360e-03 	 8 8 6 4
     -7.68542423826243208118e-03 	 8 8 6 5
      1.71527232064398765798e-01 	 8 8 6 6
     -1.03677824763402613717e-02 	 8 8 7 1
      1.35275142566558988222e-02 	 8 8 7 2
     -1.27959820850006792542e-02 	 8 8 7 3
     -9.89028182987254341277e-04 	 8 8 7 4
      8.81793800820919113082e-03 	 8 8 7 5
     -2.13518163135913933287e-03 	 8 8 7 6
      1.97817725216231948826e-01 	 8 8 7 7
     -1.03375792660855315985e-02 	 8 8 8 1
      1.39688970452879548945e-02 	 8 8 8 2
     -3.44915249343114189984e-03 	 8 8 8 3
     -2.11809067460186906118e-02 	 8 8 8 4
     -2.58769181938197957715e-02 	 8 8 8 5
      7.97893946989066023268e-03 	 8 8 8 6
      2.38117493925535058698e-04 	 8 8 8 7
      4.01753830317831850394e-01 	 8 8 8 8
     -2.36310288155149050837e+00 	 1 1 0 0
     -1.90954591214790130038e-02 	 1 2 0 0
     -1.54928741906949524187e-01 	 1 3 0 0
     -7.48414358432771160967e-03 	 1 4 0 0
      1.88555598649764732944e-01 	 1 5 0 0
     -1.27787732012317484936e-02 	 1 6 0 0
      1.51482225836355205439e-01 	 1 7 0 0
      1.63037450562187290204e-02 	 1 8 0 0
     -1.90954591214727124882e-02 	 2 1 0 0
     -1.95407696679668729800e+00 	 2 2 0 0
      5.29740588549164892473e-02 	 2 3 0 0
     -6.24319659333165133397e-02 	 2 4 0 0
     -1.29613075880928491079e-01 	 2 5 0 0
      1.47900284222536246292e-02 	 2 6 0 0
     -4.98563006660382168622e-02 	 2 7 0 0
     -1.98730614683767459194e-01 	 2 8 0 0
     -1.54928741906973393982e-01 	 3 1 0 0
      5.29740588549334201485e-02 	 3 2 0 0
     -2.17302145153986758785e+00 	 3 3 0 0
      5.25114606988791830788e-04 	 3 4 0 0
      4.98171986515600836998e-03 	 3 5 0 0
     -2.23702339338463992990e-02 	 3 6 0 0
     -4.98163014815970195404e-02 	 3 7 0 0
     -2.86874597496123654589e-04 	 3 8 0 0
     -7.48414358432297754931e-03 	 4 1 0 0
     -6.24319659333316193117e-02 	 4 2 0 0
      5.25114606988768412021e-04 	 4 3 0 0
     -1.70775402984380586524e+00 	 4 4 0 0
      3.98809206159993993174e-03 	 4 5 0 0
     -1.63244587252328321458e-01 	 4 6 0 0
      7.91833046391143997866e-04 	 4 7 0 0
      2.15525795658744495631e-01 	 4 8 0 0
      1.88555598649805145062e-01 	 5 1 0 0
     -1.29613075880877504087e-01 	 5 2 0 0
      4.98171986515904240134e-03 	 5 3 0 0
      3.98809206160329748903e-03 	 5 4 0 0
     -2.03952001768038648777e+00 	 5 5 0 0
      1.61603635804083052563e-02 	 5 6 0 0
     -1.96151737170715094460e-02 	 5 7 0 0
      7.56244424584074093065e-02 	 5 8 0 0
     -1.27787732012357522354e-02 	 6 1 0 0
      1.47900284222585269578e-02 	 6 2 0 0
     -2.23702339338523181755e-02 	 6 3 0 0
     -1.63244587252266315502e-01 	 6 4 0 0
      1.61603635804186233915e-02 	 6 5 0 0
     -1.64827840190314467428e+00 	 6 6 0 0
      2.69465601263219056705e-02 	 6 7 0 0
     -2.14174430495440749900e-02 	 6 8 0 0
      1.51482225836378936457e-01 	 7 1 0 0
     -4.98563006660463353681e-02 	 7 2 0 0
     -4.98163014815979493521e-02 	 7 3 0 0
      7.91833046392340957065e-04 	 7 4 0 0
     -1.96151737171048681785e-02 	 7 5 0 0
      2.69465601263176174340e-02 	 7 6 0 0
     -2.27097358941248161912e+00 	 7 7 0 0
      9.78619777274493396479e-03 	 7 8 0 0
      1.63037450562424669764e-02 	 8 1 0 0
     -1.98730614683777812024e-01 	 8 2 0 0
     -2.86874597496950250325e-04 	 8 3 0 0
      2.15525795658710189739e-01 	 8 4 0 0
      7.56244424583874252921e-02 	 8 5 0 0
     -2.14174430495436690647e-02 	 8 6 0 0
      9.78619777275402044636e-03 	 8 7 0 0
     -1.88529047455447940074e+00 	 8 8 0 0
     -2.99429811350552108706e+03 	 0 0 0 0
