&FCI NORB=9,NELEC=0,MS2=0
ORBSYM=1,1,1,1,
ISYM=1,
/
      6.12473151541680360666e-01 	 1 1 1 1
     -4.65393298273374111940e-03 	 1 1 2 1
      1.65816347481963999311e-01 	 1 1 2 2
     -5.99922347409873827490e-03 	 1 1 3 1
     -3.44619226360958191141e-03 	 1 1 3 2
      1.18370456702075965705e-01 	 1 1 3 3
      3.82918537195482385285e-03 	 1 1 4 1
      1.01188769203594823749e-03 	 1 1 4 2
     -1.31723522334057448376e-03 	 1 1 4 3
      3.28775536341096574766e-01 	 1 1 4 4
     -4.76874493758072184879e-02 	 1 1 5 1
     -7.70311135946321386830e-03 	 1 1 5 2
     -3.71094741719444135009e-03 	 1 1 5 3
     -1.13472611753881215402e-02 	 1 1 5 4
      2.35221685364486399195e-01 	 1 1 5 5
      9.60059217842154123679e-03 	 1 1 6 1
      6.22207048099471769775e-03 	 1 1 6 2
     -1.99229886853273183145e-03 	 1 1 6 3
      1.01620574775373243015e-02 	 1 1 6 4
      2.37308761234400686368e-02 	 1 1 6 5
      1.76497674272094146053e-01 	 1 1 6 6
     -3.91619013109701947367e-03 	 1 1 7 1
     -1.87032225547703536035e-03 	 1 1 7 2
      1.82772009667525386564e-03 	 1 1 7 3
      1.81423292655375212323e-02 	 1 1 7 4
      9.69951162902406641142e-03 	 1 1 7 5
     -1.04317706375930650819e-02 	 1 1 7 6
      3.30858511894827289623e-01 	 1 1 7 7
      1.91742793791877218224e-02 	 1 1 8 1
      8.23459267718100115796e-03 	 1 1 8 2
     -3.62330407410326685996e-03 	 1 1 8 3
     -3.08205920207496554195e-03 	 1 1 8 4
      3.28388482598907221338e-03 	 1 1 8 5
      2.30891341423239285571e-03 	 1 1 8 6
     -1.46498974630098594517e-03 	 1 1 8 7
      1.35193454233037496648e-01 	 1 1 8 8
      8.28692810977359022029e-03 	 1 1 9 1
      5.36123137211868324575e-03 	 1 1 9 2
     -2.17198164589839766642e-04 	 1 1 9 3
      1.27218289358351048512e-02 	 1 1 9 4
      2.24483494498162496067e-02 	 1 1 9 5
      1.39437637116794150216e-04 	 1 1 9 6
     -1.16969952694790050446e-02 	 1 1 9 7
      7.29293408894567205675e-03 	 1 1 9 8
      1.83904004551788929911e-01 	 1 1 9 9
     -4.65393298273378188540e-03 	 2 1 1 1
      1.51061671876115974703e-03 	 2 1 2 1
     -3.25466484514759166191e-03 	 2 1 2 2
     -4.17115397883461224912e-05 	 2 1 3 1
      2.88956292370872076542e-04 	 2 1 3 2
      6.69980042245845093009e-04 	 2 1 3 3
     -1.78232458594063938526e-04 	 2 1 4 1
     -1.66514155347316050552e-04 	 2 1 4 2
     -1.13924216171401270479e-04 	 2 1 4 3
     -2.50625436525345277744e-03 	 2 1 4 4
      2.84755479299268277407e-04 	 2 1 5 1
      1.04713984996895577775e-03 	 2 1 5 2
     -3.07369768487910166393e-05 	 2 1 5 3
      1.75676924566397769760e-04 	 2 1 5 4
     -2.98213465056105381246e-03 	 2 1 5 5
      4.60678270588577812739e-04 	 2 1 6 1
     -2.52368888222531976770e-04 	 2 1 6 2
      2.59117690112866056254e-04 	 2 1 6 3
     -4.95935422989935844012e-05 	 2 1 6 4
     -1.66850742539346650044e-04 	 2 1 6 5
     -1.96406994111094929806e-03 	 2 1 6 6
      2.04053943095911172667e-04 	 2 1 7 1
      8.65784256802932031521e-05 	 2 1 7 2
      1.21064830220670035209e-04 	 2 1 7 3
     -1.77259303565806475896e-04 	 2 1 7 4
     -1.07084666933812572309e-04 	 2 1 7 5
      2.82482897809187207417e-05 	 2 1 7 6
     -2.98554347621804482341e-03 	 2 1 7 7
     -3.19348395909070022913e-06 	 2 1 8 1
     -1.06075726987860455286e-03 	 2 1 8 2
     -6.51662200378397206846e-05 	 2 1 8 3
      2.26949033737652183145e-04 	 2 1 8 4
      4.02835076450762917272e-05 	 2 1 8 5
     -1.22764993516155527164e-04 	 2 1 8 6
     -9.91687794811618234707e-05 	 2 1 8 7
     -3.02055404642760216144e-03 	 2 1 8 8
      2.10360727422895260217e-04 	 2 1 9 1
     -3.93035885838992511947e-04 	 2 1 9 2
     -7.73714875928510116294e-05 	 2 1 9 3
     -4.39716530177066680304e-04 	 2 1 9 4
     -4.48860973486953627500e-04 	 2 1 9 5
      6.73442439415531258606e-05 	 2 1 9 6
      2.90671408010947452186e-04 	 2 1 9 7
     -3.06376228578941007998e-04 	 2 1 9 8
     -3.28017463048535648160e-03 	 2 1 9 9
      1.65816347481963888288e-01 	 2 2 1 1
     -3.25466484514757648308e-03 	 2 2 2 1
      3.02594979958469345593e-01 	 2 2 2 2
      2.82269860206102235142e-03 	 2 2 3 1
      5.72879263274370977010e-03 	 2 2 3 2
      1.78966815676312174244e-01 	 2 2 3 3
      6.18490141286860109666e-04 	 2 2 4 1
     -1.16259026960188773772e-04 	 2 2 4 2
      2.44546509692024783417e-03 	 2 2 4 3
      1.44534443974543985734e-01 	 2 2 4 4
      7.10284307113415429996e-03 	 2 2 5 1
     -1.20355331135499812184e-02 	 2 2 5 2
      2.02948966356945653330e-03 	 2 2 5 3
      3.96813454505105366737e-03 	 2 2 5 4
      2.28595707744943421602e-01 	 2 2 5 5
     -5.40485956208694353492e-03 	 2 2 6 1
      7.60200789426457041592e-03 	 2 2 6 2
     -2.30700443485882351544e-03 	 2 2 6 3
     -5.71817748995138378648e-03 	 2 2 6 4
     -8.90984288981087890757e-03 	 2 2 6 5
      2.28333143445739183974e-01 	 2 2 6 6
     -1.40170245694293585902e-03 	 2 2 7 1
     -6.10224731699942338952e-05 	 2 2 7 2
     -3.06438293466322880104e-03 	 2 2 7 3
     -5.85659868602495230910e-03 	 2 2 7 4
     -6.68938579994361303543e-03 	 2 2 7 5
      5.83230395448852082657e-03 	 2 2 7 6
      1.46706279707028264259e-01 	 2 2 7 7
     -3.56290783121933135255e-03 	 2 2 8 1
      9.64384683563521420864e-04 	 2 2 8 2
     -1.40958348747542315180e-03 	 2 2 8 3
     -3.29531318559746167970e-03 	 2 2 8 4
     -9.14540831573980826652e-03 	 2 2 8 5
     -1.12450689945459408187e-03 	 2 2 8 6
      3.08585411138510108328e-03 	 2 2 8 7
      2.53941395570229155876e-01 	 2 2 8 8
     -3.13985381006168153689e-03 	 2 2 9 1
     -1.08111040240232362912e-03 	 2 2 9 2
     -2.67237845304547742831e-03 	 2 2 9 3
     -4.10733106857154620876e-04 	 2 2 9 4
     -2.50330894077038876994e-03 	 2 2 9 5
      3.19462463142963434826e-03 	 2 2 9 6
      4.08605448926489464578e-03 	 2 2 9 7
      8.16806349944090848147e-03 	 2 2 9 8
      2.27836849542069119767e-01 	 2 2 9 9
     -5.99922347409874261170e-03 	 3 1 1 1
     -4.17115397883457701255e-05 	 3 1 2 1
      2.82269860206103015768e-03 	 3 1 2 2
      5.41686099020699074295e-04 	 3 1 3 1
      1.01613682503100114830e-04 	 3 1 3 2
     -3.45661623601068151296e-03 	 3 1 3 3
     -2.18391875133549974040e-05 	 3 1 4 1
     -3.16987198932502231758e-05 	 3 1 4 2
      4.44174739746563680513e-04 	 3 1 4 3
     -2.25693468544761093389e-03 	 3 1 4 4
      7.18361169099671482800e-04 	 3 1 5 1
      4.33301596495189156842e-04 	 3 1 5 2
      9.22558823150054926020e-04 	 3 1 5 3
      2.17030584331326679764e-04 	 3 1 5 4
      1.93075760476583936295e-03 	 3 1 5 5
     -3.71649981002388960470e-04 	 3 1 6 1
     -3.41474488806718765206e-04 	 3 1 6 2
     -4.79031592290191218699e-04 	 3 1 6 3
     -2.26987020806745053419e-04 	 3 1 6 4
     -3.50036645445513572208e-04 	 3 1 6 5
      2.74238892145822928115e-03 	 3 1 6 6
     -3.41603911079505962356e-05 	 3 1 7 1
     -8.51595674412465808651e-05 	 3 1 7 2
     -3.59887252384151208173e-04 	 3 1 7 3
     -4.47414572362672647524e-04 	 3 1 7 4
     -5.43141017531151466813e-04 	 3 1 7 5
      3.43454987830949399347e-04 	 3 1 7 6
     -2.34389132129667835530e-03 	 3 1 7 7
     -4.23917317011440536109e-04 	 3 1 8 1
     -3.39100930983356543824e-04 	 3 1 8 2
      2.46071118647458058390e-05 	 3 1 8 3
     -3.56816126818357119439e-04 	 3 1 8 4
     -1.04163218923015695253e-03 	 3 1 8 5
     -1.14810780876447210462e-04 	 3 1 8 6
      3.55074146367136979884e-04 	 3 1 8 7
      3.17295807458657218997e-03 	 3 1 8 8
     -3.21754581012504759820e-04 	 3 1 9 1
     -1.39949108958090567617e-04 	 3 1 9 2
     -8.03593089600354603709e-04 	 3 1 9 3
     -1.76622149338821179867e-04 	 3 1 9 4
     -3.74520543645884588461e-04 	 3 1 9 5
      7.21584805634665473958e-04 	 3 1 9 6
      4.59337138566556866387e-04 	 3 1 9 7
      7.13860653994825280697e-04 	 3 1 9 8
      6.52689825610725101943e-04 	 3 1 9 9
     -3.44619226360958668190e-03 	 3 2 1 1
      2.88956292370864432917e-04 	 3 2 2 1
      5.72879263274370109649e-03 	 3 2 2 2
      1.01613682503100141935e-04 	 3 2 3 1
      2.21579904127678500858e-03 	 3 2 3 2
      5.98024604860711642140e-03 	 3 2 3 3
     -2.95096027467024594245e-04 	 3 2 4 1
      2.26496029313070682638e-04 	 3 2 4 2
      2.36784465969580928957e-04 	 3 2 4 3
     -5.21605793082814163386e-03 	 3 2 4 4
      7.71108394310617744141e-04 	 3 2 5 1
     -1.61822015667221217119e-03 	 3 2 5 2
      4.15445915476002477704e-04 	 3 2 5 3
      4.02300188773991468111e-04 	 3 2 5 4
     -6.54715703872888084291e-04 	 3 2 5 5
     -3.03813360042505466348e-04 	 3 2 6 1
      1.05193596763732458675e-03 	 3 2 6 2
     -2.49229219022165104924e-04 	 3 2 6 3
     -5.97302007280122869599e-04 	 3 2 6 4
     -1.46991359690647584516e-03 	 3 2 6 5
     -1.62590301690813715703e-03 	 3 2 6 6
      2.71340997452139453053e-04 	 3 2 7 1
      3.17765121720614305092e-05 	 3 2 7 2
      5.24092410814227955000e-05 	 3 2 7 3
     -4.34653992409890174188e-04 	 3 2 7 4
     -5.69228548075292593877e-05 	 3 2 7 5
      5.17764636842851116473e-04 	 3 2 7 6
     -3.95298579418096665550e-03 	 3 2 7 7
     -1.35805864945691613004e-04 	 3 2 8 1
     -3.94599627735091806544e-04 	 3 2 8 2
      9.96018010775702152329e-04 	 3 2 8 3
      4.47281975966784713095e-04 	 3 2 8 4
      5.33257616078177602674e-04 	 3 2 8 5
     -2.07776250015873066807e-05 	 3 2 8 6
     -3.73520513232359567101e-04 	 3 2 8 7
      4.08970131361241408946e-03 	 3 2 8 8
      1.69634932409908284826e-04 	 3 2 9 1
     -6.06383012054487234924e-04 	 3 2 9 2
     -1.91377158087029992277e-04 	 3 2 9 3
     -1.44695130562638062588e-04 	 3 2 9 4
     -8.22887885400939886023e-05 	 3 2 9 5
     -8.49745199760961519159e-04 	 3 2 9 6
     -1.28950937776381421081e-05 	 3 2 9 7
     -1.00463692193223101852e-03 	 3 2 9 8
      2.98623937474242579990e-03 	 3 2 9 9
      1.18370456702075979583e-01 	 3 3 1 1
      6.69980042245843358285e-04 	 3 3 2 1
      1.78966815676312174244e-01 	 3 3 2 2
     -3.45661623601068238032e-03 	 3 3 3 1
      5.98024604860710254361e-03 	 3 3 3 2
      4.41542829092717692419e-01 	 3 3 3 3
      1.07840767086593201061e-03 	 3 3 4 1
      3.47568123759665848979e-03 	 3 3 4 2
     -3.06703553145957910978e-03 	 3 3 4 3
      1.05305699283720591297e-01 	 3 3 4 4
      7.54165912512490786701e-03 	 3 3 5 1
      2.72876668550184071221e-03 	 3 3 5 2
     -7.21881623276727103083e-03 	 3 3 5 3
      1.32114861627235825881e-02 	 3 3 5 4
      1.81275382884564517649e-01 	 3 3 5 5
     -1.92312862372095972306e-03 	 3 3 6 1
      3.76497998199267598033e-04 	 3 3 6 2
      6.66602612782116448614e-03 	 3 3 6 3
     -8.08021906219787318382e-03 	 3 3 6 4
     -1.69020643348140320317e-02 	 3 3 6 5
      1.84548225934981990903e-01 	 3 3 6 6
     -1.94213917595064647532e-04 	 3 3 7 1
     -4.07957212979777664435e-04 	 3 3 7 2
      3.86390559247680974442e-03 	 3 3 7 3
     -5.26105230449566522999e-03 	 3 3 7 4
     -4.48246055283278536929e-03 	 3 3 7 5
      6.17427376522118771807e-03 	 3 3 7 6
      1.11459420205882606125e-01 	 3 3 7 7
      1.07372726457847264374e-03 	 3 3 8 1
      7.58415204684659456646e-03 	 3 3 8 2
      5.92644276177465862548e-03 	 3 3 8 3
      9.00969798640654899458e-03 	 3 3 8 4
      2.65332004965612607006e-02 	 3 3 8 5
     -1.63470734727740800267e-03 	 3 3 8 6
     -2.87320455185295642320e-03 	 3 3 8 7
      2.16169355917586070159e-01 	 3 3 8 8
     -6.65854583495349445360e-03 	 3 3 9 1
     -4.82264594215085599938e-03 	 3 3 9 2
      5.39395566726344043856e-03 	 3 3 9 3
     -1.06233007401867664971e-02 	 3 3 9 4
     -2.09668476215209079183e-02 	 3 3 9 5
     -1.42664247515515933001e-02 	 3 3 9 6
      2.63785375334287322535e-03 	 3 3 9 7
     -1.79854349893037966657e-02 	 3 3 9 8
      2.25905786415708270676e-01 	 3 3 9 9
      3.82918537195480000040e-03 	 4 1 1 1
     -1.78232458594074130026e-04 	 4 1 2 1
      6.18490141286844063474e-04 	 4 1 2 2
     -2.18391875133553599341e-05 	 4 1 3 1
     -2.95096027467024431615e-04 	 4 1 3 2
      1.07840767086594892417e-03 	 4 1 3 3
      4.41947169398329044177e-03 	 4 1 4 1
      3.21932431656405965842e-04 	 4 1 4 2
     -1.20992378602649769750e-04 	 4 1 4 3
      1.08727233626725074134e-02 	 4 1 4 4
     -1.18796746021707238269e-04 	 4 1 5 1
      6.61528919990105783791e-04 	 4 1 5 2
      2.58200483884797723968e-04 	 4 1 5 3
     -2.42237319097085687571e-04 	 4 1 5 4
      2.58718841658908509096e-03 	 4 1 5 5
      5.17736694649825269013e-04 	 4 1 6 1
     -5.23350714054196313949e-04 	 4 1 6 2
     -1.71946806125475640508e-04 	 4 1 6 3
      6.97232825313461555827e-04 	 4 1 6 4
     -1.57561770054765007713e-04 	 4 1 6 5
      3.83829682485494925667e-03 	 4 1 6 6
      1.21205805506406833795e-03 	 4 1 7 1
     -2.62317237978202495111e-04 	 4 1 7 2
     -2.12169691823623542950e-04 	 4 1 7 3
      6.11872848169710639200e-04 	 4 1 7 4
     -7.55291671448413961740e-04 	 4 1 7 5
      1.65694606871358805777e-04 	 4 1 7 6
     -1.95266778858008745873e-03 	 4 1 7 7
      1.81632397036430681507e-04 	 4 1 8 1
      2.10036119720934886515e-04 	 4 1 8 2
     -2.19062687365190926839e-04 	 4 1 8 3
     -4.00719769910581126741e-05 	 4 1 8 4
     -2.98717047796895232396e-04 	 4 1 8 5
     -4.06455620915913314051e-05 	 4 1 8 6
      4.11658469475757174058e-04 	 4 1 8 7
      1.01954296322784234048e-03 	 4 1 8 8
     -2.37819738554005883410e-04 	 4 1 9 1
     -8.66455232243830718092e-05 	 4 1 9 2
     -2.20137062254753649053e-04 	 4 1 9 3
      4.06641291578261005260e-04 	 4 1 9 4
     -5.93360712650050216126e-04 	 4 1 9 5
      4.69056317240482936910e-04 	 4 1 9 6
      4.50277823279895115550e-04 	 4 1 9 7
      4.18195946153621382797e-04 	 4 1 9 8
      4.75117742309412232835e-04 	 4 1 9 9
      1.01188769203596146476e-03 	 4 2 1 1
     -1.66514155347313665308e-04 	 4 2 2 1
     -1.16259026960187066154e-04 	 4 2 2 2
     -3.16987198932510227749e-05 	 4 2 3 1
      2.26496029313066454250e-04 	 4 2 3 2
      3.47568123759665675507e-03 	 4 2 3 3
      3.21932431656404610589e-04 	 4 2 4 1
      1.59187136249480860363e-03 	 4 2 4 2
     -2.86395779761558651709e-04 	 4 2 4 3
      6.21285342009682967079e-03 	 4 2 4 4
      1.84884746495382476994e-04 	 4 2 5 1
      6.34955435132809973414e-04 	 4 2 5 2
      2.92075843040839541742e-04 	 4 2 5 3
      1.74925840188237596493e-04 	 4 2 5 4
      1.05177675966820391960e-03 	 4 2 5 5
     -8.03708669058266292080e-05 	 4 2 6 1
     -9.51586551955652766230e-04 	 4 2 6 2
     -1.97083101275904244883e-04 	 4 2 6 3
      2.14452151894503227278e-04 	 4 2 6 4
     -9.55456953980768006196e-04 	 4 2 6 5
      2.05236148819278128169e-03 	 4 2 6 6
     -1.27597426234234666287e-04 	 4 2 7 1
     -7.46836768372668405487e-04 	 4 2 7 2
     -4.46329620100481896938e-05 	 4 2 7 3
      1.74102960140681622351e-04 	 4 2 7 4
     -6.05368440672576888124e-04 	 4 2 7 5
      1.77439748559872229744e-04 	 4 2 7 6
     -3.20195729218043106685e-04 	 4 2 7 7
      1.95091307822605776728e-04 	 4 2 8 1
      1.72376177013221291686e-04 	 4 2 8 2
      7.81455252402907322691e-05 	 4 2 8 3
      1.34268139884633847187e-04 	 4 2 8 4
     -1.25636938811295265648e-04 	 4 2 8 5
     -8.92299469478733276590e-05 	 4 2 8 6
      1.37627434822961574636e-04 	 4 2 8 7
      2.64486451323578874648e-03 	 4 2 8 8
     -4.19402754578230066700e-04 	 4 2 9 1
     -3.39985888091998925825e-04 	 4 2 9 2
     -1.17951259068902353797e-04 	 4 2 9 3
      5.78679085611012115203e-05 	 4 2 9 4
     -1.51894424103066368048e-03 	 4 2 9 5
      4.68958668816732090773e-04 	 4 2 9 6
      3.29635241336542490331e-04 	 4 2 9 7
      2.76081637218194376809e-05 	 4 2 9 8
     -8.41798364989901847476e-04 	 4 2 9 9
     -1.31723522334057578480e-03 	 4 3 1 1
     -1.13924216171401677055e-04 	 4 3 2 1
      2.44546509692023959423e-03 	 4 3 2 2
      4.44174739746564331035e-04 	 4 3 3 1
      2.36784465969580034490e-04 	 4 3 3 2
     -3.06703553145958041082e-03 	 4 3 3 3
     -1.20992378602649322517e-04 	 4 3 4 1
     -2.86395779761558380658e-04 	 4 3 4 2
      9.21315284173970078761e-04 	 4 3 4 3
     -6.39826724812500753636e-03 	 4 3 4 4
      3.37257737344599209557e-04 	 4 3 5 1
      4.13197711540192076912e-04 	 4 3 5 2
      1.53567579654709999819e-03 	 4 3 5 3
      3.23479138653895328774e-04 	 4 3 5 4
      2.36851229570124834425e-03 	 4 3 5 5
     -2.51852130207256435547e-04 	 4 3 6 1
     -3.29736771469333527027e-04 	 4 3 6 2
     -7.53671377741359487662e-04 	 4 3 6 3
     -3.62813691344898616841e-04 	 4 3 6 4
     -1.25774845727149464257e-04 	 4 3 6 5
      2.58266340336722396986e-03 	 4 3 6 6
     -2.07705306037717009771e-04 	 4 3 7 1
     -1.23464372184235032792e-04 	 4 3 7 2
     -4.27189746904479744540e-04 	 4 3 7 3
     -4.17815336547396921907e-04 	 4 3 7 4
     -3.50034592639896023191e-04 	 4 3 7 5
      1.88830433155408073135e-04 	 4 3 7 6
     -1.02898334732918252934e-04 	 4 3 7 7
     -2.40163024032632516818e-04 	 4 3 8 1
     -1.63301503016402349078e-04 	 4 3 8 2
      7.24094923300422983921e-04 	 4 3 8 3
     -3.61294962949387614415e-04 	 4 3 8 4
     -9.11771240976463740770e-04 	 4 3 8 5
      8.03838237538201535147e-05 	 4 3 8 6
      3.25143701261054339415e-04 	 4 3 8 7
      2.35475023308102070219e-03 	 4 3 8 8
     -1.91614474724460803756e-04 	 4 3 9 1
     -1.27595901749187541933e-04 	 4 3 9 2
     -1.29331381278297388206e-03 	 4 3 9 3
     -3.76894221541161406237e-04 	 4 3 9 4
     -3.07961174926709064809e-04 	 4 3 9 5
      5.26424573998271385505e-04 	 4 3 9 6
      2.64407976812834914684e-04 	 4 3 9 7
      6.28285091789030172328e-04 	 4 3 9 8
      9.93102158405631757834e-04 	 4 3 9 9
      3.28775536341096796811e-01 	 4 4 1 1
     -2.50625436525345494584e-03 	 4 4 2 1
      1.44534443974543957978e-01 	 4 4 2 2
     -2.25693468544761700542e-03 	 4 4 3 1
     -5.21605793082813729705e-03 	 4 4 3 2
      1.05305699283720632931e-01 	 4 4 3 3
      1.08727233626725455773e-02 	 4 4 4 1
      6.21285342009684268122e-03 	 4 4 4 2
     -6.39826724812502228151e-03 	 4 4 4 3
      6.74135547124555367660e-01 	 4 4 4 4
     -2.16562000935018560133e-02 	 4 4 5 1
     -4.59860523879316532986e-03 	 4 4 5 2
     -8.70370943396574811395e-04 	 4 4 5 3
     -2.36728621676055780987e-02 	 4 4 5 4
      1.78198057926159059150e-01 	 4 4 5 5
      7.26301963889841931121e-03 	 4 4 6 1
      3.48960653902143655772e-03 	 4 4 6 2
     -1.17320205113487924242e-03 	 4 4 6 3
      2.35425791761582382799e-02 	 4 4 6 4
      1.40236543655750511145e-02 	 4 4 6 5
      1.60927641436441892786e-01 	 4 4 6 6
      1.41810442867878095004e-03 	 4 4 7 1
     -1.31968455577875093399e-03 	 4 4 7 2
      7.27743241654930917133e-05 	 4 4 7 3
      2.23551460339207058725e-02 	 4 4 7 4
      3.00929601764974652758e-03 	 4 4 7 5
     -6.01345473025489875990e-03 	 4 4 7 6
      2.14713824605174935511e-01 	 4 4 7 7
      8.06462271226976619432e-03 	 4 4 8 1
      7.06019139127833476877e-03 	 4 4 8 2
     -3.45360240764124937565e-03 	 4 4 8 3
     -5.03463679339499932397e-03 	 4 4 8 4
     -3.35216327417209769470e-04 	 4 4 8 5
      1.35730022841358697260e-05 	 4 4 8 6
      3.95710044244633257163e-04 	 4 4 8 7
      1.17389509233472813521e-01 	 4 4 8 8
      2.61753530150865424200e-03 	 4 4 9 1
      4.93822390649863596918e-03 	 4 4 9 2
     -1.45246431505327501695e-03 	 4 4 9 3
      2.98919970874528748150e-02 	 4 4 9 4
      1.09472796847764758388e-02 	 4 4 9 5
      1.51844457848588623369e-03 	 4 4 9 6
     -4.48983109158845004882e-03 	 4 4 9 7
      5.80340158643766895752e-03 	 4 4 9 8
      1.43935300236319146938e-01 	 4 4 9 9
     -4.76874493758070311378e-02 	 5 1 1 1
      2.84755479299278739958e-04 	 5 1 2 1
      7.10284307113417771873e-03 	 5 1 2 2
      7.18361169099673434364e-04 	 5 1 3 1
      7.71108394310616117838e-04 	 5 1 3 2
      7.54165912512490092812e-03 	 5 1 3 3
     -1.18796746021714041638e-04 	 5 1 4 1
      1.84884746495377923345e-04 	 5 1 4 2
      3.37257737344599697448e-04 	 5 1 4 3
     -2.16562000935019045855e-02 	 5 1 4 4
      1.02869438463449053983e-02 	 5 1 5 1
      1.63548173730163688873e-03 	 5 1 5 2
      1.91735405564526012120e-03 	 5 1 5 3
      3.20330990807918053118e-03 	 5 1 5 4
     -1.57466303672541968472e-02 	 5 1 5 5
     -6.74123352216462481089e-04 	 5 1 6 1
     -1.09583880990610856195e-03 	 5 1 6 2
     -6.38203317947969413692e-05 	 5 1 6 3
     -1.89533259663395080123e-03 	 5 1 6 4
     -7.45284811387831279406e-03 	 5 1 6 5
      1.58997966650632565309e-03 	 5 1 6 6
     -3.17891999085052532042e-05 	 5 1 7 1
     -1.82156371600204324696e-04 	 5 1 7 2
     -4.94914443519347277758e-04 	 5 1 7 3
     -2.59503992499876458971e-03 	 5 1 7 4
     -3.27564858905846773007e-03 	 5 1 7 5
      1.88648988997954522931e-03 	 5 1 7 6
     -2.09569732766982791405e-02 	 5 1 7 7
     -2.05361072177923185272e-03 	 5 1 8 1
     -1.58651967239918493570e-03 	 5 1 8 2
      3.09205173529296839692e-04 	 5 1 8 3
      1.55658870119322167557e-04 	 5 1 8 4
     -3.22724559791055755006e-03 	 5 1 8 5
     -6.59407176006523033235e-04 	 5 1 8 6
      5.13949283318633942837e-04 	 5 1 8 7
      1.15107647272449029052e-02 	 5 1 8 8
     -1.30053224629827932036e-04 	 5 1 9 1
     -1.35987439681498284774e-03 	 5 1 9 2
     -4.38600313702440145446e-04 	 5 1 9 3
     -2.08937964614423418719e-03 	 5 1 9 4
     -7.31103225572416436095e-03 	 5 1 9 5
      1.22679880990457599449e-03 	 5 1 9 6
      2.33617953162609456874e-03 	 5 1 9 7
     -4.20742755166113931598e-04 	 5 1 9 8
     -1.66713653841390877820e-03 	 5 1 9 9
     -7.70311135946316269396e-03 	 5 2 1 1
      1.04713984996894103260e-03 	 5 2 2 1
     -1.20355331135499551976e-02 	 5 2 2 2
      4.33301596495188831581e-04 	 5 2 3 1
     -1.61822015667220284706e-03 	 5 2 3 2
      2.72876668550188538134e-03 	 5 2 3 3
      6.61528919990113915307e-04 	 5 2 4 1
      6.34955435132807479749e-04 	 5 2 4 2
      4.13197711540189149566e-04 	 5 2 4 3
     -4.59860523879317573820e-03 	 5 2 4 4
      1.63548173730163190140e-03 	 5 2 5 1
      1.23177519781340581717e-02 	 5 2 5 2
      1.92841555652510025613e-03 	 5 2 5 3
      2.20648061032987976432e-03 	 5 2 5 4
     -2.93352452992387156480e-03 	 5 2 5 5
     -1.93631288972920235190e-04 	 5 2 6 1
     -5.64437929863367479633e-03 	 5 2 6 2
     -1.27009791363241406059e-03 	 5 2 6 3
     -6.70746224423392147125e-04 	 5 2 6 4
     -2.78283358858099271957e-03 	 5 2 6 5
      4.69332498079317282647e-03 	 5 2 6 6
     -6.93009512701574952910e-04 	 5 2 7 1
     -1.52918027743638505582e-03 	 5 2 7 2
     -6.35888871332366211429e-04 	 5 2 7 3
     -7.26496853929595740387e-04 	 5 2 7 4
     -3.06087825679085545616e-03 	 5 2 7 5
      1.28777466168406907500e-03 	 5 2 7 6
     -5.70932672831581111694e-03 	 5 2 7 7
     -1.62970996415295643926e-04 	 5 2 8 1
     -1.86110569735675268968e-03 	 5 2 8 2
     -5.93015228779646282574e-04 	 5 2 8 3
     -6.21136242773948727899e-04 	 5 2 8 4
     -1.80745264111424261411e-03 	 5 2 8 5
     -5.29364678702476742860e-05 	 5 2 8 6
      1.39118454024876559913e-03 	 5 2 8 7
      7.88478442030424967087e-04 	 5 2 8 8
     -1.54259415327275407719e-03 	 5 2 9 1
     -1.65933202003961939412e-03 	 5 2 9 2
     -1.32401362774431830167e-03 	 5 2 9 3
     -2.37332497140007193243e-03 	 5 2 9 4
     -6.22216402349530517402e-03 	 5 2 9 5
      4.31710441939518307225e-03 	 5 2 9 6
      2.43630633799385345334e-03 	 5 2 9 7
      1.56829666425203299168e-03 	 5 2 9 8
     -7.54649478743234063127e-03 	 5 2 9 9
     -3.71094741719443484487e-03 	 5 3 1 1
     -3.07369768487956583798e-05 	 5 3 2 1
      2.02948966356944569128e-03 	 5 3 2 2
      9.22558823150054167078e-04 	 5 3 3 1
      4.15445915476000255089e-04 	 5 3 3 2
     -7.21881623276728577598e-03 	 5 3 3 3
      2.58200483884802602878e-04 	 5 3 4 1
      2.92075843040843011189e-04 	 5 3 4 2
      1.53567579654709913083e-03 	 5 3 4 3
     -8.70370943396582400810e-04 	 5 3 4 4
      1.91735405564525404967e-03 	 5 3 5 1
      1.92841555652510697819e-03 	 5 3 5 2
      5.09491399538973283728e-03 	 5 3 5 3
      1.17773872183993873891e-03 	 5 3 5 4
     -3.59507602630548947151e-03 	 5 3 5 5
     -2.29421884129987318623e-04 	 5 3 6 1
     -1.74779040335116295050e-03 	 5 3 6 2
     -2.16014637937966304249e-03 	 5 3 6 3
     -1.81405806658402714900e-04 	 5 3 6 4
     -2.65224084321609172160e-03 	 5 3 6 5
      4.20745575294676973921e-03 	 5 3 6 6
     -3.28672160823233812810e-04 	 5 3 7 1
     -6.24054288537604587989e-04 	 5 3 7 2
     -9.04317845920320521544e-04 	 5 3 7 3
     -3.77106603862966782530e-04 	 5 3 7 4
     -2.03635054302728126657e-03 	 5 3 7 5
      4.98849060335877347166e-04 	 5 3 7 6
     -1.94721753700864762086e-03 	 5 3 7 7
     -3.33402403462886639130e-04 	 5 3 8 1
     -8.79976391935133306875e-04 	 5 3 8 2
      2.22031110387955121430e-03 	 5 3 8 3
     -7.66563911395878958693e-04 	 5 3 8 4
     -3.51539212263306038650e-03 	 5 3 8 5
     -2.51417978505254506496e-04 	 5 3 8 6
      7.84312605143849209816e-04 	 5 3 8 7
      5.48141441188575682941e-03 	 5 3 8 8
     -3.86866022346008539903e-04 	 5 3 9 1
     -7.17694711345849035988e-04 	 5 3 9 2
     -3.19521117427332352126e-03 	 5 3 9 3
     -6.56965190705518240280e-04 	 5 3 9 4
     -3.11883005168985157074e-03 	 5 3 9 5
      2.19262396788573715040e-03 	 5 3 9 6
      1.17124246964260374237e-03 	 5 3 9 7
      1.43923610353306752341e-03 	 5 3 9 8
     -4.63214066646796662069e-03 	 5 3 9 9
     -1.13472611753881232749e-02 	 5 4 1 1
      1.75676924566388608252e-04 	 5 4 2 1
      3.96813454505105973891e-03 	 5 4 2 2
      2.17030584331324646885e-04 	 5 4 3 1
      4.02300188773991576532e-04 	 5 4 3 2
      1.32114861627235860575e-02 	 5 4 3 3
     -2.42237319097071538733e-04 	 5 4 4 1
      1.74925840188238138594e-04 	 5 4 4 2
      3.23479138653895491404e-04 	 5 4 4 3
     -2.36728621676055607514e-02 	 5 4 4 4
      3.20330990807918139854e-03 	 5 4 5 1
      2.20648061032987933064e-03 	 5 4 5 2
      1.17773872183993526946e-03 	 5 4 5 3
      3.54937976015694224216e-03 	 5 4 5 4
     -5.12110061818290846630e-03 	 5 4 5 5
     -6.77765313200284161971e-04 	 5 4 6 1
     -1.56545585720888709089e-03 	 5 4 6 2
     -1.36406680377026550159e-04 	 5 4 6 3
     -1.80661622769599317442e-03 	 5 4 6 4
     -4.87739079377626661566e-03 	 5 4 6 5
      3.91678244533568298974e-03 	 5 4 6 6
     -5.84879046434182408437e-04 	 5 4 7 1
     -5.73903370716198797663e-04 	 5 4 7 2
     -1.43987020949204192746e-04 	 5 4 7 3
     -1.42582402945740874950e-03 	 5 4 7 4
     -2.54501392205414619235e-03 	 5 4 7 5
      1.13583274630282751033e-03 	 5 4 7 6
     -4.94594616420693331676e-03 	 5 4 7 7
     -3.86969634570221918124e-04 	 5 4 8 1
     -7.24276478796586188971e-04 	 5 4 8 2
      8.42413840894019346319e-05 	 5 4 8 3
      3.01304633292142536385e-04 	 5 4 8 4
     -1.17661526117474480452e-03 	 5 4 8 5
     -1.53920956328902234708e-04 	 5 4 8 6
      3.39616153183820278921e-04 	 5 4 8 7
      8.92256841266481776076e-03 	 5 4 8 8
     -8.08479438800371224064e-04 	 5 4 9 1
     -1.45518548992009787851e-03 	 5 4 9 2
     -3.06235794996687212769e-04 	 5 4 9 3
     -2.45697181715716968936e-03 	 5 4 9 4
     -5.45178648645673266659e-03 	 5 4 9 5
      1.20475073045725098418e-03 	 5 4 9 6
      1.23688046143435501599e-03 	 5 4 9 7
     -4.70430943536540057456e-04 	 5 4 9 8
      1.92249591256448619341e-03 	 5 4 9 9
      2.35221685364486510217e-01 	 5 5 1 1
     -2.98213465056104123571e-03 	 5 5 2 1
      2.28595707744943449358e-01 	 5 5 2 2
      1.93075760476583632719e-03 	 5 5 3 1
     -6.54715703872870520216e-04 	 5 5 3 2
      1.81275382884564434383e-01 	 5 5 3 3
      2.58718841658901830410e-03 	 5 5 4 1
      1.05177675966821302690e-03 	 5 5 4 2
      2.36851229570123056334e-03 	 5 5 4 3
      1.78198057926159336706e-01 	 5 5 4 4
     -1.57466303672542766445e-02 	 5 5 5 1
     -2.93352452992388067210e-03 	 5 5 5 2
     -3.59507602630548513470e-03 	 5 5 5 3
     -5.12110061818291540520e-03 	 5 5 5 4
      3.20712157779388329359e-01 	 5 5 5 5
     -3.54156122250462749787e-03 	 5 5 6 1
      1.48005996780971771538e-03 	 5 5 6 2
     -3.34035259614094606068e-03 	 5 5 6 3
     -1.35719852964377219774e-03 	 5 5 6 4
      2.30278730032191340793e-02 	 5 5 6 5
      2.47134280780699516766e-01 	 5 5 6 6
     -2.98469874177955969002e-03 	 5 5 7 1
     -2.21358007558316660993e-03 	 5 5 7 2
     -3.06192016759486256017e-03 	 5 5 7 3
     -2.29220289126617167083e-03 	 5 5 7 4
      2.42054582809221943696e-03 	 5 5 7 5
      1.23589713657135352558e-03 	 5 5 7 6
      1.77815291056328955710e-01 	 5 5 7 7
     -1.16124239741095770448e-03 	 5 5 8 1
      5.32680767164534028218e-03 	 5 5 8 2
     -4.36816374537345262358e-03 	 5 5 8 3
     -4.19489009780072991812e-03 	 5 5 8 4
      5.15115695166113406189e-03 	 5 5 8 5
     -7.06713376828506422214e-04 	 5 5 8 6
      4.93120676191225425222e-03 	 5 5 8 7
      2.06093883927957410851e-01 	 5 5 8 8
     -6.56901031626048580864e-03 	 5 5 9 1
      7.40606707453646327492e-04 	 5 5 9 2
     -1.18667436231116433555e-03 	 5 5 9 3
      1.08019106089615886911e-03 	 5 5 9 4
      1.55746310656327390659e-02 	 5 5 9 5
      4.23386977319490189799e-04 	 5 5 9 6
      1.29857837422712877121e-03 	 5 5 9 7
      9.05844177136691519614e-03 	 5 5 9 8
      2.43953833776077516626e-01 	 5 5 9 9
      9.60059217842164358547e-03 	 6 1 1 1
      4.60678270588586540567e-04 	 6 1 2 1
     -5.40485956208694526964e-03 	 6 1 2 2
     -3.71649981002387008906e-04 	 6 1 3 1
     -3.03813360042512513662e-04 	 6 1 3 2
     -1.92312862372097121560e-03 	 6 1 3 3
      5.17736694649811282805e-04 	 6 1 4 1
     -8.03708669058189449251e-05 	 6 1 4 2
     -2.51852130207253562411e-04 	 6 1 4 3
      7.26301963889842104594e-03 	 6 1 4 4
     -6.74123352216453265370e-04 	 6 1 5 1
     -1.93631288972925385151e-04 	 6 1 5 2
     -2.29421884129995097773e-04 	 6 1 5 3
     -6.77765313200291859806e-04 	 6 1 5 4
     -3.54156122250459974229e-03 	 6 1 5 5
      2.13688367592422415533e-03 	 6 1 6 1
      3.34162041748123177492e-04 	 6 1 6 2
      8.13388982130841130432e-04 	 6 1 6 3
      1.43023996414885171818e-03 	 6 1 6 4
      3.06981271959628956164e-03 	 6 1 6 5
      2.77906766400746714843e-03 	 6 1 6 6
      5.19911010673798840083e-06 	 6 1 7 1
      1.06853338950604916904e-04 	 6 1 7 2
      2.67004489110632577120e-04 	 6 1 7 3
      8.35589936051384812345e-04 	 6 1 7 4
      5.00675926318410878697e-04 	 6 1 7 5
     -1.66656146520443920397e-03 	 6 1 7 6
      3.38452292749370775571e-03 	 6 1 7 7
      7.07845384601061525416e-04 	 6 1 8 1
      2.02663707333778741852e-04 	 6 1 8 2
     -1.25305118546492887674e-04 	 6 1 8 3
      1.78355317427008285263e-04 	 6 1 8 4
      1.07583158355500563470e-04 	 6 1 8 5
     -9.58730142066724138825e-04 	 6 1 8 6
     -1.52655995850644400679e-04 	 6 1 8 7
     -8.17007358410609153820e-03 	 6 1 8 8
      8.33245772533354055363e-04 	 6 1 9 1
      4.83692130855422556656e-04 	 6 1 9 2
      1.92158083727370061029e-04 	 6 1 9 3
      5.05626665034183443714e-04 	 6 1 9 4
      8.28359446765443516864e-04 	 6 1 9 5
     -1.36434952386737390340e-03 	 6 1 9 6
     -5.39300265357481258162e-04 	 6 1 9 7
     -4.42772688624171000243e-04 	 6 1 9 8
     -4.22845301507423707021e-03 	 6 1 9 9
      6.22207048099468126856e-03 	 6 2 1 1
     -2.52368888222554257125e-04 	 6 2 2 1
      7.60200789426458776316e-03 	 6 2 2 2
     -3.41474488806716000491e-04 	 6 2 3 1
      1.05193596763733217617e-03 	 6 2 3 2
      3.76497998199256105490e-04 	 6 2 3 3
     -5.23350714054190892938e-04 	 6 2 4 1
     -9.51586551955650164145e-04 	 6 2 4 2
     -3.29736771469334990700e-04 	 6 2 4 3
      3.48960653902143785876e-03 	 6 2 4 4
     -1.09583880990613436596e-03 	 6 2 5 1
     -5.64437929863365658173e-03 	 6 2 5 2
     -1.74779040335115536109e-03 	 6 2 5 3
     -1.56545585720886909313e-03 	 6 2 5 4
      1.48005996780970188603e-03 	 6 2 5 5
      3.34162041748128761133e-04 	 6 2 6 1
      8.67023296162617272687e-03 	 6 2 6 2
      7.55943842693267619923e-04 	 6 2 6 3
      4.74407673079479019936e-04 	 6 2 6 4
      3.18650322525606058410e-03 	 6 2 6 5
     -1.38213504186662002743e-03 	 6 2 6 6
      4.74073483214944063797e-04 	 6 2 7 1
      1.59872928272162683101e-03 	 6 2 7 2
      5.06740637942273866416e-04 	 6 2 7 3
      4.40729397550293250808e-04 	 6 2 7 4
      2.27575329404753994023e-03 	 6 2 7 5
     -1.09898925208001580107e-03 	 6 2 7 6
      5.28880357832731302914e-03 	 6 2 7 7
     -1.07687703815804398173e-04 	 6 2 8 1
      1.22990294437205641490e-03 	 6 2 8 2
      1.87367631616855141816e-04 	 6 2 8 3
      4.91211560490967735423e-04 	 6 2 8 4
      1.84763305109545967857e-03 	 6 2 8 5
      2.72961653142383498059e-04 	 6 2 8 6
     -9.29117532078709571289e-04 	 6 2 8 7
     -1.04684393693764725072e-04 	 6 2 8 8
      1.17188602436664804363e-03 	 6 2 9 1
      1.79197578640775956327e-03 	 6 2 9 2
      5.82383432516260773210e-04 	 6 2 9 3
      1.46441095681805574964e-03 	 6 2 9 4
      4.85654087876335235213e-03 	 6 2 9 5
     -2.67462405417477708941e-03 	 6 2 9 6
     -1.64874997328981584728e-03 	 6 2 9 7
     -9.88893679087144610376e-04 	 6 2 9 8
      7.05137659417599208661e-03 	 6 2 9 9
     -1.99229886853274267347e-03 	 6 3 1 1
      2.59117690112866652565e-04 	 6 3 2 1
     -2.30700443485882611752e-03 	 6 3 2 2
     -4.79031592290196964971e-04 	 6 3 3 1
     -2.49229219022163424411e-04 	 6 3 3 2
      6.66602612782114366946e-03 	 6 3 3 3
     -1.71946806125470653178e-04 	 6 3 4 1
     -1.97083101275903187785e-04 	 6 3 4 2
     -7.53671377741359921343e-04 	 6 3 4 3
     -1.17320205113488769920e-03 	 6 3 4 4
     -6.38203317947872648648e-05 	 6 3 5 1
     -1.27009791363241709636e-03 	 6 3 5 2
     -2.16014637937967128242e-03 	 6 3 5 3
     -1.36406680377031700119e-04 	 6 3 5 4
     -3.34035259614094562700e-03 	 6 3 5 5
      8.13388982130846117762e-04 	 6 3 6 1
      7.55943842693275426178e-04 	 6 3 6 2
      5.53140875067388744502e-03 	 6 3 6 3
      5.47505913543164506735e-04 	 6 3 6 4
      1.51029969779263519188e-03 	 6 3 6 5
      3.65251225898440608914e-04 	 6 3 6 6
      3.66395024289424900421e-04 	 6 3 7 1
      4.20472346178271780444e-04 	 6 3 7 2
      6.76120347119607578192e-04 	 6 3 7 3
      1.08497202690569597978e-04 	 6 3 7 4
      5.40429666125333968418e-04 	 6 3 7 5
     -9.26303276921379664492e-04 	 6 3 7 6
     -2.18023768025767681125e-03 	 6 3 7 7
     -9.35923856063216479985e-05 	 6 3 8 1
      2.75558959925208785905e-04 	 6 3 8 2
     -1.58023988246196303359e-04 	 6 3 8 3
      6.73449892940003957097e-04 	 6 3 8 4
      1.27379978377472648232e-03 	 6 3 8 5
     -7.13213269422263880515e-04 	 6 3 8 6
     -4.21592728919502974985e-04 	 6 3 8 7
     -5.57909363037827239762e-03 	 6 3 8 8
      2.99854670308707200663e-04 	 6 3 9 1
      7.02208781997548349895e-05 	 6 3 9 2
     -1.23639976966533689413e-03 	 6 3 9 3
     -1.75170934844020057767e-04 	 6 3 9 4
      6.23342591301510613039e-04 	 6 3 9 5
     -1.96711018418003168173e-03 	 6 3 9 6
     -3.29489720830206318011e-04 	 6 3 9 7
     -1.49030744610749161898e-03 	 6 3 9 8
     -2.00698232499438690771e-03 	 6 3 9 9
      1.01620574775372809334e-02 	 6 4 1 1
     -4.95935422990055309539e-05 	 6 4 2 1
     -5.71817748995137858231e-03 	 6 4 2 2
     -2.26987020806746029201e-04 	 6 4 3 1
     -5.97302007280117990690e-04 	 6 4 3 2
     -8.08021906219786797965e-03 	 6 4 3 3
      6.97232825313471313647e-04 	 6 4 4 1
      2.14452151894503335698e-04 	 6 4 4 2
     -3.62813691344900134724e-04 	 6 4 4 3
      2.35425791761582417494e-02 	 6 4 4 4
     -1.89533259663396359482e-03 	 6 4 5 1
     -6.70746224423384666130e-04 	 6 4 5 2
     -1.81405806658399109928e-04 	 6 4 5 3
     -1.80661622769598406713e-03 	 6 4 5 4
     -1.35719852964379539967e-03 	 6 4 5 5
      1.43023996414885193502e-03 	 6 4 6 1
      4.74407673079487205662e-04 	 6 4 6 2
      5.47505913543164615155e-04 	 6 4 6 3
      2.42732133536913228383e-03 	 6 4 6 4
      3.81511400486024207512e-03 	 6 4 6 5
      1.98998702080943612458e-03 	 6 4 6 6
      2.67046585926517866284e-04 	 6 4 7 1
      8.18033975807236764200e-05 	 6 4 7 2
      1.10750045279324501441e-04 	 6 4 7 3
      1.43525356830194223030e-03 	 6 4 7 4
      7.12730208328271478205e-04 	 6 4 7 5
     -1.78968684859694658618e-03 	 6 4 7 6
      3.85200071327523830764e-03 	 6 4 7 7
      4.64159392310951911861e-04 	 6 4 8 1
      4.16559270748392178677e-04 	 6 4 8 2
     -1.71022708475120261990e-04 	 6 4 8 3
     -1.82615958103928265619e-04 	 6 4 8 4
     -1.90899488865529725571e-04 	 6 4 8 5
     -8.21321827025754918998e-04 	 6 4 8 6
     -3.21264046259895646074e-05 	 6 4 8 7
     -8.33901673090810952038e-03 	 6 4 8 8
      4.22154675553909413625e-04 	 6 4 9 1
      7.77156257977253800938e-04 	 6 4 9 2
     -1.18894133937148647898e-04 	 6 4 9 3
      1.53492728084447718068e-03 	 6 4 9 4
      1.93020837700729700620e-03 	 6 4 9 5
     -8.72841985292510083756e-04 	 6 4 9 6
     -5.45998189825500708679e-04 	 6 4 9 7
      2.30894096258187742727e-04 	 6 4 9 8
     -5.82876995484776783130e-03 	 6 4 9 9
      2.37308761234400582285e-02 	 6 5 1 1
     -1.66850742539333856459e-04 	 6 5 2 1
     -8.90984288981090492843e-03 	 6 5 2 2
     -3.50036645445518451118e-04 	 6 5 3 1
     -1.46991359690647454411e-03 	 6 5 3 2
     -1.69020643348140355011e-02 	 6 5 3 3
     -1.57561770054781921267e-04 	 6 5 4 1
     -9.55456953980754778930e-04 	 6 5 4 2
     -1.25774845727149925043e-04 	 6 5 4 3
      1.40236543655750112158e-02 	 6 5 4 4
     -7.45284811387831539614e-03 	 6 5 5 1
     -2.78283358858100139319e-03 	 6 5 5 2
     -2.65224084321610169626e-03 	 6 5 5 3
     -4.87739079377626574829e-03 	 6 5 5 4
      2.30278730032191548960e-02 	 6 5 5 5
      3.06981271959627351545e-03 	 6 5 6 1
      3.18650322525607706398e-03 	 6 5 6 2
      1.51029969779263150559e-03 	 6 5 6 3
      3.81511400486026289181e-03 	 6 5 6 4
      2.05438726235907878626e-02 	 6 5 6 5
      1.41014278812053809459e-02 	 6 5 6 6
      3.83039293103981814619e-07 	 6 5 7 1
      9.69816687363780341111e-04 	 6 5 7 2
      2.31018423549314154582e-04 	 6 5 7 3
      1.62025126162759465845e-03 	 6 5 7 4
      4.72201922481439891055e-03 	 6 5 7 5
     -4.92235184286258023456e-03 	 6 5 7 6
      1.33115479080901481790e-02 	 6 5 7 7
      1.12399458702311505335e-04 	 6 5 8 1
      1.98228825337148613708e-03 	 6 5 8 2
     -8.76748483081292635279e-04 	 6 5 8 3
     -5.12240561408261528380e-04 	 6 5 8 4
      2.54254517535797792613e-03 	 6 5 8 5
     -1.86074881334690887986e-03 	 6 5 8 6
      9.04307413542690841524e-05 	 6 5 8 7
     -2.05391812297814821409e-02 	 6 5 8 8
      9.49315639316107378297e-04 	 6 5 9 1
      3.25161834832500204473e-03 	 6 5 9 2
      9.31228763253123445996e-04 	 6 5 9 3
      2.94136227185149952759e-03 	 6 5 9 4
      1.09110589976528782330e-02 	 6 5 9 5
     -4.77487433009350994983e-03 	 6 5 9 6
     -2.78919566123811499964e-03 	 6 5 9 7
      5.52375280347496217317e-04 	 6 5 9 8
      5.99042897013947386181e-03 	 6 5 9 9
      1.76497674272094173809e-01 	 6 6 1 1
     -1.96406994111093368555e-03 	 6 6 2 1
      2.28333143445739378263e-01 	 6 6 2 2
      2.74238892145821930649e-03 	 6 6 3 1
     -1.62590301690814496328e-03 	 6 6 3 2
      1.84548225934981935392e-01 	 6 6 3 3
      3.83829682485495229244e-03 	 6 6 4 1
      2.05236148819278128169e-03 	 6 6 4 2
      2.58266340336722657195e-03 	 6 6 4 3
      1.60927641436441726253e-01 	 6 6 4 4
      1.58997966650641325663e-03 	 6 6 5 1
      4.69332498079312859102e-03 	 6 6 5 2
      4.20745575294678014755e-03 	 6 6 5 3
      3.91678244533565263208e-03 	 6 6 5 4
      2.47134280780699572277e-01 	 6 6 5 5
      2.77906766400750791443e-03 	 6 6 6 1
     -1.38213504186660831805e-03 	 6 6 6 2
      3.65251225898467985018e-04 	 6 6 6 3
      1.98998702080944132875e-03 	 6 6 6 4
      1.41014278812054329876e-02 	 6 6 6 5
      2.98800573275701919496e-01 	 6 6 6 6
     -3.22668650300178246407e-03 	 6 6 7 1
     -3.44023476715487252706e-03 	 6 6 7 2
     -3.89968871440674351089e-03 	 6 6 7 3
     -4.47192290131912060375e-03 	 6 6 7 4
     -9.35518050642002857442e-03 	 6 6 7 5
     -2.85579135592513777206e-03 	 6 6 7 6
      1.41865568224298105315e-01 	 6 6 7 7
     -2.73494616201101639966e-03 	 6 6 8 1
      3.60417029641455421637e-03 	 6 6 8 2
     -4.03053293121586209830e-03 	 6 6 8 3
     -4.68223418859400886127e-03 	 6 6 8 4
     -8.94435514632930910028e-03 	 6 6 8 5
     -9.65265148193114770614e-03 	 6 6 8 6
      6.72312139071856197658e-03 	 6 6 8 7
      2.16009267838350865754e-01 	 6 6 8 8
     -7.27983152275045886787e-03 	 6 6 9 1
      2.07744459484794310620e-04 	 6 6 9 2
     -4.13937650584460681974e-03 	 6 6 9 3
     -3.25390822458649980539e-03 	 6 6 9 4
     -6.40965338817985237629e-03 	 6 6 9 5
      2.29758661654932538204e-03 	 6 6 9 6
      6.44513840340598005707e-03 	 6 6 9 7
      9.99317426128666988494e-03 	 6 6 9 8
      2.02495079338840172634e-01 	 6 6 9 9
     -3.91619013109696656461e-03 	 7 1 1 1
      2.04053943095920767856e-04 	 7 1 2 1
     -1.40170245694293087169e-03 	 7 1 2 2
     -3.41603911079467879755e-05 	 7 1 3 1
      2.71340997452138368851e-04 	 7 1 3 2
     -1.94213917595074866138e-04 	 7 1 3 3
      1.21205805506405901381e-03 	 7 1 4 1
     -1.27597426234235560754e-04 	 7 1 4 2
     -2.07705306037715491888e-04 	 7 1 4 3
      1.41810442867875471235e-03 	 7 1 4 4
     -3.17891999085108300691e-05 	 7 1 5 1
     -6.93009512701578422357e-04 	 7 1 5 2
     -3.28672160823234571752e-04 	 7 1 5 3
     -5.84879046434185769464e-04 	 7 1 5 4
     -2.98469874177958787928e-03 	 7 1 5 5
      5.19911010673518387474e-06 	 7 1 6 1
      4.74073483214962169974e-04 	 7 1 6 2
      3.66395024289423490958e-04 	 7 1 6 3
      2.67046585926522582564e-04 	 7 1 6 4
      3.83039293093665535657e-07 	 7 1 6 5
     -3.22668650300182539847e-03 	 7 1 6 6
      4.48379458546777510258e-03 	 7 1 7 1
      3.60848623380105875021e-04 	 7 1 7 2
     -2.53347044400070031548e-05 	 7 1 7 3
     -5.57418895977046741433e-04 	 7 1 7 4
      5.97516561843031737385e-05 	 7 1 7 5
      3.83277764190842777300e-04 	 7 1 7 6
     -1.02285212157826582019e-02 	 7 1 7 7
     -2.36883461076100166991e-04 	 7 1 8 1
     -1.59739520826430807764e-04 	 7 1 8 2
      2.30427611690471720231e-04 	 7 1 8 3
      3.54172707806961082830e-04 	 7 1 8 4
      5.39866841466787373595e-04 	 7 1 8 5
     -1.04363761378312885127e-04 	 7 1 8 6
     -8.53243463929198560976e-06 	 7 1 8 7
     -1.66170548477773041135e-03 	 7 1 8 8
     -1.67530348443086250570e-04 	 7 1 9 1
      1.59275241909602439071e-04 	 7 1 9 2
      1.73659943726739115274e-04 	 7 1 9 3
      2.26845033629428412128e-04 	 7 1 9 4
      8.75825287531789174397e-04 	 7 1 9 5
     -5.84526283455488715989e-04 	 7 1 9 6
      4.34289129703283624355e-04 	 7 1 9 7
     -5.87325881900842804162e-04 	 7 1 9 8
     -2.10304832550959686435e-03 	 7 1 9 9
     -1.87032225547703948032e-03 	 7 2 1 1
      8.65784256802878499039e-05 	 7 2 2 1
     -6.10224731699996345772e-05 	 7 2 2 2
     -8.51595674412470958611e-05 	 7 2 3 1
      3.17765121720628399720e-05 	 7 2 3 2
     -4.07957212979767689775e-04 	 7 2 3 3
     -2.62317237978198483563e-04 	 7 2 4 1
     -7.46836768372667429705e-04 	 7 2 4 2
     -1.23464372184235249633e-04 	 7 2 4 3
     -1.31968455577874464561e-03 	 7 2 4 4
     -1.82156371600206086524e-04 	 7 2 5 1
     -1.52918027743639004315e-03 	 7 2 5 2
     -6.24054288537602528004e-04 	 7 2 5 3
     -5.73903370716197713461e-04 	 7 2 5 4
     -2.21358007558317094673e-03 	 7 2 5 5
      1.06853338950606367025e-04 	 7 2 6 1
      1.59872928272162336157e-03 	 7 2 6 2
      4.20472346178275358311e-04 	 7 2 6 3
      8.18033975807257770618e-05 	 7 2 6 4
      9.69816687363790749452e-04 	 7 2 6 5
     -3.44023476715484607252e-03 	 7 2 6 6
      3.60848623380108639736e-04 	 7 2 7 1
      1.85569439678192845723e-03 	 7 2 7 2
     -1.05667001489086120002e-04 	 7 2 7 3
     -1.83417416973179653620e-04 	 7 2 7 4
      6.34192308066002831402e-04 	 7 2 7 5
      1.23400719360624634181e-04 	 7 2 7 6
     -6.14016383433365741523e-03 	 7 2 7 7
     -1.35435725957250063583e-04 	 7 2 8 1
      3.60232825433318202928e-05 	 7 2 8 2
      1.18752436913916305326e-04 	 7 2 8 3
      3.10961506125746788357e-04 	 7 2 8 4
      9.79733258692489731440e-04 	 7 2 8 5
     -3.98851929321506040770e-06 	 7 2 8 6
     -1.51981912540820232171e-04 	 7 2 8 7
     -2.25230202932116298220e-03 	 7 2 8 8
      4.93521187318632088663e-04 	 7 2 9 1
      6.37322922760259324287e-04 	 7 2 9 2
      3.54623933886853899035e-04 	 7 2 9 3
      4.03517523684846022691e-04 	 7 2 9 4
      1.84837581400178912507e-03 	 7 2 9 5
     -1.11256510783412296273e-03 	 7 2 9 6
     -1.44474137745649670568e-04 	 7 2 9 7
     -6.55301001269358268479e-04 	 7 2 9 8
      1.33392662131132230460e-03 	 7 2 9 9
      1.82772009667525473300e-03 	 7 3 1 1
      1.21064830220670441785e-04 	 7 3 2 1
     -3.06438293466323313785e-03 	 7 3 2 2
     -3.59887252384151533433e-04 	 7 3 3 1
      5.24092410814227751712e-05 	 7 3 3 2
      3.86390559247681234650e-03 	 7 3 3 3
     -2.12169691823624139261e-04 	 7 3 4 1
     -4.46329620100477153554e-05 	 7 3 4 2
     -4.27189746904479961381e-04 	 7 3 4 3
      7.27743241654979299655e-05 	 7 3 4 4
     -4.94914443519346952498e-04 	 7 3 5 1
     -6.35888871332369355616e-04 	 7 3 5 2
     -9.04317845920320955225e-04 	 7 3 5 3
     -1.43987020949204626427e-04 	 7 3 5 4
     -3.06192016759486949906e-03 	 7 3 5 5
      2.67004489110633498692e-04 	 7 3 6 1
      5.06740637942273866416e-04 	 7 3 6 2
      6.76120347119607795032e-04 	 7 3 6 3
      1.10750045279323430791e-04 	 7 3 6 4
      2.31018423549318979281e-04 	 7 3 6 5
     -3.89968871440673527096e-03 	 7 3 6 6
     -2.53347044400081618958e-05 	 7 3 7 1
     -1.05667001489085754084e-04 	 7 3 7 2
      6.21407163903424613997e-04 	 7 3 7 3
      5.68002546653097206177e-04 	 7 3 7 4
      9.38655590578136786450e-04 	 7 3 7 5
     -6.85015512854350106312e-04 	 7 3 7 6
      8.88345944571429166348e-03 	 7 3 7 7
      3.04351140635519790915e-04 	 7 3 8 1
      2.58704366897889682583e-04 	 7 3 8 2
     -2.72982064554831433800e-05 	 7 3 8 3
      4.43638395741575682421e-04 	 7 3 8 4
      1.21593053407423844214e-03 	 7 3 8 5
      5.58625124952688670603e-05 	 7 3 8 6
     -6.22098727691069910278e-04 	 7 3 8 7
     -2.96871316240365215253e-03 	 7 3 8 8
      3.69059703120977326048e-04 	 7 3 9 1
      1.55636520640168549449e-04 	 7 3 9 2
      5.92588094959787441487e-04 	 7 3 9 3
      1.06447347159532260553e-04 	 7 3 9 4
      5.81004370665743306856e-04 	 7 3 9 5
     -8.56624162319514874386e-04 	 7 3 9 6
     -8.64229189411668528333e-04 	 7 3 9 7
     -8.92550330879515393945e-04 	 7 3 9 8
     -7.47154813010726323586e-04 	 7 3 9 9
      1.81423292655375385796e-02 	 7 4 1 1
     -1.77259303565812818479e-04 	 7 4 2 1
     -5.85659868602496358481e-03 	 7 4 2 2
     -4.47414572362674599088e-04 	 7 4 3 1
     -4.34653992409890011558e-04 	 7 4 3 2
     -5.26105230449565742373e-03 	 7 4 3 3
      6.11872848169716277052e-04 	 7 4 4 1
      1.74102960140681595246e-04 	 7 4 4 2
     -4.17815336547397192957e-04 	 7 4 4 3
      2.23551460339207058725e-02 	 7 4 4 4
     -2.59503992499876458971e-03 	 7 4 5 1
     -7.26496853929599426675e-04 	 7 4 5 2
     -3.77106603862967704101e-04 	 7 4 5 3
     -1.42582402945740766530e-03 	 7 4 5 4
     -2.29220289126615866040e-03 	 7 4 5 5
      8.35589936051389149153e-04 	 7 4 6 1
      4.40729397550289130839e-04 	 7 4 6 2
      1.08497202690570587313e-04 	 7 4 6 3
      1.43525356830194027874e-03 	 7 4 6 4
      1.62025126162760571731e-03 	 7 4 6 5
     -4.47192290131910585860e-03 	 7 4 6 6
     -5.57418895977044789869e-04 	 7 4 7 1
     -1.83417416973179436780e-04 	 7 4 7 2
      5.68002546653095905134e-04 	 7 4 7 3
      2.30555209675742216191e-03 	 7 4 7 4
      1.52411925525874794411e-03 	 7 4 7 5
     -1.62285151134547661958e-03 	 7 4 7 6
      2.25128499718299894539e-02 	 7 4 7 7
      1.04536509342323673429e-03 	 7 4 8 1
      5.77182047309768059447e-04 	 7 4 8 2
     -3.58745917968722853879e-05 	 7 4 8 3
     -1.38567349722145628159e-05 	 7 4 8 4
      6.14180253918340216153e-04 	 7 4 8 5
      2.33478679050036188247e-04 	 7 4 8 6
     -6.06625147547507916589e-04 	 7 4 8 7
     -7.35120584977025284118e-03 	 7 4 8 8
      7.65885690892139075342e-04 	 7 4 9 1
      5.36899375792880832921e-04 	 7 4 9 2
      1.02751960557741643166e-04 	 7 4 9 3
      1.52128365475305928935e-03 	 7 4 9 4
      1.59743532791205354419e-03 	 7 4 9 5
     -2.97080503201081411180e-04 	 7 4 9 6
     -1.58825306914633598322e-03 	 7 4 9 7
     -1.07059754206925231428e-04 	 7 4 9 8
     -4.02327856017752321510e-03 	 7 4 9 9
      9.69951162902407161559e-03 	 7 5 1 1
     -1.07084666933799561883e-04 	 7 5 2 1
     -6.68938579994363038267e-03 	 7 5 2 2
     -5.43141017531149623669e-04 	 7 5 3 1
     -5.69228548075313464769e-05 	 7 5 3 2
     -4.48246055283278276721e-03 	 7 5 3 3
     -7.55291671448418732229e-04 	 7 5 4 1
     -6.05368440672577213385e-04 	 7 5 4 2
     -3.50034592639896023191e-04 	 7 5 4 3
      3.00929601764976214009e-03 	 7 5 4 4
     -3.27564858905848117418e-03 	 7 5 5 1
     -3.06087825679086933395e-03 	 7 5 5 2
     -2.03635054302727996553e-03 	 7 5 5 3
     -2.54501392205414836076e-03 	 7 5 5 4
      2.42054582809218734457e-03 	 7 5 5 5
      5.00675926318406541889e-04 	 7 5 6 1
      2.27575329404754991489e-03 	 7 5 6 2
      5.40429666125330173711e-04 	 7 5 6 3
      7.12730208328276248694e-04 	 7 5 6 4
      4.72201922481437896123e-03 	 7 5 6 5
     -9.35518050642003898276e-03 	 7 5 6 6
      5.97516561843023402581e-05 	 7 5 7 1
      6.34192308066002939822e-04 	 7 5 7 2
      9.38655590578138087493e-04 	 7 5 7 3
      1.52411925525874512519e-03 	 7 5 7 4
      4.19633599637695905993e-03 	 7 5 7 5
     -2.00941561245518559783e-03 	 7 5 7 6
      2.33854539655420010091e-02 	 7 5 7 7
      6.31298807991409645368e-04 	 7 5 8 1
      1.21312373247449900235e-03 	 7 5 8 2
      3.30265411016307248570e-04 	 7 5 8 3
      5.41940150796484977624e-04 	 7 5 8 4
      3.48800535660065804192e-03 	 7 5 8 5
      4.50236658934885622570e-04 	 7 5 8 6
     -1.33295933018978208021e-03 	 7 5 8 7
     -1.01856470347276521077e-02 	 7 5 8 8
      1.31611493394956239125e-03 	 7 5 9 1
      1.51096771797277736396e-03 	 7 5 9 2
      1.05883294887065848057e-03 	 7 5 9 3
      1.53672452930471220220e-03 	 7 5 9 4
      5.79179541982864816430e-03 	 7 5 9 5
     -2.73241704569329420596e-03 	 7 5 9 6
     -2.76015417383926537145e-03 	 7 5 9 7
     -1.26630787519085310187e-03 	 7 5 9 8
      1.91495142561788362495e-03 	 7 5 9 9
     -1.04317706375930911028e-02 	 7 6 1 1
      2.82482897809319446201e-05 	 7 6 2 1
      5.83230395448850694878e-03 	 7 6 2 2
      3.43454987830952868794e-04 	 7 6 3 1
      5.17764636842845044941e-04 	 7 6 3 2
      6.17427376522116429930e-03 	 7 6 3 3
      1.65694606871352083724e-04 	 7 6 4 1
      1.77439748559873015791e-04 	 7 6 4 2
      1.88830433155409319968e-04 	 7 6 4 3
     -6.01345473025488921892e-03 	 7 6 4 4
      1.88648988997952397895e-03 	 7 6 5 1
      1.28777466168406734028e-03 	 7 6 5 2
      4.98849060335867047246e-04 	 7 6 5 3
      1.13583274630282859453e-03 	 7 6 5 4
      1.23589713657133596150e-03 	 7 6 5 5
     -1.66656146520444289026e-03 	 7 6 6 1
     -1.09898925208001081374e-03 	 7 6 6 2
     -9.26303276921384977083e-04 	 7 6 6 3
     -1.78968684859695048930e-03 	 7 6 6 4
     -4.92235184286258890818e-03 	 7 6 6 5
     -2.85579135592522190615e-03 	 7 6 6 6
      3.83277764190829278983e-04 	 7 6 7 1
      1.23400719360629540196e-04 	 7 6 7 2
     -6.85015512854348805269e-04 	 7 6 7 3
     -1.62285151134547466802e-03 	 7 6 7 4
     -2.00941561245518819992e-03 	 7 6 7 5
      3.44359873987015556451e-03 	 7 6 7 6
     -2.72892250322879018065e-02 	 7 6 7 7
     -4.54457887868071831912e-04 	 7 6 8 1
     -7.41945598472977269761e-04 	 7 6 8 2
      2.06361822047367282065e-04 	 7 6 8 3
     -2.81993940042188779823e-05 	 7 6 8 4
     -3.00244084810989035964e-04 	 7 6 8 5
      1.20241776490701154055e-03 	 7 6 8 6
      5.84492413756200132613e-04 	 7 6 8 7
      9.36570488392361039098e-03 	 7 6 8 8
     -7.85756663087375348438e-04 	 7 6 9 1
     -1.00972446527970347550e-03 	 7 6 9 2
     -2.63390365554111189218e-04 	 7 6 9 3
     -8.20939627374604003959e-04 	 7 6 9 4
     -2.60244298455996692435e-03 	 7 6 9 5
      1.78296489100482086904e-03 	 7 6 9 6
      1.94103252114534267914e-03 	 7 6 9 7
      1.31838056794150281902e-04 	 7 6 9 8
      3.79994746100199712671e-03 	 7 6 9 9
      3.30858511894827345134e-01 	 7 7 1 1
     -2.98554347621803007826e-03 	 7 7 2 1
      1.46706279707028125481e-01 	 7 7 2 2
     -2.34389132129667662058e-03 	 7 7 3 1
     -3.95298579418098313537e-03 	 7 7 3 2
      1.11459420205882467347e-01 	 7 7 3 3
     -1.95266778858010437228e-03 	 7 7 4 1
     -3.20195729218035354639e-04 	 7 7 4 2
     -1.02898334732917277152e-04 	 7 7 4 3
      2.14713824605174880000e-01 	 7 7 4 4
     -2.09569732766982895489e-02 	 7 7 5 1
     -5.70932672831582152528e-03 	 7 7 5 2
     -1.94721753700865954709e-03 	 7 7 5 3
     -4.94594616420693158204e-03 	 7 7 5 4
      1.77815291056329094488e-01 	 7 7 5 5
      3.38452292749373811337e-03 	 7 7 6 1
      5.28880357832731129442e-03 	 7 7 6 2
     -2.18023768025768808695e-03 	 7 7 6 3
      3.85200071327521965936e-03 	 7 7 6 4
      1.33115479080901672609e-02 	 7 7 6 5
      1.41865568224298077560e-01 	 7 7 6 6
     -1.02285212157826356505e-02 	 7 7 7 1
     -6.14016383433366695621e-03 	 7 7 7 2
      8.88345944571430033709e-03 	 7 7 7 3
      2.25128499718299790455e-02 	 7 7 7 4
      2.33854539655420322342e-02 	 7 7 7 5
     -2.72892250322878289481e-02 	 7 7 7 6
      6.78399162636318830977e-01 	 7 7 7 7
      7.77940358668066482550e-03 	 7 7 8 1
      6.88427244317561283504e-03 	 7 7 8 2
     -2.81895445345710241383e-03 	 7 7 8 3
     -1.91060399319240513914e-03 	 7 7 8 4
      1.78081685259623141541e-03 	 7 7 8 5
      2.50479839970681227371e-03 	 7 7 8 6
     -7.85089679818253179111e-03 	 7 7 8 7
      1.18887826171081650850e-01 	 7 7 8 8
      6.39360172429376261150e-03 	 7 7 9 1
      4.13124730514986739788e-03 	 7 7 9 2
      3.76906194268212017210e-04 	 7 7 9 3
      7.36002478892484879314e-03 	 7 7 9 4
      1.30849038927215409467e-02 	 7 7 9 5
     -7.74005961458809946772e-04 	 7 7 9 6
     -2.69328082066696075647e-02 	 7 7 9 7
      4.27678323000954801331e-03 	 7 7 9 8
      1.68497517897876897264e-01 	 7 7 9 9
      1.91742793791877634557e-02 	 8 1 1 1
     -3.19348395909650198130e-06 	 8 1 2 1
     -3.56290783121933612304e-03 	 8 1 2 2
     -4.23917317011444439237e-04 	 8 1 3 1
     -1.35805864945704271064e-04 	 8 1 3 2
      1.07372726457843296194e-03 	 8 1 3 3
      1.81632397036416939244e-04 	 8 1 4 1
      1.95091307822610113536e-04 	 8 1 4 2
     -2.40163024032631351300e-04 	 8 1 4 3
      8.06462271226977486793e-03 	 8 1 4 4
     -2.05361072177923185272e-03 	 8 1 5 1
     -1.62970996415307136469e-04 	 8 1 5 2
     -3.33402403462900408498e-04 	 8 1 5 3
     -3.86969634570225116520e-04 	 8 1 5 4
     -1.16124239741097852116e-03 	 8 1 5 5
      7.07845384601068464310e-04 	 8 1 6 1
     -1.07687703815800549256e-04 	 8 1 6 2
     -9.35923856063165251432e-05 	 8 1 6 3
      4.64159392310946274009e-04 	 8 1 6 4
      1.12399458702320382240e-04 	 8 1 6 5
     -2.73494616201105803302e-03 	 8 1 6 6
     -2.36883461076101739084e-04 	 8 1 7 1
     -1.35435725957248898066e-04 	 8 1 7 2
      3.04351140635520820907e-04 	 8 1 7 3
      1.04536509342323738481e-03 	 8 1 7 4
      6.31298807991401405432e-04 	 8 1 7 5
     -4.54457887868083649716e-04 	 8 1 7 6
      7.77940358668068304010e-03 	 8 1 7 7
      2.21709530924701437096e-03 	 8 1 8 1
      1.19923947851880558207e-04 	 8 1 8 2
      6.49070959878632271385e-04 	 8 1 8 3
      1.51621166318534794822e-04 	 8 1 8 4
      1.79667328152192115956e-03 	 8 1 8 5
     -1.25586230340672612600e-03 	 8 1 8 6
     -5.37127352516756110742e-04 	 8 1 8 7
      5.00973924851691107540e-03 	 8 1 8 8
      5.40323326833981208359e-04 	 8 1 9 1
      1.94434756995571209927e-04 	 8 1 9 2
      2.53261751511819584778e-04 	 8 1 9 3
      4.17749609088879458960e-04 	 8 1 9 4
      1.62962864498804549341e-04 	 8 1 9 5
     -2.00164638358440289366e-04 	 8 1 9 6
     -6.80392395693051716364e-04 	 8 1 9 7
     -7.63597639397927264830e-04 	 8 1 9 8
     -1.80447361171532077301e-03 	 8 1 9 9
      8.23459267718095605515e-03 	 8 2 1 1
     -1.06075726987863924733e-03 	 8 2 2 1
      9.64384683563511012523e-04 	 8 2 2 2
     -3.39100930983360284322e-04 	 8 2 3 1
     -3.94599627735091156022e-04 	 8 2 3 2
      7.58415204684661278106e-03 	 8 2 3 3
      2.10036119720942990926e-04 	 8 2 4 1
      1.72376177013239750228e-04 	 8 2 4 2
     -1.63301503016405140899e-04 	 8 2 4 3
      7.06019139127832956460e-03 	 8 2 4 4
     -1.58651967239920163241e-03 	 8 2 5 1
     -1.86110569735674379922e-03 	 8 2 5 2
     -8.79976391935131788992e-04 	 8 2 5 3
     -7.24276478796566781752e-04 	 8 2 5 4
      5.32680767164531339397e-03 	 8 2 5 5
      2.02663707333812081069e-04 	 8 2 6 1
      1.22990294437202237095e-03 	 8 2 6 2
      2.75558959925198702825e-04 	 8 2 6 3
      4.16559270748365886774e-04 	 8 2 6 4
      1.98228825337149481070e-03 	 8 2 6 5
      3.60417029641458630876e-03 	 8 2 6 6
     -1.59739520826443899505e-04 	 8 2 7 1
      3.60232825433137547741e-05 	 8 2 7 2
      2.58704366897886429977e-04 	 8 2 7 3
      5.77182047309768059447e-04 	 8 2 7 4
      1.21312373247447905303e-03 	 8 2 7 5
     -7.41945598472958296223e-04 	 8 2 7 6
      6.88427244317560676351e-03 	 8 2 7 7
      1.19923947851900873445e-04 	 8 2 8 1
      6.79262574231221868959e-03 	 8 2 8 2
      5.35525659175668415158e-05 	 8 2 8 3
      3.78041875842862395637e-04 	 8 2 8 4
      2.06117670562369235607e-03 	 8 2 8 5
      5.36557991590216193378e-04 	 8 2 8 6
     -3.42395675419499955633e-04 	 8 2 8 7
     -5.52579147206346758380e-05 	 8 2 8 8
     -4.72708775417227797439e-05 	 8 2 9 1
      1.63567806229712774460e-03 	 8 2 9 2
      4.53899602819404811901e-04 	 8 2 9 3
      6.95321699561205234727e-04 	 8 2 9 4
      1.53243642021418449706e-03 	 8 2 9 5
     -1.42084277039095162147e-03 	 8 2 9 6
     -9.81581355687252254255e-04 	 8 2 9 7
     -3.97407389647805894643e-04 	 8 2 9 8
      6.59884627238141278915e-03 	 8 2 9 9
     -3.62330407410325992107e-03 	 8 3 1 1
     -6.51662200378440845984e-05 	 8 3 2 1
     -1.40958348747540840665e-03 	 8 3 2 2
      2.46071118647424041546e-05 	 8 3 3 1
      9.96018010775699333403e-04 	 8 3 3 2
      5.92644276177465689076e-03 	 8 3 3 3
     -2.19062687365192878403e-04 	 8 3 4 1
      7.81455252402912743702e-05 	 8 3 4 2
      7.24094923300424176543e-04 	 8 3 4 3
     -3.45360240764125804927e-03 	 8 3 4 4
      3.09205173529307193823e-04 	 8 3 5 1
     -5.93015228779648993079e-04 	 8 3 5 2
      2.22031110387954817853e-03 	 8 3 5 3
      8.42413840893914449759e-05 	 8 3 5 4
     -4.36816374537343614370e-03 	 8 3 5 5
     -1.25305118546487060088e-04 	 8 3 6 1
      1.87367631616866444624e-04 	 8 3 6 2
     -1.58023988246198173607e-04 	 8 3 6 3
     -1.71022708475117903850e-04 	 8 3 6 4
     -8.76748483081290358454e-04 	 8 3 6 5
     -4.03053293121591240528e-03 	 8 3 6 6
      2.30427611690475216783e-04 	 8 3 7 1
      1.18752436913911941412e-04 	 8 3 7 2
     -2.72982064554841056094e-05 	 8 3 7 3
     -3.58745917968763782511e-05 	 8 3 7 4
      3.30265411016312723791e-04 	 8 3 7 5
      2.06361822047376362258e-04 	 8 3 7 6
     -2.81895445345709894439e-03 	 8 3 7 7
      6.49070959878620778842e-04 	 8 3 8 1
      5.35525659175573682993e-05 	 8 3 8 2
      4.29915767338649983803e-03 	 8 3 8 3
      5.38656002015200927394e-04 	 8 3 8 4
      1.80675711586143652836e-03 	 8 3 8 5
     -1.10291854323210170366e-03 	 8 3 8 6
     -5.95106849429432802068e-04 	 8 3 8 7
      6.58166662083004699868e-03 	 8 3 8 8
      1.73139200184134673700e-04 	 8 3 9 1
     -3.20675001309011874348e-05 	 8 3 9 2
     -1.76257378263122710393e-03 	 8 3 9 3
     -1.68347280188450463753e-04 	 8 3 9 4
     -3.25758695992936183391e-04 	 8 3 9 5
     -1.04253744358131497302e-03 	 8 3 9 6
     -1.90131600821871786988e-04 	 8 3 9 7
     -1.78922837623338572104e-03 	 8 3 9 8
     -1.01478398299326188006e-03 	 8 3 9 9
     -3.08205920207496163882e-03 	 8 4 1 1
      2.26949033737650502631e-04 	 8 4 2 1
     -3.29531318559746384811e-03 	 8 4 2 2
     -3.56816126818355330505e-04 	 8 4 3 1
      4.47281975966792844611e-04 	 8 4 3 2
      9.00969798640656460709e-03 	 8 4 3 3
     -4.00719769910496491209e-05 	 8 4 4 1
      1.34268139884636666112e-04 	 8 4 4 2
     -3.61294962949388590197e-04 	 8 4 4 3
     -5.03463679339500366078e-03 	 8 4 4 4
      1.55658870119319077581e-04 	 8 4 5 1
     -6.21136242773936693255e-04 	 8 4 5 2
     -7.66563911395872236640e-04 	 8 4 5 3
      3.01304633292149583700e-04 	 8 4 5 4
     -4.19489009780072211186e-03 	 8 4 5 5
      1.78355317427004626081e-04 	 8 4 6 1
      4.91211560490959061806e-04 	 8 4 6 2
      6.73449892939996367681e-04 	 8 4 6 3
     -1.82615958103925826164e-04 	 8 4 6 4
     -5.12240561408273779864e-04 	 8 4 6 5
     -4.68223418859400452446e-03 	 8 4 6 6
      3.54172707806963251234e-04 	 8 4 7 1
      3.10961506125740879455e-04 	 8 4 7 2
      4.43638395741575357160e-04 	 8 4 7 3
     -1.38567349722170818919e-05 	 8 4 7 4
      5.41940150796483242901e-04 	 8 4 7 5
     -2.81993940042095945012e-05 	 8 4 7 6
     -1.91060399319240015181e-03 	 8 4 7 7
      1.51621166318533602199e-04 	 8 4 8 1
      3.78041875842878170779e-04 	 8 4 8 2
      5.38656002015190410633e-04 	 8 4 8 3
      1.14110529159225631418e-03 	 8 4 8 4
      2.36215779487895707195e-03 	 8 4 8 5
     -3.41813241753786262438e-04 	 8 4 8 6
     -8.23501083366965161425e-04 	 8 4 8 7
     -2.58330882733700216425e-03 	 8 4 8 8
      2.38084269807020237593e-04 	 8 4 9 1
     -1.05021483739213070531e-04 	 8 4 9 2
      5.74283260762028157850e-04 	 8 4 9 3
     -3.54671604382627745581e-04 	 8 4 9 4
     -1.33189959499798978373e-04 	 8 4 9 5
     -1.30577779904120987002e-03 	 8 4 9 6
     -3.72405070910723659614e-04 	 8 4 9 7
     -2.09308223151796497091e-03 	 8 4 9 8
      4.57693957893523788606e-04 	 8 4 9 9
      3.28388482598906093768e-03 	 8 5 1 1
      4.02835076450693934909e-05 	 8 5 2 1
     -9.14540831573982040958e-03 	 8 5 2 2
     -1.04163218923016172301e-03 	 8 5 3 1
      5.33257616078170446940e-04 	 8 5 3 2
      2.65332004965612329450e-02 	 8 5 3 3
     -2.98717047796909381235e-04 	 8 5 4 1
     -1.25636938811284098365e-04 	 8 5 4 2
     -9.11771240976463307089e-04 	 8 5 4 3
     -3.35216327417210636832e-04 	 8 5 4 4
     -3.22724559791055885111e-03 	 8 5 5 1
     -1.80745264111426538235e-03 	 8 5 5 2
     -3.51539212263306689171e-03 	 8 5 5 3
     -1.17661526117474979185e-03 	 8 5 5 4
      5.15115695166112712300e-03 	 8 5 5 5
      1.07583158355511676542e-04 	 8 5 6 1
      1.84763305109546726798e-03 	 8 5 6 2
      1.27379978377472734968e-03 	 8 5 6 3
     -1.90899488865533195018e-04 	 8 5 6 4
      2.54254517535797272196e-03 	 8 5 6 5
     -8.94435514632937328505e-03 	 8 5 6 6
      5.39866841466788566217e-04 	 8 5 7 1
      9.79733258692485611471e-04 	 8 5 7 2
      1.21593053407423735794e-03 	 8 5 7 3
      6.14180253918340432993e-04 	 8 5 7 4
      3.48800535660065153670e-03 	 8 5 7 5
     -3.00244084810998305892e-04 	 8 5 7 6
      1.78081685259623445118e-03 	 8 5 7 7
      1.79667328152192874897e-03 	 8 5 8 1
      2.06117670562368064668e-03 	 8 5 8 2
      1.80675711586144715354e-03 	 8 5 8 3
      2.36215779487895403618e-03 	 8 5 8 4
      1.06344659407536165641e-02 	 8 5 8 5
     -1.46267188667866562639e-03 	 8 5 8 6
     -2.13083451620629110712e-03 	 8 5 8 7
      5.52806507501272430607e-04 	 8 5 8 8
      1.22091223375223544532e-04 	 8 5 9 1
      7.71185105992112950903e-04 	 8 5 9 2
      1.71531768755366965419e-03 	 8 5 9 3
      1.00287686668038250170e-05 	 8 5 9 4
      3.48048968432103280474e-03 	 8 5 9 5
     -4.23466979566395305967e-03 	 8 5 9 6
     -1.79250545646189303299e-03 	 8 5 9 7
     -5.30263526601915460845e-03 	 8 5 9 8
      8.63293214726621772892e-03 	 8 5 9 9
      2.30891341423248739814e-03 	 8 6 1 1
     -1.22764993516120561644e-04 	 8 6 2 1
     -1.12450689945459668395e-03 	 8 6 2 2
     -1.14810780876443741015e-04 	 8 6 3 1
     -2.07776250016014284140e-05 	 8 6 3 2
     -1.63470734727739477540e-03 	 8 6 3 3
     -4.06455620916088615989e-05 	 8 6 4 1
     -8.92299469479035497945e-05 	 8 6 4 2
      8.03838237538258997862e-05 	 8 6 4 3
      1.35730022841011278227e-05 	 8 6 4 4
     -6.59407176006481399871e-04 	 8 6 5 1
     -5.29364678702866242490e-05 	 8 6 5 2
     -2.51417978505254940177e-04 	 8 6 5 3
     -1.53920956328957529019e-04 	 8 6 5 4
     -7.06713376828348237117e-04 	 8 6 5 5
     -9.58730142066713947324e-04 	 8 6 6 1
      2.72961653142430877694e-04 	 8 6 6 2
     -7.13213269422245449078e-04 	 8 6 6 3
     -8.21321827025753617955e-04 	 8 6 6 4
     -1.86074881334685054979e-03 	 8 6 6 5
     -9.65265148193117372699e-03 	 8 6 6 6
     -1.04363761378279573016e-04 	 8 6 7 1
     -3.98851929319555154486e-06 	 8 6 7 2
      5.58625124952702832993e-05 	 8 6 7 3
      2.33478679050031390652e-04 	 8 6 7 4
      4.50236658934937393223e-04 	 8 6 7 5
      1.20241776490701240791e-03 	 8 6 7 6
      2.50479839970684826922e-03 	 8 6 7 7
     -1.25586230340672742704e-03 	 8 6 8 1
      5.36557991590170656887e-04 	 8 6 8 2
     -1.10291854323208457327e-03 	 8 6 8 3
     -3.41813241753780516167e-04 	 8 6 8 4
     -1.46267188667865348332e-03 	 8 6 8 5
      6.81116625379782434507e-03 	 8 6 8 6
      6.27293020015677604828e-04 	 8 6 8 7
     -1.60682102797732942467e-02 	 8 6 8 8
      1.33934886294256812233e-04 	 8 6 9 1
     -1.26279979239989580391e-04 	 8 6 9 2
     -2.29336827100271587517e-04 	 8 6 9 3
      3.19654816583071993506e-04 	 8 6 9 4
      3.63873392926406490078e-04 	 8 6 9 5
      6.23358809829047642859e-04 	 8 6 9 6
     -3.62640731732638413928e-04 	 8 6 9 7
      8.87583715409982179807e-04 	 8 6 9 8
      3.21504002201029306582e-03 	 8 6 9 9
     -1.46498974630096838109e-03 	 8 7 1 1
     -9.91687794811609290039e-05 	 8 7 2 1
      3.08585411138510672113e-03 	 8 7 2 2
      3.55074146367136112522e-04 	 8 7 3 1
     -3.73520513232368728609e-04 	 8 7 3 2
     -2.87320455185298157669e-03 	 8 7 3 3
      4.11658469475748337810e-04 	 8 7 4 1
      1.37627434822958511764e-04 	 8 7 4 2
      3.25143701261054935726e-04 	 8 7 4 3
      3.95710044244639111855e-04 	 8 7 4 4
      5.13949283318634376518e-04 	 8 7 5 1
      1.39118454024875258870e-03 	 8 7 5 2
      7.84312605143840861459e-04 	 8 7 5 3
      3.39616153183813448448e-04 	 8 7 5 4
      4.93120676191224904805e-03 	 8 7 5 5
     -1.52655995850642232274e-04 	 8 7 6 1
     -9.29117532078699705049e-04 	 8 7 6 2
     -4.21592728919497011873e-04 	 8 7 6 3
     -3.21264046259912654496e-05 	 8 7 6 4
      9.04307413542824604967e-05 	 8 7 6 5
      6.72312139071857065020e-03 	 8 7 6 6
     -8.53243463929216179261e-06 	 8 7 7 1
     -1.51981912540814919580e-04 	 8 7 7 2
     -6.22098727691068609236e-04 	 8 7 7 3
     -6.06625147547506940807e-04 	 8 7 7 4
     -1.33295933018977774340e-03 	 8 7 7 5
      5.84492413756191458996e-04 	 8 7 7 6
     -7.85089679818254046473e-03 	 8 7 7 7
     -5.37127352516753725498e-04 	 8 7 8 1
     -3.42395675419516977607e-04 	 8 7 8 2
     -5.95106849429425863174e-04 	 8 7 8 3
     -8.23501083366965486686e-04 	 8 7 8 4
     -2.13083451620628807135e-03 	 8 7 8 5
      6.27293020015684868983e-04 	 8 7 8 6
      1.18427596837015190225e-03 	 8 7 8 7
      1.21201941989043725061e-03 	 8 7 8 8
     -6.65630092232771613213e-04 	 8 7 9 1
     -2.90330506423465601901e-04 	 8 7 9 2
     -6.14325457253191240664e-04 	 8 7 9 3
     -3.27174458180461190729e-04 	 8 7 9 4
     -1.14000371362278076978e-03 	 8 7 9 5
      1.21002636005812080205e-03 	 8 7 9 6
      1.11809152327633446605e-03 	 8 7 9 7
      1.65679822688598278255e-03 	 8 7 9 8
      4.23127718254581492059e-04 	 8 7 9 9
      1.35193454233037801959e-01 	 8 8 1 1
     -3.02055404642755142078e-03 	 8 8 2 1
      2.53941395570229211387e-01 	 8 8 2 2
      3.17295807458656828684e-03 	 8 8 3 1
      4.08970131361241495682e-03 	 8 8 3 2
      2.16169355917585931381e-01 	 8 8 3 3
      1.01954296322780873021e-03 	 8 8 4 1
      2.64486451323573627109e-03 	 8 8 4 2
      2.35475023308102287059e-03 	 8 8 4 3
      1.17389509233472827399e-01 	 8 8 4 4
      1.15107647272448838233e-02 	 8 8 5 1
      7.88478442030440254337e-04 	 8 8 5 2
      5.48141441188575162524e-03 	 8 8 5 3
      8.92256841266477092323e-03 	 8 8 5 4
      2.06093883927957577384e-01 	 8 8 5 5
     -8.17007358410618694800e-03 	 8 8 6 1
     -1.04684393693721844876e-04 	 8 8 6 2
     -5.57909363037823423370e-03 	 8 8 6 3
     -8.33901673090802451893e-03 	 8 8 6 4
     -2.05391812297815203048e-02 	 8 8 6 5
      2.16009267838350810242e-01 	 8 8 6 6
     -1.66170548477770677574e-03 	 8 8 7 1
     -2.25230202932113566031e-03 	 8 8 7 2
     -2.96871316240363654002e-03 	 8 8 7 3
     -7.35120584977024503492e-03 	 8 8 7 4
     -1.01856470347276330257e-02 	 8 8 7 5
      9.36570488392356528817e-03 	 8 8 7 6
      1.18887826171081595339e-01 	 8 8 7 7
      5.00973924851682694132e-03 	 8 8 8 1
     -5.52579147206261309696e-05 	 8 8 8 2
      6.58166662083002271255e-03 	 8 8 8 3
     -2.58330882733694405101e-03 	 8 8 8 4
      5.52806507501197837498e-04 	 8 8 8 5
     -1.60682102797733948607e-02 	 8 8 8 6
      1.21201941989037588476e-03 	 8 8 8 7
      3.70824773952101005570e-01 	 8 8 8 8
     -6.27370662930202410701e-03 	 8 8 9 1
     -1.42483855862888348850e-03 	 8 8 9 2
     -3.60585532952179162181e-03 	 8 8 9 3
     -6.09232515031102057207e-03 	 8 8 9 4
     -1.64955929704133502645e-02 	 8 8 9 5
      7.59674349657633255634e-03 	 8 8 9 6
      7.43739084171503479770e-03 	 8 8 9 7
      3.80421387764328473510e-03 	 8 8 9 8
      2.05554945660827825815e-01 	 8 8 9 9
      8.28692810977366481340e-03 	 9 1 1 1
      2.10360727422901304644e-04 	 9 1 2 1
     -3.13985381006168630738e-03 	 9 1 2 2
     -3.21754581012499826700e-04 	 9 1 3 1
      1.69634932409902918025e-04 	 9 1 3 2
     -6.65854583495349098415e-03 	 9 1 3 3
     -2.37819738554027133772e-04 	 9 1 4 1
     -4.19402754578228440397e-04 	 9 1 4 2
     -1.91614474724458391406e-04 	 9 1 4 3
      2.61753530150865814513e-03 	 9 1 4 4
     -1.30053224629809419284e-04 	 9 1 5 1
     -1.54259415327276405185e-03 	 9 1 5 2
     -3.86866022346000516807e-04 	 9 1 5 3
     -8.08479438800383150288e-04 	 9 1 5 4
     -6.56901031626045718570e-03 	 9 1 5 5
      8.33245772533356765868e-04 	 9 1 6 1
      1.17188602436665866881e-03 	 9 1 6 2
      2.99854670308698527045e-04 	 9 1 6 3
      4.22154675553915647787e-04 	 9 1 6 4
      9.49315639316125918154e-04 	 9 1 6 5
     -7.27983152275049356233e-03 	 9 1 6 6
     -1.67530348443066924666e-04 	 9 1 7 1
      4.93521187318632305503e-04 	 9 1 7 2
      3.69059703120979277612e-04 	 9 1 7 3
      7.65885690892128883842e-04 	 9 1 7 4
      1.31611493394957540168e-03 	 9 1 7 5
     -7.85756663087362988533e-04 	 9 1 7 6
      6.39360172429374613162e-03 	 9 1 7 7
      5.40323326833970800018e-04 	 9 1 8 1
     -4.72708775417061372406e-05 	 9 1 8 2
      1.73139200184125701927e-04 	 9 1 8 3
      2.38084269807036636151e-04 	 9 1 8 4
      1.22091223375208501227e-04 	 9 1 8 5
      1.33934886294203415276e-04 	 9 1 8 6
     -6.65630092232783431017e-04 	 9 1 8 7
     -6.27370662930207181190e-03 	 9 1 8 8
      2.02880032208163163868e-03 	 9 1 9 1
      4.47848835706180295468e-04 	 9 1 9 2
      6.73305313809833823162e-04 	 9 1 9 3
      1.35743508034848474504e-03 	 9 1 9 4
      2.67483184554099260102e-03 	 9 1 9 5
     -1.30581126752938756971e-03 	 9 1 9 6
     -1.31722061263156247322e-03 	 9 1 9 7
     -6.55643682946041215197e-04 	 9 1 9 8
      1.93987909862100159526e-03 	 9 1 9 9
      5.36123137211866676588e-03 	 9 2 1 1
     -3.93035885839010563914e-04 	 9 2 2 1
     -1.08111040240231842495e-03 	 9 2 2 2
     -1.39949108958094009959e-04 	 9 2 3 1
     -6.06383012054487343344e-04 	 9 2 3 2
     -4.82264594215084992784e-03 	 9 2 3 3
     -8.66455232243725550481e-05 	 9 2 4 1
     -3.39985888091995673219e-04 	 9 2 4 2
     -1.27595901749186051155e-04 	 9 2 4 3
      4.93822390649862903028e-03 	 9 2 4 4
     -1.35987439681499499081e-03 	 9 2 5 1
     -1.65933202003960898578e-03 	 9 2 5 2
     -7.17694711345854890680e-04 	 9 2 5 3
     -1.45518548992008421757e-03 	 9 2 5 4
      7.40606707453635377050e-04 	 9 2 5 5
      4.83692130855432531316e-04 	 9 2 6 1
      1.79197578640774113183e-03 	 9 2 6 2
      7.02208781997633730817e-05 	 9 2 6 3
      7.77156257977243934698e-04 	 9 2 6 4
      3.25161834832501332043e-03 	 9 2 6 5
      2.07744459484874595791e-04 	 9 2 6 6
      1.59275241909588127602e-04 	 9 2 7 1
      6.37322922760254662218e-04 	 9 2 7 2
      1.55636520640165920259e-04 	 9 2 7 3
      5.36899375792887121293e-04 	 9 2 7 4
      1.51096771797276673878e-03 	 9 2 7 5
     -1.00972446527970889651e-03 	 9 2 7 6
      4.13124730514986306107e-03 	 9 2 7 7
      1.94434756995584193248e-04 	 9 2 8 1
      1.63567806229712731092e-03 	 9 2 8 2
     -3.20675001308799302959e-05 	 9 2 8 3
     -1.05021483739226650163e-04 	 9 2 8 4
      7.71185105992125093967e-04 	 9 2 8 5
     -1.26279979239957189851e-04 	 9 2 8 6
     -2.90330506423454271989e-04 	 9 2 8 7
     -1.42483855862884836035e-03 	 9 2 8 8
      4.47848835706180945990e-04 	 9 2 9 1
      4.24515572083096655309e-03 	 9 2 9 2
      3.01932450797747419999e-04 	 9 2 9 3
      9.59154420008127167087e-04 	 9 2 9 4
      3.08216483499432290089e-03 	 9 2 9 5
     -8.88722700514390086084e-04 	 9 2 9 6
     -7.09117987404499303811e-04 	 9 2 9 7
      3.62045049037288736195e-04 	 9 2 9 8
      2.48978178527288051408e-03 	 9 2 9 9
     -2.17198164589857140982e-04 	 9 3 1 1
     -7.73714875928488567776e-05 	 9 3 2 1
     -2.67237845304546528524e-03 	 9 3 2 2
     -8.03593089600359374199e-04 	 9 3 3 1
     -1.91377158087024896527e-04 	 9 3 3 2
      5.39395566726341788716e-03 	 9 3 3 3
     -2.20137062254754272469e-04 	 9 3 4 1
     -1.17951259068900361575e-04 	 9 3 4 2
     -1.29331381278297409890e-03 	 9 3 4 3
     -1.45246431505328108848e-03 	 9 3 4 4
     -4.38600313702448168542e-04 	 9 3 5 1
     -1.32401362774431569959e-03 	 9 3 5 2
     -3.19521117427332178654e-03 	 9 3 5 3
     -3.06235794996685152785e-04 	 9 3 5 4
     -1.18667436231117799650e-03 	 9 3 5 5
      1.92158083727375183884e-04 	 9 3 6 1
      5.82383432516256436401e-04 	 9 3 6 2
     -1.23639976966534339935e-03 	 9 3 6 3
     -1.18894133937151737874e-04 	 9 3 6 4
      9.31228763253118675507e-04 	 9 3 6 5
     -4.13937650584461636072e-03 	 9 3 6 6
      1.73659943726740199476e-04 	 9 3 7 1
      3.54623933886848098553e-04 	 9 3 7 2
      5.92588094959785815184e-04 	 9 3 7 3
      1.02751960557741250143e-04 	 9 3 7 4
      1.05883294887065349324e-03 	 9 3 7 5
     -2.63390365554099479834e-04 	 9 3 7 6
      3.76906194268215378237e-04 	 9 3 7 7
      2.53261751511826306831e-04 	 9 3 8 1
      4.53899602819390229382e-04 	 9 3 8 2
     -1.76257378263123230810e-03 	 9 3 8 3
      5.74283260762020243174e-04 	 9 3 8 4
      1.71531768755366488370e-03 	 9 3 8 5
     -2.29336827100254701068e-04 	 9 3 8 6
     -6.14325457253183217568e-04 	 9 3 8 7
     -3.60585532952176907040e-03 	 9 3 8 8
      6.73305313809827968470e-04 	 9 3 9 1
      3.01932450797752515749e-04 	 9 3 9 2
      6.53271081611775036868e-03 	 9 3 9 3
      1.02927337595191091546e-03 	 9 3 9 4
      1.86128118017022487971e-03 	 9 3 9 5
     -2.26407711719331123518e-03 	 9 3 9 6
     -1.17685662128361764704e-03 	 9 3 9 7
     -1.54806235847646097778e-03 	 9 3 9 8
      9.49476829502468241961e-03 	 9 3 9 9
      1.27218289358350909735e-02 	 9 4 1 1
     -4.39716530177072534996e-04 	 9 4 2 1
     -4.10733106857151585110e-04 	 9 4 2 2
     -1.76622149338822535120e-04 	 9 4 3 1
     -1.44695130562636192339e-04 	 9 4 3 2
     -1.06233007401867664971e-02 	 9 4 3 3
      4.06641291578265558909e-04 	 9 4 4 1
      5.78679085611024380240e-05 	 9 4 4 2
     -3.76894221541161677288e-04 	 9 4 4 3
      2.98919970874528748150e-02 	 9 4 4 4
     -2.08937964614424676393e-03 	 9 4 5 1
     -2.37332497140006672826e-03 	 9 4 5 2
     -6.56965190705521492887e-04 	 9 4 5 3
     -2.45697181715716188311e-03 	 9 4 5 4
      1.08019106089613219773e-03 	 9 4 5 5
      5.05626665034188431044e-04 	 9 4 6 1
      1.46441095681805401492e-03 	 9 4 6 2
     -1.75170934844011140204e-04 	 9 4 6 3
      1.53492728084446937442e-03 	 9 4 6 4
      2.94136227185149996127e-03 	 9 4 6 5
     -3.25390822458647378454e-03 	 9 4 6 6
      2.26845033629419386145e-04 	 9 4 7 1
      4.03517523684845805850e-04 	 9 4 7 2
      1.06447347159531786214e-04 	 9 4 7 3
      1.52128365475306275879e-03 	 9 4 7 4
      1.53672452930470721487e-03 	 9 4 7 5
     -8.20939627374608774449e-04 	 9 4 7 6
      7.36002478892485659939e-03 	 9 4 7 7
      4.17749609088888512048e-04 	 9 4 8 1
      6.95321699561204367365e-04 	 9 4 8 2
     -1.68347280188432628627e-04 	 9 4 8 3
     -3.54671604382639238124e-04 	 9 4 8 4
      1.00287686668157326062e-05 	 9 4 8 5
      3.19654816583102134326e-04 	 9 4 8 6
     -3.27174458180451866590e-04 	 9 4 8 7
     -6.09232515031100929637e-03 	 9 4 8 8
      1.35743508034848387768e-03 	 9 4 9 1
      9.59154420008124131321e-04 	 9 4 9 2
      1.02927337595190571129e-03 	 9 4 9 3
      4.14579804850644800807e-03 	 9 4 9 4
      4.46316779776298640237e-03 	 9 4 9 5
     -2.15734921638841307609e-03 	 9 4 9 6
     -2.06517228619024348010e-03 	 9 4 9 7
      2.86449371308556473715e-04 	 9 4 9 8
      1.04092055829565488523e-02 	 9 4 9 9
      2.24483494498162114428e-02 	 9 5 1 1
     -4.48860973486932322927e-04 	 9 5 2 1
     -2.50330894077043604115e-03 	 9 5 2 2
     -3.74520543645881606905e-04 	 9 5 3 1
     -8.22887885400877544398e-05 	 9 5 3 2
     -2.09668476215209113878e-02 	 9 5 3 3
     -5.93360712650096945239e-04 	 9 5 4 1
     -1.51894424103065522370e-03 	 9 5 4 2
     -3.07961174926707655346e-04 	 9 5 4 3
      1.09472796847764879818e-02 	 9 5 4 4
     -7.31103225572415135053e-03 	 9 5 5 1
     -6.22216402349532078653e-03 	 9 5 5 2
     -3.11883005168984072872e-03 	 9 5 5 3
     -5.45178648645675955481e-03 	 9 5 5 4
      1.55746310656328223326e-02 	 9 5 5 5
      8.28359446765445468427e-04 	 9 5 6 1
      4.85654087876339745494e-03 	 9 5 6 2
      6.23342591301506601491e-04 	 9 5 6 3
      1.93020837700731912392e-03 	 9 5 6 4
      1.09110589976528886413e-02 	 9 5 6 5
     -6.40965338817990702008e-03 	 9 5 6 6
      8.75825287531833843527e-04 	 9 5 7 1
      1.84837581400178934191e-03 	 9 5 7 2
      5.81004370665749378388e-04 	 9 5 7 3
      1.59743532791203034227e-03 	 9 5 7 4
      5.79179541982867158306e-03 	 9 5 7 5
     -2.60244298455993396460e-03 	 9 5 7 6
      1.30849038927215409467e-02 	 9 5 7 7
      1.62962864498784112130e-04 	 9 5 8 1
      1.53243642021423718928e-03 	 9 5 8 2
     -3.25758695992941387561e-04 	 9 5 8 3
     -1.33189959499762522075e-04 	 9 5 8 4
      3.48048968432099854395e-03 	 9 5 8 5
      3.63873392926269934814e-04 	 9 5 8 6
     -1.14000371362280809168e-03 	 9 5 8 7
     -1.64955929704134959812e-02 	 9 5 8 8
      2.67483184554098783053e-03 	 9 5 9 1
      3.08216483499435933008e-03 	 9 5 9 2
      1.86128118017022292814e-03 	 9 5 9 3
      4.46316779776299767807e-03 	 9 5 9 4
      1.76817448821154389604e-02 	 9 5 9 5
     -4.48500792207880832896e-03 	 9 5 9 6
     -3.68346131913523154935e-03 	 9 5 9 7
      3.63050405242999058020e-04 	 9 5 9 8
      1.65270634516382214363e-02 	 9 5 9 9
      1.39437637116811904026e-04 	 9 6 1 1
      6.73442439415748912192e-05 	 9 6 2 1
      3.19462463142966340487e-03 	 9 6 2 2
      7.21584805634669051826e-04 	 9 6 3 1
     -8.49745199760959133914e-04 	 9 6 3 2
     -1.42664247515516089126e-02 	 9 6 3 3
      4.69056317240462337069e-04 	 9 6 4 1
      4.68958668816732416034e-04 	 9 6 4 2
      5.26424573998269542362e-04 	 9 6 4 3
      1.51844457848591377243e-03 	 9 6 4 4
      1.22679880990461329104e-03 	 9 6 5 1
      4.31710441939515878612e-03 	 9 6 5 2
      2.19262396788573498199e-03 	 9 6 5 3
      1.20475073045722214440e-03 	 9 6 5 4
      4.23386977319571721802e-04 	 9 6 5 5
     -1.36434952386737390340e-03 	 9 6 6 1
     -2.67462405417474890015e-03 	 9 6 6 2
     -1.96711018418005076369e-03 	 9 6 6 3
     -8.72841985292488941814e-04 	 9 6 6 4
     -4.77487433009347612273e-03 	 9 6 6 5
      2.29758661654922173231e-03 	 9 6 6 6
     -5.84526283455450226811e-04 	 9 6 7 1
     -1.11256510783411754172e-03 	 9 6 7 2
     -8.56624162319513790184e-04 	 9 6 7 3
     -2.97080503201099408936e-04 	 9 6 7 4
     -2.73241704569326254726e-03 	 9 6 7 5
      1.78296489100483648155e-03 	 9 6 7 6
     -7.74005961458772324957e-04 	 9 6 7 7
     -2.00164638358447526416e-04 	 9 6 8 1
     -1.42084277039095639196e-03 	 9 6 8 2
     -1.04253744358136701473e-03 	 9 6 8 3
     -1.30577779904118623441e-03 	 9 6 8 4
     -4.23466979566395305967e-03 	 9 6 8 5
      6.23358809828959930903e-04 	 9 6 8 6
      1.21002636005810280430e-03 	 9 6 8 7
      7.59674349657622413612e-03 	 9 6 8 8
     -1.30581126752937976346e-03 	 9 6 9 1
     -8.88722700514389001882e-04 	 9 6 9 2
     -2.26407711719329952579e-03 	 9 6 9 3
     -2.15734921638842261707e-03 	 9 6 9 4
     -4.48500792207874761364e-03 	 9 6 9 5
      8.10642946877369180436e-03 	 9 6 9 6
      2.75356077398386175914e-03 	 9 6 9 7
      3.69069455139895818280e-03 	 9 6 9 8
     -1.77221069276415690852e-02 	 9 6 9 9
     -1.16969952694789599418e-02 	 9 7 1 1
      2.90671408010953090037e-04 	 9 7 2 1
      4.08605448926490505412e-03 	 9 7 2 2
      4.59337138566559631103e-04 	 9 7 3 1
     -1.28950937776402190329e-05 	 9 7 3 2
      2.63785375334287799584e-03 	 9 7 3 3
      4.50277823279884815630e-04 	 9 7 4 1
      3.29635241336541406128e-04 	 9 7 4 2
      2.64407976812835510995e-04 	 9 7 4 3
     -4.48983109158843617104e-03 	 9 7 4 4
      2.33617953162610888021e-03 	 9 7 5 1
      2.43630633799384217764e-03 	 9 7 5 2
      1.17124246964260612762e-03 	 9 7 5 3
      1.23688046143434981182e-03 	 9 7 5 4
      1.29857837422713614378e-03 	 9 7 5 5
     -5.39300265357484402348e-04 	 9 7 6 1
     -1.64874997328981194415e-03 	 9 7 6 2
     -3.29489720830213961636e-04 	 9 7 6 3
     -5.45998189825494962407e-04 	 9 7 6 4
     -2.78919566123810459130e-03 	 9 7 6 5
      6.44513840340596097511e-03 	 9 7 6 6
      4.34289129703294845847e-04 	 9 7 7 1
     -1.44474137745651188451e-04 	 9 7 7 2
     -8.64229189411668745173e-04 	 9 7 7 3
     -1.58825306914634010319e-03 	 9 7 7 4
     -2.76015417383925886624e-03 	 9 7 7 5
      1.94103252114535265380e-03 	 9 7 7 6
     -2.69328082066696491981e-02 	 9 7 7 7
     -6.80392395693057462636e-04 	 9 7 8 1
     -9.81581355687249001649e-04 	 9 7 8 2
     -1.90131600821882927165e-04 	 9 7 8 3
     -3.72405070910713522324e-04 	 9 7 8 4
     -1.79250545646189975504e-03 	 9 7 8 5
     -3.62640731732663079527e-04 	 9 7 8 6
      1.11809152327632752716e-03 	 9 7 8 7
      7.43739084171500357268e-03 	 9 7 8 8
     -1.31722061263156507531e-03 	 9 7 9 1
     -7.09117987404496593305e-04 	 9 7 9 2
     -1.17685662128361482812e-03 	 9 7 9 3
     -2.06517228619024087802e-03 	 9 7 9 4
     -3.68346131913522027365e-03 	 9 7 9 5
      2.75356077398385438657e-03 	 9 7 9 6
      3.06524904206767088641e-03 	 9 7 9 7
      1.02495285757830869450e-03 	 9 7 9 8
     -7.44155265663568911416e-03 	 9 7 9 9
      7.29293408894569460815e-03 	 9 8 1 1
     -3.06376228578930165976e-04 	 9 8 2 1
      8.16806349944093797177e-03 	 9 8 2 2
      7.13860653994823654393e-04 	 9 8 3 1
     -1.00463692193223492165e-03 	 9 8 3 2
     -1.79854349893037931962e-02 	 9 8 3 3
      4.18195946153620840696e-04 	 9 8 4 1
      2.76081637218142301223e-05 	 9 8 4 2
      6.28285091789028220764e-04 	 9 8 4 3
      5.80340158643764987556e-03 	 9 8 4 4
     -4.20742755166096204893e-04 	 9 8 5 1
      1.56829666425202388438e-03 	 9 8 5 2
      1.43923610353305928347e-03 	 9 8 5 3
     -4.70430943536553013672e-04 	 9 8 5 4
      9.05844177136695162533e-03 	 9 8 5 5
     -4.42772688624166717644e-04 	 9 8 6 1
     -9.88893679087120757928e-04 	 9 8 6 2
     -1.49030744610749270318e-03 	 9 8 6 3
      2.30894096258193570314e-04 	 9 8 6 4
      5.52375280347518335042e-04 	 9 8 6 5
      9.99317426128661090434e-03 	 9 8 6 6
     -5.87325881900835973688e-04 	 9 8 7 1
     -6.55301001269351871686e-04 	 9 8 7 2
     -8.92550330879516694987e-04 	 9 8 7 3
     -1.07059754206930096785e-04 	 9 8 7 4
     -1.26630787519084442826e-03 	 9 8 7 5
      1.31838056794157112376e-04 	 9 8 7 6
      4.27678323000958010569e-03 	 9 8 7 7
     -7.63597639397917832271e-04 	 9 8 8 1
     -3.97407389647835439152e-04 	 9 8 8 2
     -1.78922837623340046619e-03 	 9 8 8 3
     -2.09308223151796844036e-03 	 9 8 8 4
     -5.30263526601913639386e-03 	 9 8 8 5
      8.87583715409993347090e-04 	 9 8 8 6
      1.65679822688598538463e-03 	 9 8 8 7
      3.80421387764330034761e-03 	 9 8 8 8
     -6.55643682946020506935e-04 	 9 8 9 1
      3.62045049037275671559e-04 	 9 8 9 2
     -1.54806235847644796735e-03 	 9 8 9 3
      2.86449371308538638589e-04 	 9 8 9 4
      3.63050405243078204778e-04 	 9 8 9 5
      3.69069455139901976548e-03 	 9 8 9 6
      1.02495285757832322281e-03 	 9 8 9 7
      5.71461264542766963354e-03 	 9 8 9 8
     -3.56759926397943582382e-03 	 9 8 9 9
      1.83904004551788791133e-01 	 9 9 1 1
     -3.28017463048530400621e-03 	 9 9 2 1
      2.27836849542069203034e-01 	 9 9 2 2
      6.52689825610724776682e-04 	 9 9 3 1
      2.98623937474243837664e-03 	 9 9 3 2
      2.25905786415708409454e-01 	 9 9 3 3
      4.75117742309377321525e-04 	 9 9 4 1
     -8.41798364989891655975e-04 	 9 9 4 2
      9.93102158405630890473e-04 	 9 9 4 3
      1.43935300236319091427e-01 	 9 9 4 4
     -1.66713653841392807700e-03 	 9 9 5 1
     -7.54649478743236665212e-03 	 9 9 5 2
     -4.63214066646793105886e-03 	 9 9 5 3
      1.92249591256445843783e-03 	 9 9 5 4
      2.43953833776077322337e-01 	 9 9 5 5
     -4.22845301507422752924e-03 	 9 9 6 1
      7.05137659417604326095e-03 	 9 9 6 2
     -2.00698232499439688237e-03 	 9 9 6 3
     -5.82876995484775482087e-03 	 9 9 6 4
      5.99042897013951202573e-03 	 9 9 6 5
      2.02495079338840200389e-01 	 9 9 6 6
     -2.10304832550953658271e-03 	 9 9 7 1
      1.33392662131133358031e-03 	 9 9 7 2
     -7.47154813010718625750e-04 	 9 9 7 3
     -4.02327856017755010332e-03 	 9 9 7 4
      1.91495142561793306457e-03 	 9 9 7 5
      3.79994746100208429657e-03 	 9 9 7 6
      1.68497517897877091553e-01 	 9 9 7 7
     -1.80447361171530993099e-03 	 9 9 8 1
      6.59884627238145095307e-03 	 9 9 8 2
     -1.01478398299328247990e-03 	 9 9 8 3
      4.57693957893533329585e-04 	 9 9 8 4
      8.63293214726617783028e-03 	 9 9 8 5
      3.21504002201015992579e-03 	 9 9 8 6
      4.23127718254579323655e-04 	 9 9 8 7
      2.05554945660827631526e-01 	 9 9 8 8
      1.93987909862099075324e-03 	 9 9 9 1
      2.48978178527292908634e-03 	 9 9 9 2
      9.49476829502464945987e-03 	 9 9 9 3
      1.04092055829565818120e-02 	 9 9 9 4
      1.65270634516382318446e-02 	 9 9 9 5
     -1.77221069276416662297e-02 	 9 9 9 6
     -7.44155265663569692042e-03 	 9 9 9 7
     -3.56759926397953340202e-03 	 9 9 9 8
      3.54078238371231424075e-01 	 9 9 9 9
     -2.73027372079166097407e+00 	 1 1 0 0
      3.08235668232341199213e-02 	 1 2 0 0
      6.78482993823166947306e-03 	 1 3 0 0
     -1.79875500735940607733e-01 	 1 4 0 0
      1.74663581711388599116e-01 	 1 5 0 0
     -1.52823739180775550889e-03 	 1 6 0 0
      1.81200852271784923486e-01 	 1 7 0 0
     -4.21927295567653889985e-02 	 1 8 0 0
      2.68060421308806869078e-02 	 1 9 0 0
      3.08235668232336237904e-02 	 2 1 0 0
     -2.49224263733733453208e+00 	 2 2 0 0
      3.86180488861496626352e-02 	 2 3 0 0
      4.34984251707695290107e-04 	 2 4 0 0
      7.65093983135301247689e-02 	 2 5 0 0
     -1.40434132690062274396e-01 	 2 6 0 0
     -6.31481401012080802854e-03 	 2 7 0 0
     -1.91138212476296337483e-01 	 2 8 0 0
     -9.07692693429652253112e-02 	 2 9 0 0
      6.78482993823440773407e-03 	 3 1 0 0
      3.86180488861468870776e-02 	 3 2 0 0
     -2.31679473980321715132e+00 	 3 3 0 0
      4.38458552488299631300e-03 	 3 4 0 0
      1.50301795974757158858e-02 	 3 5 0 0
     -1.12406736417751374445e-03 	 3 6 0 0
     -4.92442838687184251262e-03 	 3 7 0 0
      2.47548066910587283296e-02 	 3 8 0 0
      2.13994110276748347732e-02 	 3 9 0 0
     -1.79875500735928339768e-01 	 4 1 0 0
      4.34984251715164142033e-04 	 4 2 0 0
      4.38458552489143140590e-03 	 4 3 0 0
     -2.49124241791928824341e+00 	 4 4 0 0
     -4.22456823936019632004e-03 	 4 5 0 0
     -3.14585560459286553425e-02 	 4 6 0 0
     -5.05778733397188456911e-02 	 4 7 0 0
     -1.13337922697040842379e-02 	 4 8 0 0
     -3.82236242521256722182e-02 	 4 9 0 0
      1.74663581711407944752e-01 	 5 1 0 0
      7.65093983135698707532e-02 	 5 2 0 0
      1.50301795974738510581e-02 	 5 3 0 0
     -4.22456823936422608268e-03 	 5 4 0 0
     -2.29371308438965737508e+00 	 5 5 0 0
      4.59064890980604711768e-02 	 5 6 0 0
     -5.18492359329944182966e-03 	 5 7 0 0
     -9.37371629699027264504e-02 	 5 8 0 0
      1.25529685471849339340e-01 	 5 9 0 0
     -1.52823739180033826499e-03 	 6 1 0 0
     -1.40434132690061164173e-01 	 6 2 0 0
     -1.12406736418725898725e-03 	 6 3 0 0
     -3.14585560459251442622e-02 	 6 4 0 0
      4.59064890980467738002e-02 	 6 5 0 0
     -1.98574408912403455041e+00 	 6 6 0 0
      3.50871083149983317706e-02 	 6 7 0 0
      9.51756311427879309051e-02 	 6 8 0 0
      9.44455026979418715838e-02 	 6 9 0 0
      1.81200852271773904523e-01 	 7 1 0 0
     -6.31481401012010373081e-03 	 7 2 0 0
     -4.92442838687026304689e-03 	 7 3 0 0
     -5.05778733397186652798e-02 	 7 4 0 0
     -5.18492359330165273473e-03 	 7 5 0 0
      3.50871083150149157270e-02 	 7 6 0 0
     -2.52393313228860094455e+00 	 7 7 0 0
      2.08260809715264359754e-02 	 7 8 0 0
      4.67922102998102468208e-02 	 7 9 0 0
     -4.21927295567593382830e-02 	 8 1 0 0
     -1.91138212476302887799e-01 	 8 2 0 0
      2.47548066910428382625e-02 	 8 3 0 0
     -1.13337922697112833403e-02 	 8 4 0 0
     -9.37371629699198100072e-02 	 8 5 0 0
      9.51756311427728318719e-02 	 8 6 0 0
      2.08260809715054145963e-02 	 8 7 0 0
     -2.02539950025746229301e+00 	 8 8 0 0
      2.44636530144157759992e-02 	 8 9 0 0
      2.68060421308978814869e-02 	 9 1 0 0
     -9.07692693429755226298e-02 	 9 2 0 0
      2.13994110276409764404e-02 	 9 3 0 0
     -3.82236242521206762146e-02 	 9 4 0 0
      1.25529685471832852528e-01 	 9 5 0 0
      9.44455026979713480051e-02 	 9 6 0 0
      4.67922102998176436817e-02 	 9 7 0 0
      2.44636530144110922458e-02 	 9 8 0 0
     -2.22071809531935393522e+00 	 9 9 0 0
     -2.99002984138724468721e+03 	 0 0 0 0
