 # Printing electron repulsion integrals in spatial MO basis
      7.26994056091458062951e-01 	 1 1 1 1
      5.14413938129340076247e-04 	 1 1 2 1
      1.37200546016012170369e-01 	 1 1 2 2
     -8.48815367961653927803e-04 	 1 1 3 1
     -5.03617225282344482492e-05 	 1 1 3 2
      3.74591709840205788762e-01 	 1 1 3 3
     -3.21858910361097570046e-03 	 1 1 4 1
      5.00983120704922278189e-04 	 1 1 4 2
     -4.32768175639377042363e-03 	 1 1 4 3
      3.14936413501231304846e-01 	 1 1 4 4
      5.14424310406056631978e-04 	 1 1 5 1
      4.79463596466014397354e-04 	 1 1 5 2
     -2.03726857639778904680e-04 	 1 1 5 3
      5.00992496648795023612e-04 	 1 1 5 4
      1.37200584965700034257e-01 	 1 1 5 5
      8.48872872419279477993e-04 	 1 1 6 1
      2.03725739602275723091e-04 	 1 1 6 2
      6.08295803549518433739e-03 	 1 1 6 3
      4.32769025799590537767e-03 	 1 1 6 4
      5.03652898317013598441e-05 	 1 1 6 5
      3.74591898731618133667e-01 	 1 1 6 6
      5.24608859017950106968e-03 	 1 1 7 1
     -1.37201381296595914354e-03 	 1 1 7 2
     -1.75927550762448327813e-03 	 1 1 7 3
     -9.69633633667861798838e-04 	 1 1 7 4
      7.95324258970922645315e-04 	 1 1 7 5
      2.33349455414474704672e-05 	 1 1 7 6
      2.02570365914830741172e-01 	 1 1 7 7
      5.19345372462880140903e-04 	 1 1 8 1
     -1.15965709615455971060e-03 	 1 1 8 2
     -3.33184830009756427732e-05 	 1 1 8 3
     -1.53955154496134851393e-03 	 1 1 8 4
     -1.15965548138129105268e-03 	 1 1 8 5
      3.33212843543695676576e-05 	 1 1 8 6
     -9.43309569658817544460e-04 	 1 1 8 7
      1.21056939676460847966e-01 	 1 1 8 8
     -5.24609094382036227067e-03 	 1 1 9 1
     -7.95322233515178438935e-04 	 1 1 9 2
      2.33335272736020231832e-05 	 1 1 9 3
      9.69649846603095081840e-04 	 1 1 9 4
      1.37201915447536819045e-03 	 1 1 9 5
     -1.75927367512683919919e-03 	 1 1 9 6
      4.47714873063510040291e-03 	 1 1 9 7
      9.43309064807983338290e-04 	 1 1 9 8
      2.02570430667157824756e-01 	 1 1 9 9
      5.14413938129344738316e-04 	 2 1 1 1
      2.34380482703907141410e-05 	 2 1 2 1
      1.33596312699070583589e-03 	 2 1 2 2
      1.11160140320454555525e-04 	 2 1 3 1
      1.27532653205095855276e-06 	 2 1 3 2
     -5.51234716241954148148e-04 	 2 1 3 3
     -5.21206741751744699023e-05 	 2 1 4 1
      2.57152257513071407164e-05 	 2 1 4 2
     -2.97161284858509613428e-05 	 2 1 4 3
     -9.23661629646575457102e-05 	 2 1 4 4
     -1.74576681614768229759e-06 	 2 1 5 1
      4.98235875446647292976e-06 	 2 1 5 2
     -3.06608177778041129531e-07 	 2 1 5 3
      1.44441186411257044319e-05 	 2 1 5 4
     -1.07006591221915254588e-04 	 2 1 5 5
      4.70672027649451016058e-05 	 2 1 6 1
     -6.32624829019108908155e-06 	 2 1 6 2
      5.20759051188510443871e-06 	 2 1 6 3
     -7.21202215012788909086e-06 	 2 1 6 4
     -6.14910060320999862032e-07 	 2 1 6 5
      2.84511785321990963524e-04 	 2 1 6 6
     -6.75855722662772216762e-06 	 2 1 7 1
      1.05299715177775083720e-04 	 2 1 7 2
      8.40493842262447549054e-06 	 2 1 7 3
      1.13471295099363563398e-04 	 2 1 7 4
      2.18441855193642611103e-06 	 2 1 7 5
     -1.87627997437274148236e-07 	 2 1 7 6
      1.33260816874837989847e-04 	 2 1 7 7
      2.59954917120513996260e-06 	 2 1 8 1
      4.91712885114902457278e-05 	 2 1 8 2
      5.59996452197451829546e-07 	 2 1 8 3
      3.37736507655839842255e-06 	 2 1 8 4
      3.70137593974534281601e-05 	 2 1 8 5
     -7.75480962440902832645e-08 	 2 1 8 6
      4.47965178117434644910e-05 	 2 1 8 7
      6.74332212807123438899e-05 	 2 1 8 8
     -2.38151050540815345123e-05 	 2 1 9 1
      1.90783688492258911144e-05 	 2 1 9 2
     -1.36485452178032585776e-06 	 2 1 9 3
     -3.15474916680564341823e-06 	 2 1 9 4
      3.00856349237105015493e-05 	 2 1 9 5
     -2.47151345272759119910e-06 	 2 1 9 6
     -1.16977966811475812744e-05 	 2 1 9 7
      3.43234863774811673658e-06 	 2 1 9 8
     -1.12284141859693762213e-04 	 2 1 9 9
      1.37200546016012225881e-01 	 2 2 1 1
      1.33596312699071862948e-03 	 2 2 2 1
      5.18446375162365247213e-01 	 2 2 2 2
     -1.36096780849288063775e-05 	 2 2 3 1
     -3.87464175009333592573e-05 	 2 2 3 2
      1.25652833665666874285e-01 	 2 2 3 3
      2.88781140828882300006e-03 	 2 2 4 1
      2.12449479398994257873e-03 	 2 2 4 2
      3.32813258412212960215e-04 	 2 2 4 3
      2.00350695484690255466e-01 	 2 2 4 4
     -1.07007560480946526250e-04 	 2 2 5 1
     -2.04337369726836567962e-03 	 2 2 5 2
      5.25061676141003540701e-06 	 2 2 5 3
     -1.15022503007629253030e-03 	 2 2 5 4
      1.93293821713537344875e-01 	 2 2 5 5
     -9.43544253156194728457e-04 	 2 2 6 1
     -7.22172660290007766178e-04 	 2 2 6 2
      5.94139758546663346132e-04 	 2 2 6 3
      3.96564306961085584913e-04 	 2 2 6 4
      3.03405806675147232340e-05 	 2 2 6 5
      1.09398464684407156766e-01 	 2 2 6 6
     -1.50267598183538662188e-03 	 2 2 7 1
      1.64319091970598907260e-02 	 2 2 7 2
      1.63140637142566123641e-03 	 2 2 7 3
     -1.43158637251028118473e-03 	 2 2 7 4
      1.29391349063428325213e-03 	 2 2 7 5
      8.40191398896024399523e-04 	 2 2 7 6
      2.98487132798569698711e-01 	 2 2 7 7
      2.46306820760290211679e-06 	 2 2 8 1
     -1.58311865425705688981e-02 	 2 2 8 2
      1.42849562823083942389e-04 	 2 2 8 3
      9.13626044631721235222e-04 	 2 2 8 4
     -1.95606145425378198308e-03 	 2 2 8 5
      1.32281748867021280505e-04 	 2 2 8 6
      6.24834624946656990579e-03 	 2 2 8 7
      2.97438547526590768566e-01 	 2 2 8 8
      1.73814050167276539297e-03 	 2 2 9 1
      1.78858400911410786970e-03 	 2 2 9 2
      2.86690886278419341648e-04 	 2 2 9 3
      2.44256514687819044004e-03 	 2 2 9 4
     -3.65496740191928199543e-03 	 2 2 9 5
      6.16376534402578418314e-05 	 2 2 9 6
     -8.61690989882633461179e-04 	 2 2 9 7
      1.11401801828238302544e-03 	 2 2 9 8
      1.68785750982845622614e-01 	 2 2 9 9
     -8.48815367961713667343e-04 	 3 1 1 1
      1.11160140320455517755e-04 	 3 1 2 1
     -1.36096780848819095514e-05 	 3 1 2 2
      5.30939550216122813781e-03 	 3 1 3 1
      3.60086579837324033702e-06 	 3 1 3 2
     -1.10708549441515674561e-02 	 3 1 3 3
     -7.63879888947218213535e-04 	 3 1 4 1
     -1.30522626504443479273e-04 	 3 1 4 2
      3.73172378666085532116e-05 	 3 1 4 3
      2.50209381899709360636e-03 	 3 1 4 4
     -4.70674192824503136688e-05 	 3 1 5 1
      1.54838073225476703001e-06 	 3 1 5 2
     -1.36986203244592867243e-05 	 3 1 5 3
      1.03717074540533776080e-04 	 3 1 5 4
      9.43545564866202267698e-04 	 3 1 5 5
      1.37241612948428982725e-03 	 3 1 6 1
     -4.34191037027305125367e-06 	 3 1 6 2
     -4.33154913709708473766e-04 	 3 1 6 3
     -1.07961570988450780836e-04 	 3 1 6 4
      1.89240047780320557130e-06 	 3 1 6 5
      3.98324249016660317246e-03 	 3 1 6 6
     -4.11417877107899028228e-04 	 3 1 7 1
      1.16590513544840909265e-04 	 3 1 7 2
      1.34365771319506263192e-04 	 3 1 7 3
      3.95451747820481922576e-04 	 3 1 7 4
      3.67679076283809565446e-05 	 3 1 7 5
      1.34724174354369391910e-05 	 3 1 7 6
     -8.64347787240897697837e-04 	 3 1 7 7
      3.11222321167502026583e-05 	 3 1 8 1
     -3.35001931222573973439e-05 	 3 1 8 2
     -2.55367121154414378073e-06 	 3 1 8 3
     -3.58764975588421228367e-05 	 3 1 8 4
     -3.44901923570885819059e-07 	 3 1 8 5
     -1.22661740777409914758e-06 	 3 1 8 6
      2.10159336876514603928e-05 	 3 1 8 7
      3.97703896642397384739e-04 	 3 1 8 8
     -2.41458892920718496127e-05 	 3 1 9 1
      2.44219050631921385792e-05 	 3 1 9 2
     -8.43944376803643959983e-05 	 3 1 9 3
      4.05480006375417718206e-04 	 3 1 9 4
      6.14504252223498065701e-05 	 3 1 9 5
     -9.59974070028519727395e-06 	 3 1 9 6
      2.99538092201889919266e-05 	 3 1 9 7
      2.21457001356141020216e-05 	 3 1 9 8
      2.38853492019756906764e-03 	 3 1 9 9
     -5.03617225282404926763e-05 	 3 2 1 1
      1.27532653205140366857e-06 	 3 2 2 1
     -3.87464175009363272608e-05 	 3 2 2 2
      3.60086579837596397146e-06 	 3 2 3 1
      4.07730887508889867053e-05 	 3 2 3 2
     -3.33376512441198097000e-03 	 3 2 3 3
     -6.47893852071751099762e-05 	 3 2 4 1
      2.65534047835153795721e-05 	 3 2 4 2
     -3.26731913417506819272e-05 	 3 2 4 3
      4.89279317767379916607e-04 	 3 2 4 4
      6.14795610113837505478e-07 	 3 2 5 1
      1.57771633285269877590e-05 	 3 2 5 2
     -5.75582900798014660573e-06 	 3 2 5 3
     -7.70468281557540698011e-07 	 3 2 5 4
     -3.03392844002509982524e-05 	 3 2 5 5
      1.89235451182959140700e-06 	 3 2 6 1
      1.89318711644254294569e-06 	 3 2 6 2
      2.78139106610774503882e-05 	 3 2 6 3
      9.94100218650202570813e-06 	 3 2 6 4
     -2.06929737980381071109e-06 	 3 2 6 5
     -2.96284287962179625491e-05 	 3 2 6 6
     -1.26962935484450139471e-05 	 3 2 7 1
      6.81544115037175334253e-05 	 3 2 7 2
     -4.60250932200779452278e-05 	 3 2 7 3
     -9.83755082108431520372e-06 	 3 2 7 4
     -5.69683008042301935585e-06 	 3 2 7 5
     -3.59868233376550086500e-07 	 3 2 7 6
      7.10393972968471117818e-04 	 3 2 7 7
      2.28674763874927673625e-06 	 3 2 8 1
      6.63112236748195744366e-05 	 3 2 8 2
      1.31647846492708822425e-05 	 3 2 8 3
      1.56459820348307576798e-06 	 3 2 8 4
      1.71377260624517998932e-06 	 3 2 8 5
     -9.54396899201162275369e-07 	 3 2 8 6
     -9.48504064185320778416e-07 	 3 2 8 7
     -2.36244815957830012936e-04 	 3 2 8 8
      1.55287901497765827086e-05 	 3 2 9 1
     -6.10414355570323243139e-06 	 3 2 9 2
     -1.26751829837611963182e-05 	 3 2 9 3
     -1.00396919009086508232e-05 	 3 2 9 4
      3.06386779038397088994e-06 	 3 2 9 5
     -4.35031945279655436743e-06 	 3 2 9 6
      9.91927912603040417411e-06 	 3 2 9 7
     -8.87784626732837790070e-07 	 3 2 9 8
      1.43577050767974037345e-04 	 3 2 9 9
      3.74591709840206010806e-01 	 3 3 1 1
     -5.51234716241944498749e-04 	 3 3 2 1
      1.25652833665666735508e-01 	 3 3 2 2
     -1.10708549441516836825e-02 	 3 3 3 1
     -3.33376512441197836792e-03 	 3 3 3 2
      7.68419254003452900648e-01 	 3 3 3 3
     -5.21236683514251174752e-04 	 3 3 4 1
      1.38875248542799146524e-03 	 3 3 4 2
      4.99168014439658590947e-03 	 3 3 4 3
      2.15295077491811370773e-01 	 3 3 4 4
      2.84517048362442767032e-04 	 3 3 5 1
      4.62833403662356475654e-04 	 3 3 5 2
      3.70720373094398313561e-04 	 3 3 5 3
     -3.42310425597409603328e-04 	 3 3 5 4
      1.09398477896716403435e-01 	 3 3 5 5
     -3.98323050145055115173e-03 	 3 3 6 1
      2.31959569301470067224e-04 	 3 3 6 2
     -1.33222868341168235954e-04 	 3 3 6 3
      2.59558656833070713552e-03 	 3 3 6 4
      2.96294787269265938435e-05 	 3 3 6 5
      2.33433313864069319488e-01 	 3 3 6 6
      3.82832645897230802734e-03 	 3 3 7 1
     -2.51453408949835633540e-03 	 3 3 7 2
      2.77666845936610064485e-03 	 3 3 7 3
     -3.20285498892608358826e-03 	 3 3 7 4
      9.90150002998320618067e-06 	 3 3 7 5
     -1.84255770217283049769e-04 	 3 3 7 6
      1.87106715601852713338e-01 	 3 3 7 7
      1.18214420560309244328e-05 	 3 3 8 1
     -2.80066215277415778585e-04 	 3 3 8 2
     -1.14931958422093919575e-03 	 3 3 8 3
     -5.86484744718932427161e-04 	 3 3 8 4
     -8.84658656566643581722e-04 	 3 3 8 5
      5.74972801740729019294e-05 	 3 3 8 6
     -9.77484866670803300912e-04 	 3 3 8 7
      1.04395599747340514507e-01 	 3 3 8 8
     -1.44771081025790531414e-03 	 3 3 9 1
     -7.09321495307282988765e-04 	 3 3 9 2
      4.29218087386995842368e-04 	 3 3 9 3
     -1.35301117221945060680e-03 	 3 3 9 4
      2.70229316820420840863e-04 	 3 3 9 5
     -9.41206708608136239681e-04 	 3 3 9 6
      2.64864548782958860937e-03 	 3 3 9 7
      5.05398219347358529201e-04 	 3 3 9 8
      1.44099801420543210950e-01 	 3 3 9 9
     -3.21858910361099911923e-03 	 4 1 1 1
     -5.21206741751661418744e-05 	 4 1 2 1
      2.88781140828888458275e-03 	 4 1 2 2
     -7.63879888947212792524e-04 	 4 1 3 1
     -6.47893852071742290619e-05 	 4 1 3 2
     -5.21236683514311456393e-04 	 4 1 3 3
      4.37785805180630933908e-03 	 4 1 4 1
     -6.75429731501961530061e-05 	 4 1 4 2
      4.93703935044352126144e-04 	 4 1 4 3
     -1.54951301817227724347e-03 	 4 1 4 4
     -5.21199656462065989519e-05 	 4 1 5 1
      1.56758734640944708601e-05 	 4 1 5 2
      2.14273947854938804139e-05 	 4 1 5 3
     -6.75438889141510818244e-05 	 4 1 5 4
      2.88781590242669777835e-03 	 4 1 5 5
      7.63882927595575344885e-04 	 4 1 6 1
     -2.14271325093310665189e-05 	 4 1 6 2
     -8.55461392063179380937e-05 	 4 1 6 3
     -4.93705914888845011530e-04 	 4 1 6 4
      6.47895477855344679432e-05 	 4 1 6 5
     -5.21229829727364404358e-04 	 4 1 6 6
      3.16483714952055564772e-04 	 4 1 7 1
      5.87740760740206730217e-04 	 4 1 7 2
      1.95465799353291294843e-04 	 4 1 7 3
     -1.08768452258655953270e-03 	 4 1 7 4
      8.85749452699294914216e-07 	 4 1 7 5
      9.77528431573349617517e-05 	 4 1 7 6
      2.72079171804990357225e-03 	 4 1 7 7
     -4.23807293617907551372e-05 	 4 1 8 1
     -1.98132146497449377568e-04 	 4 1 8 2
     -1.66116319218279183542e-05 	 4 1 8 3
      7.10722163838014881106e-05 	 4 1 8 4
     -1.98132534920813325671e-04 	 4 1 8 5
      1.66115596039978052467e-05 	 4 1 8 6
      6.35542765987617526771e-05 	 4 1 8 7
      2.66476364349679415919e-03 	 4 1 8 8
     -3.16482496359725168789e-04 	 4 1 9 1
     -8.85967760720927964904e-07 	 4 1 9 2
      9.77531501928464248343e-05 	 4 1 9 3
      1.08768548574230132682e-03 	 4 1 9 4
     -5.87742128949096339675e-04 	 4 1 9 5
      1.95465883340771026189e-04 	 4 1 9 6
     -1.04004234295098502150e-04 	 4 1 9 7
     -6.35551962684084372933e-05 	 4 1 9 8
      2.72079240532742709299e-03 	 4 1 9 9
      5.00983120704840095665e-04 	 4 2 1 1
      2.57152257513102306926e-05 	 4 2 2 1
      2.12449479398985931200e-03 	 4 2 2 2
     -1.30522626504442340861e-04 	 4 2 3 1
      2.65534047835156641751e-05 	 4 2 3 2
      1.38875248542799450101e-03 	 4 2 3 3
     -6.75429731501992971924e-05 	 4 2 4 1
      3.76916683207232034239e-04 	 4 2 4 2
      6.60111112807879312370e-05 	 4 2 4 3
     -1.90199187797724527955e-04 	 4 2 4 4
      1.44439726132538369033e-05 	 4 2 5 1
      8.56949632215731505348e-05 	 4 2 5 2
      9.74280377690341596987e-07 	 4 2 5 3
     -9.16868195651811311933e-05 	 4 2 5 4
     -1.15022374373772930285e-03 	 4 2 5 5
     -1.03716909128769222532e-04 	 4 2 6 1
     -1.23747725846925995209e-06 	 4 2 6 2
      9.03863383395803869928e-06 	 4 2 6 3
      5.84302403819917653559e-05 	 4 2 6 4
      7.70475553095805689521e-07 	 4 2 6 5
     -3.42315112724201708969e-04 	 4 2 6 6
      3.32008068933995430629e-05 	 4 2 7 1
      6.47022824338785193347e-04 	 4 2 7 2
      4.58571501069081772497e-05 	 4 2 7 3
     -5.05800568866048168813e-04 	 4 2 7 4
     -5.14397054090488681385e-05 	 4 2 7 5
      6.30161625603781625019e-06 	 4 2 7 6
      5.23647957224332698950e-03 	 4 2 7 7
      8.74578353345513331341e-06 	 4 2 8 1
      4.33946223030960774158e-04 	 4 2 8 2
      6.41151496992607290276e-06 	 4 2 8 3
      6.04321701352685173680e-05 	 4 2 8 4
      1.35594817535753256672e-05 	 4 2 8 5
     -2.75858447641072030070e-07 	 4 2 8 6
      9.00802585676891966150e-05 	 4 2 8 7
     -1.38033284953586630681e-03 	 4 2 8 8
     -1.30567664348455837536e-05 	 4 2 9 1
     -3.51435120351091152282e-05 	 4 2 9 2
     -1.96129466756647471049e-05 	 4 2 9 3
     -5.99207307784200941814e-04 	 4 2 9 4
      2.89084440099831231250e-05 	 4 2 9 5
     -1.92400378241409907574e-05 	 4 2 9 6
      2.87077904852842701099e-05 	 4 2 9 7
     -2.59028133840132398092e-05 	 4 2 9 8
     -2.04097738724356428039e-03 	 4 2 9 9
     -4.32768175639376001529e-03 	 4 3 1 1
     -2.97161284858488708655e-05 	 4 3 2 1
      3.32813258412237354764e-04 	 4 3 2 2
      3.73172378666071640776e-05 	 4 3 3 1
     -3.26731913417500449584e-05 	 4 3 3 2
      4.99168014439657289905e-03 	 4 3 3 3
      4.93703935044340958861e-04 	 4 3 4 1
      6.60111112807938401389e-05 	 4 3 4 2
      3.25723062398597504232e-04 	 4 3 4 3
     -4.31543534722125549791e-03 	 4 3 4 4
      7.21230595119985282198e-06 	 4 3 5 1
      3.14536340676041622133e-06 	 4 3 5 2
      7.40955382124780822628e-06 	 4 3 5 3
     -5.84295923149411191135e-05 	 4 3 5 4
     -3.96563438711909795314e-04 	 4 3 5 5
     -1.07961636825262152382e-04 	 4 3 6 1
      1.01851429083003366148e-06 	 4 3 6 2
     -9.61832978819159625230e-05 	 4 3 6 3
     -7.97349283814521782743e-05 	 4 3 6 4
      9.94092202862828737528e-06 	 4 3 6 5
     -2.59558227418551362708e-03 	 4 3 6 6
      8.47842577595258749430e-05 	 4 3 7 1
      2.35742761658800287000e-05 	 4 3 7 2
      7.58797730594987766438e-05 	 4 3 7 3
     -2.92339094160374343007e-04 	 4 3 7 4
     -3.33727309446518293889e-05 	 4 3 7 5
     -1.67547415829274237119e-06 	 4 3 7 6
      4.39188991126613747628e-04 	 4 3 7 7
     -1.05199192763553014209e-05 	 4 3 8 1
      8.53447659361318863413e-06 	 4 3 8 2
     -1.23824065684493047344e-05 	 4 3 8 3
      6.89541582736362531833e-05 	 4 3 8 4
     -1.71132956934731488528e-05 	 4 3 8 5
      4.91520863280646932606e-06 	 4 3 8 6
      5.34469732962462728843e-06 	 4 3 8 7
     -5.54249514281906247596e-06 	 4 3 8 8
      2.31353712085759978426e-05 	 4 3 9 1
     -1.94911491021686943004e-06 	 4 3 9 2
     -1.72739760391874019353e-05 	 4 3 9 3
     -8.19392929323503762086e-05 	 4 3 9 4
     -1.21613464660364658360e-04 	 4 3 9 5
      3.38372695064580251544e-05 	 4 3 9 6
     -8.81321956643029455307e-05 	 4 3 9 7
     -2.43368491464663465362e-05 	 4 3 9 8
     -1.58334340602406492375e-03 	 4 3 9 9
      3.14936413501231637913e-01 	 4 4 1 1
     -9.23661629646301425003e-05 	 4 4 2 1
      2.00350695484690005665e-01 	 4 4 2 2
      2.50209381899712136194e-03 	 4 4 3 1
      4.89279317767387072341e-04 	 4 4 3 2
      2.15295077491811370773e-01 	 4 4 3 3
     -1.54951301817226640145e-03 	 4 4 4 1
     -1.90199187797822214571e-04 	 4 4 4 2
     -4.31543534722124595693e-03 	 4 4 4 3
      5.64010896491221713767e-01 	 4 4 4 4
     -9.23691778407597876470e-05 	 4 4 5 1
      6.37730365653942435356e-04 	 4 4 5 2
     -3.27493835805453754103e-04 	 4 4 5 3
     -1.90187060809373704355e-04 	 4 4 5 4
      2.00350766439424926579e-01 	 4 4 5 5
     -2.50209271140970504824e-03 	 4 4 6 1
      3.27495121315755097560e-04 	 4 4 6 2
      2.15783421965276989846e-03 	 4 4 6 3
      4.31543429895238968980e-03 	 4 4 6 4
     -4.89275220484958802553e-04 	 4 4 6 5
      2.15295117812131481250e-01 	 4 4 6 6
     -5.02989744420656841734e-03 	 4 4 7 1
      2.96963086434485655160e-03 	 4 4 7 2
     -1.06977155488087016105e-03 	 4 4 7 3
     -1.27253906607712359567e-02 	 4 4 7 4
      1.77618108187369721541e-03 	 4 4 7 5
      7.83738145731073445471e-04 	 4 4 7 6
      3.05611785429979965212e-01 	 4 4 7 7
      3.96792616446927715653e-04 	 4 4 8 1
     -3.85958763356565549493e-03 	 4 4 8 2
      2.12025087938635069511e-04 	 4 4 8 3
     -4.19589877838953250605e-03 	 4 4 8 4
     -3.85958636994237309567e-03 	 4 4 8 5
     -2.12023292570899025457e-04 	 4 4 8 6
     -9.16976314033623551673e-04 	 4 4 8 7
      1.75627208668024670235e-01 	 4 4 8 8
      5.02989844917455138085e-03 	 4 4 9 1
     -1.77618186382395024450e-03 	 4 4 9 2
      7.83736858744015288392e-04 	 4 4 9 3
      1.27254289925866504590e-02 	 4 4 9 4
     -2.96963671547230021949e-03 	 4 4 9 5
     -1.06977153450410976919e-03 	 4 4 9 6
      9.00959424463372571257e-03 	 4 4 9 7
      9.16966039926990278061e-04 	 4 4 9 8
      3.05611830430782382972e-01 	 4 4 9 9
      5.14424310406065522436e-04 	 5 1 1 1
     -1.74576681614652334476e-06 	 5 1 2 1
     -1.07007560480939397621e-04 	 5 1 2 2
     -4.70674192824479961867e-05 	 5 1 3 1
      6.14795610112932344895e-07 	 5 1 3 2
      2.84517048362440435998e-04 	 5 1 3 3
     -5.21199656462103733307e-05 	 5 1 4 1
      1.44439726132533134370e-05 	 5 1 4 2
      7.21230595119779876708e-06 	 5 1 4 3
     -9.23691778407720526841e-05 	 5 1 4 4
      2.34381078757728506315e-05 	 5 1 5 1
      4.98227172204361060082e-06 	 5 1 5 2
      6.32620447041532312855e-06 	 5 1 5 3
      2.57150704523502087785e-05 	 5 1 5 4
      1.33595924072610274143e-03 	 5 1 5 5
     -1.11160101199349952111e-04 	 5 1 6 1
      3.06532769373050427786e-07 	 5 1 6 2
      5.20766690523249258513e-06 	 5 1 6 3
      2.97161682969242022651e-05 	 5 1 6 4
     -1.27538035640726953165e-06 	 5 1 6 5
     -5.51231190605826378015e-04 	 5 1 6 6
      2.38153249878967501556e-05 	 5 1 7 1
     -3.00856507652815103584e-05 	 5 1 7 2
     -2.47139754985724018817e-06 	 5 1 7 3
      3.15449008669291982207e-06 	 5 1 7 4
     -1.90785847285915985600e-05 	 5 1 7 5
     -1.36488120094139267109e-06 	 5 1 7 6
     -1.12283600910548366858e-04 	 5 1 7 7
      2.59932879301819933515e-06 	 5 1 8 1
      3.70139658581686447248e-05 	 5 1 8 2
      7.75780566129041331102e-08 	 5 1 8 3
      3.37675271910168346820e-06 	 5 1 8 4
      4.91724636688476433085e-05 	 5 1 8 5
     -5.59949848287348316506e-07 	 5 1 8 6
     -3.43241322770649299749e-06 	 5 1 8 7
      6.74308853654173020803e-05 	 5 1 8 8
      6.75815170462657830558e-06 	 5 1 9 1
     -2.18443380754143714394e-06 	 5 1 9 2
     -1.87765837203344770687e-07 	 5 1 9 3
     -1.13472946432297550610e-04 	 5 1 9 4
     -1.05298785003372073234e-04 	 5 1 9 5
      8.40491972365235964141e-06 	 5 1 9 6
     -1.16977073491144639190e-05 	 5 1 9 7
     -4.47966258580644526802e-05 	 5 1 9 8
      1.33252472797111158392e-04 	 5 1 9 9
      4.79463596465963006171e-04 	 5 2 1 1
      4.98235875446099855582e-06 	 5 2 2 1
     -2.04337369726828067817e-03 	 5 2 2 2
      1.54838073224998447023e-06 	 5 2 3 1
      1.57771633285286886012e-05 	 5 2 3 2
      4.62833403662362872447e-04 	 5 2 3 3
      1.56758734641028124406e-05 	 5 2 4 1
      8.56949632215354067466e-05 	 5 2 4 2
      3.14536340676642803767e-06 	 5 2 4 3
      6.37730365654006294863e-04 	 5 2 4 4
      4.98227172203990821981e-06 	 5 2 5 1
      3.84095170962805423573e-04 	 5 2 5 2
     -6.80728437996029502581e-06 	 5 2 5 3
      8.56950892269294460524e-05 	 5 2 5 4
     -2.04335166990701104853e-03 	 5 2 5 5
     -1.54860237729035604202e-06 	 5 2 6 1
      6.80732553670371954180e-06 	 5 2 6 2
      1.57474804298904705415e-06 	 5 2 6 3
     -3.14529313082344355059e-06 	 5 2 6 4
     -1.57773014231090829033e-05 	 5 2 6 5
      4.62834210194656568878e-04 	 5 2 6 6
      6.23413432206456587443e-06 	 5 2 7 1
      3.93825736139772068951e-04 	 5 2 7 2
      5.95813511097826318982e-06 	 5 2 7 3
      3.62165839505272088095e-05 	 5 2 7 4
     -4.35917202198389712258e-05 	 5 2 7 5
     -1.22205009754428055035e-06 	 5 2 7 6
      1.12663253740912135126e-03 	 5 2 7 7
      3.44475833813220547056e-05 	 5 2 8 1
      6.94224072739604391828e-04 	 5 2 8 2
      1.15237653363535889656e-05 	 5 2 8 3
      5.67227965176091158571e-05 	 5 2 8 4
      6.94221965249602218119e-04 	 5 2 8 5
     -1.15238652715484959948e-05 	 5 2 8 6
     -6.42535333668336870608e-05 	 5 2 8 7
     -6.36015568690736360358e-03 	 5 2 8 8
     -6.23417998178236248491e-06 	 5 2 9 1
      4.35914263646531067141e-05 	 5 2 9 2
     -1.22191951347932753339e-06 	 5 2 9 3
     -3.62167833173281767615e-05 	 5 2 9 4
     -3.93826974220916944253e-04 	 5 2 9 5
      5.95813170842223915251e-06 	 5 2 9 6
     -3.43401679234474181430e-05 	 5 2 9 7
      6.42529277434832134068e-05 	 5 2 9 8
      1.12663840883592703684e-03 	 5 2 9 9
     -2.03726857639782130182e-04 	 5 3 1 1
     -3.06608177777688657946e-07 	 5 3 2 1
      5.25061676141161681752e-06 	 5 3 2 2
     -1.36986203244578535446e-05 	 5 3 3 1
     -5.75582900798037022243e-06 	 5 3 3 2
      3.70720373094399072503e-04 	 5 3 3 3
      2.14273947854934162399e-05 	 5 3 4 1
      9.74280377689295723056e-07 	 5 3 4 2
      7.40955382124748127156e-06 	 5 3 4 3
     -3.27493835805456301978e-04 	 5 3 4 4
      6.32620447041531635228e-06 	 5 3 5 1
     -6.80728437995917355418e-06 	 5 3 5 2
      4.41273586222197681991e-06 	 5 3 5 3
      1.23741954917407488319e-06 	 5 3 5 4
      7.22172778382525193397e-04 	 5 3 5 5
     -4.34183231612081103781e-06 	 5 3 6 1
     -7.70372716385197114491e-07 	 5 3 6 2
     -7.61955275747185697011e-06 	 5 3 6 3
      1.01844736770830572765e-06 	 5 3 6 4
      1.89299354994211845241e-06 	 5 3 6 5
     -2.31960218701526854103e-04 	 5 3 6 6
      7.45809399766932875915e-06 	 5 3 7 1
     -4.75832645298129493520e-06 	 5 3 7 2
      7.55743784999620585270e-06 	 5 3 7 3
      1.69255349971588544534e-06 	 5 3 7 4
     -9.95835594304317091709e-06 	 5 3 7 5
      7.96913415998210018222e-07 	 5 3 7 6
     -1.84314445582186556055e-04 	 5 3 7 7
     -8.76946811351012994684e-07 	 5 3 8 1
      8.53262854550092252352e-06 	 5 3 8 2
     -2.12751695465078287487e-06 	 5 3 8 3
      1.84518790684524305592e-06 	 5 3 8 4
     -1.66882162242878778410e-05 	 5 3 8 5
      2.87658270632771881038e-07 	 5 3 8 6
     -6.84658881795841566460e-07 	 5 3 8 7
      2.30784049514073252721e-04 	 5 3 8 8
     -5.53523491689093465149e-06 	 5 3 9 1
     -1.56262008473201443549e-06 	 5 3 9 2
      2.66907876991563536656e-06 	 5 3 9 3
     -4.04344987062770999339e-05 	 5 3 9 4
     -8.81112944784100884791e-06 	 5 3 9 5
      4.51827639645938825246e-06 	 5 3 9 6
     -1.27997303996103383578e-05 	 5 3 9 7
     -1.79011776203345106164e-05 	 5 3 9 8
     -1.57850712447045113396e-04 	 5 3 9 9
      5.00992496648832537007e-04 	 5 4 1 1
      1.44441186411281421927e-05 	 5 4 2 1
     -1.15022503007624178964e-03 	 5 4 2 2
      1.03717074540547193082e-04 	 5 4 3 1
     -7.70468281561091142489e-07 	 5 4 3 2
     -3.42310425597412584884e-04 	 5 4 3 3
     -6.75438889141497265716e-05 	 5 4 4 1
     -9.16868195651944668800e-05 	 5 4 4 2
     -5.84295923149449883600e-05 	 5 4 4 3
     -1.90187060809397854959e-04 	 5 4 4 4
      2.57150704523511303503e-05 	 5 4 5 1
      8.56950892269451940889e-05 	 5 4 5 2
      1.23741954917428261802e-06 	 5 4 5 3
      3.76917638456823592998e-04 	 5 4 5 4
      2.12448683001657638580e-03 	 5 4 5 5
      1.30522519181226894858e-04 	 5 4 6 1
     -9.74361533708398906047e-07 	 5 4 6 2
      9.03863004405734697568e-06 	 5 4 6 3
     -6.60100162214239706560e-05 	 5 4 6 4
     -2.65534420479248603594e-05 	 5 4 6 5
      1.38875556394908294261e-03 	 5 4 6 6
      1.30566517070183070421e-05 	 5 4 7 1
     -2.89093286059647932142e-05 	 5 4 7 2
     -1.92400283738296856337e-05 	 5 4 7 3
      5.99208098253991476925e-04 	 5 4 7 4
      3.51427700441063977201e-05 	 5 4 7 5
     -1.96130207328990165388e-05 	 5 4 7 6
     -2.04097915926720017976e-03 	 5 4 7 7
      8.74538297011036162062e-06 	 5 4 8 1
      1.35598581719096146681e-05 	 5 4 8 2
      2.75869570890411856873e-07 	 5 4 8 3
      6.04312537608455999983e-05 	 5 4 8 4
      4.33948415565149918285e-04 	 5 4 8 5
     -6.41142932389632422762e-06 	 5 4 8 6
      2.59028450891993271494e-05 	 5 4 8 7
     -1.38033916585533766863e-03 	 5 4 8 8
     -3.32013010142171086764e-05 	 5 4 9 1
      5.14391021235895192095e-05 	 5 4 9 2
      6.30112774768508074747e-06 	 5 4 9 3
      5.05800105912161570947e-04 	 5 4 9 4
     -6.47021489925299450770e-04 	 5 4 9 5
      4.58574649858062657372e-05 	 5 4 9 6
      2.87081830456123455987e-05 	 5 4 9 7
     -9.00795711184719077305e-05 	 5 4 9 8
      5.23647689802723709934e-03 	 5 4 9 9
      1.37200584965700034257e-01 	 5 5 1 1
     -1.07006591221949610244e-04 	 5 5 2 1
      1.93293821713537317120e-01 	 5 5 2 2
      9.43545564866179499453e-04 	 5 5 3 1
     -3.03392844002536681003e-05 	 5 5 3 2
      1.09398477896716528335e-01 	 5 5 3 3
      2.88781590242671469190e-03 	 5 5 4 1
     -1.15022374373790364256e-03 	 5 5 4 2
     -3.96563438711890930196e-04 	 5 5 4 3
      2.00350766439425592713e-01 	 5 5 4 4
      1.33595924072604354399e-03 	 5 5 5 1
     -2.04335166990685145397e-03 	 5 5 5 2
      7.22172778382511098769e-04 	 5 5 5 3
      2.12448683001630099845e-03 	 5 5 5 4
      5.18446381535993428002e-01 	 5 5 5 5
      1.36083654729684891280e-05 	 5 5 6 1
     -5.24989626372107492903e-06 	 5 5 6 2
      5.94137808946095446680e-04 	 5 5 6 3
     -3.32816946445117908468e-04 	 5 5 6 4
      3.87436206317078691641e-05 	 5 5 6 5
      1.25652866144493557954e-01 	 5 5 6 6
     -1.73814246424425548031e-03 	 5 5 7 1
      3.65496834075704993966e-03 	 5 5 7 2
      6.16436652869046332369e-05 	 5 5 7 3
     -2.44256095197442450739e-03 	 5 5 7 4
     -1.78859797626946008184e-03 	 5 5 7 5
      2.86688792359903279507e-04 	 5 5 7 6
      1.68785817790836484287e-01 	 5 5 7 7
      2.46740788531872366917e-06 	 5 5 8 1
     -1.95606742520685293607e-03 	 5 5 8 2
     -1.32286028098281961511e-04 	 5 5 8 3
      9.13624802919951045643e-04 	 5 5 8 4
     -1.58311669719856905336e-02 	 5 5 8 5
     -1.42847170828484289077e-04 	 5 5 8 6
     -1.11402026010223496010e-03 	 5 5 8 7
      2.97438493259362835008e-01 	 5 5 8 8
      1.50268278121211797463e-03 	 5 5 9 1
     -1.29391396512062994972e-03 	 5 5 9 2
      8.40187349110375751061e-04 	 5 5 9 3
      1.43159327248490344901e-03 	 5 5 9 4
     -1.64319219813260988805e-02 	 5 5 9 5
      1.63140844823411669713e-03 	 5 5 9 6
     -8.61683679486719518101e-04 	 5 5 9 7
     -6.24835058535416071335e-03 	 5 5 9 8
      2.98487130367822650623e-01 	 5 5 9 9
      8.48872872419277309589e-04 	 6 1 1 1
      4.70672027649480560567e-05 	 6 1 2 1
     -9.43544253156229965028e-04 	 6 1 2 2
      1.37241612948428332204e-03 	 6 1 3 1
      1.89235451182953084414e-06 	 6 1 3 2
     -3.98323050145054161075e-03 	 6 1 3 3
      7.63882927595530025235e-04 	 6 1 4 1
     -1.03716909128741263668e-04 	 6 1 4 2
     -1.07961636825276016617e-04 	 6 1 4 3
     -2.50209271140973627326e-03 	 6 1 4 4
     -1.11160101199343135190e-04 	 6 1 5 1
     -1.54860237729241920252e-06 	 6 1 5 2
     -4.34183231611903819785e-06 	 6 1 5 3
      1.30522519181238577136e-04 	 6 1 5 4
      1.36083654729450229272e-05 	 6 1 5 5
      5.30940682804923944071e-03 	 6 1 6 1
     -1.36989958329164690699e-05 	 6 1 6 2
      4.33155710675948491840e-04 	 6 1 6 3
      3.73174788758764481482e-05 	 6 1 6 4
      3.60115015911003643286e-06 	 6 1 6 5
      1.10708960457561352009e-02 	 6 1 6 6
     -2.41443780138316298558e-05 	 6 1 7 1
      6.14502864709625008918e-05 	 6 1 7 2
      9.59984972728415884781e-06 	 6 1 7 3
      4.05480038408176650562e-04 	 6 1 7 4
      2.44218852792646414428e-05 	 6 1 7 5
      8.43944638487623838025e-05 	 6 1 7 6
     -2.38853121457551983986e-03 	 6 1 7 7
     -3.11222445980324931812e-05 	 6 1 8 1
      3.45061233908905918221e-07 	 6 1 8 2
     -1.22666120865007209982e-06 	 6 1 8 3
      3.58761381384387507141e-05 	 6 1 8 4
      3.35002445994153895967e-05 	 6 1 8 5
     -2.55330635126896899581e-06 	 6 1 8 6
      2.21454646942745886243e-05 	 6 1 8 7
     -3.97704287140791476213e-04 	 6 1 8 8
     -4.11419470638987199752e-04 	 6 1 9 1
      3.67679034254035468077e-05 	 6 1 9 2
     -1.34723989727880625586e-05 	 6 1 9 3
      3.95451246695997077861e-04 	 6 1 9 4
      1.16590862935664514588e-04 	 6 1 9 5
     -1.34365578765690760199e-04 	 6 1 9 6
     -2.99538281967173823162e-05 	 6 1 9 7
      2.10161912130847099091e-05 	 6 1 9 8
      8.64348688138727775342e-04 	 6 1 9 9
      2.03725739602278162546e-04 	 6 2 1 1
     -6.32624829019139740154e-06 	 6 2 2 1
     -7.22172660290006248295e-04 	 6 2 2 2
     -4.34191037027288947038e-06 	 6 2 3 1
      1.89318711644263844865e-06 	 6 2 3 2
      2.31959569301469254073e-04 	 6 2 3 3
     -2.14271325093273192451e-05 	 6 2 4 1
     -1.23747725847080324612e-06 	 6 2 4 2
      1.01851429083098191486e-06 	 6 2 4 3
      3.27495121315765072220e-04 	 6 2 4 4
      3.06532769372560260408e-07 	 6 2 5 1
      6.80732553670368396642e-06 	 6 2 5 2
     -7.70372716385326392894e-07 	 6 2 5 3
     -9.74361533709890531067e-07 	 6 2 5 4
     -5.24989626372573191617e-06 	 6 2 5 5
     -1.36989958329148681776e-05 	 6 2 6 1
      4.41267567800074304293e-06 	 6 2 6 2
      7.61947445429723014664e-06 	 6 2 6 3
      7.40956528184022355957e-06 	 6 2 6 4
     -5.75570835846840820742e-06 	 6 2 6 5
     -3.70723076955789391553e-04 	 6 2 6 6
     -5.53514755455462794005e-06 	 6 2 7 1
     -8.81100653046561038651e-06 	 6 2 7 2
     -4.51824062579105220438e-06 	 6 2 7 3
     -4.04339873211741215419e-05 	 6 2 7 4
     -1.56272076963895754720e-06 	 6 2 7 5
     -2.66918551475635803749e-06 	 6 2 7 6
      1.57849780912982227445e-04 	 6 2 7 7
      8.76959887780083992005e-07 	 6 2 8 1
      1.66874688071294841583e-05 	 6 2 8 2
      2.87737820985273952989e-07 	 6 2 8 3
     -1.84521628038455518869e-06 	 6 2 8 4
     -8.53281310296245490031e-06 	 6 2 8 5
     -2.12752689717076439661e-06 	 6 2 8 6
     -1.79011264435860907986e-05 	 6 2 8 7
     -2.30782843461597834706e-04 	 6 2 8 8
      7.45816131512854696509e-06 	 6 2 9 1
     -9.95890750205423039363e-06 	 6 2 9 2
     -7.96882986402453151454e-07 	 6 2 9 3
      1.69269367962877812990e-06 	 6 2 9 4
     -4.75858171791618653646e-06 	 6 2 9 5
     -7.55732896127266410674e-06 	 6 2 9 6
      1.27997136939713079747e-05 	 6 2 9 7
     -6.84913903927865652180e-07 	 6 2 9 8
      1.84315187970382043502e-04 	 6 2 9 9
      6.08295803549518607212e-03 	 6 3 1 1
      5.20759051188614290111e-06 	 6 3 2 1
      5.94139758546646215738e-04 	 6 3 2 2
     -4.33154913709713244255e-04 	 6 3 3 1
      2.78139106610776096304e-05 	 6 3 3 2
     -1.33222868341173087759e-04 	 6 3 3 3
     -8.55461392063265032909e-05 	 6 3 4 1
      9.03863383396247206973e-06 	 6 3 4 2
     -9.61832978819171415929e-05 	 6 3 4 3
      2.15783421965276859741e-03 	 6 3 4 4
      5.20766690523408585411e-06 	 6 3 5 1
      1.57474804299146660376e-06 	 6 3 5 2
     -7.61955275747157490814e-06 	 6 3 5 3
      9.03863004406058772374e-06 	 6 3 5 4
      5.94137808946096639302e-04 	 6 3 5 5
      4.33155710675943883981e-04 	 6 3 6 1
      7.61947445429694300247e-06 	 6 3 6 2
      3.01331602546991202812e-04 	 6 3 6 3
      9.61834630452310074917e-05 	 6 3 6 4
     -2.78138016817424168082e-05 	 6 3 6 5
     -1.33210810937040724121e-04 	 6 3 6 6
      4.21388446973258343990e-05 	 6 3 7 1
     -1.69099123120938176466e-05 	 6 3 7 2
     -6.72293449696685971708e-05 	 6 3 7 3
     -2.36166493467540526924e-05 	 6 3 7 4
      1.01408998777886410889e-05 	 6 3 7 5
     -4.80120344552195396588e-06 	 6 3 7 6
      1.14963701238410178490e-03 	 6 3 7 7
      4.27315969774753858705e-06 	 6 3 8 1
     -1.04619220493301120215e-05 	 6 3 8 2
      8.41219939959196818971e-06 	 6 3 8 3
     -1.15586254404730735400e-05 	 6 3 8 4
     -1.04619021795591765433e-05 	 6 3 8 5
     -8.41207032017358522934e-06 	 6 3 8 6
     -8.01017783634713066807e-06 	 6 3 8 7
      4.87165476387108379273e-04 	 6 3 8 8
     -4.21388531280315257977e-05 	 6 3 9 1
     -1.01408977600063155794e-05 	 6 3 9 2
     -4.80124923774753248400e-06 	 6 3 9 3
      2.36166650643521504359e-05 	 6 3 9 4
      1.69100935907467306231e-05 	 6 3 9 5
     -6.72292731218630194422e-05 	 6 3 9 6
      5.24155621985407783967e-05 	 6 3 9 7
      8.01018244546180886083e-06 	 6 3 9 8
      1.14963561688586506961e-03 	 6 3 9 9
      4.32769025799589236725e-03 	 6 4 1 1
     -7.21202215012563683025e-06 	 6 4 2 1
      3.96564306961063304559e-04 	 6 4 2 2
     -1.07961570988456039217e-04 	 6 4 3 1
      9.94100218650245261273e-06 	 6 4 3 2
      2.59558656833070713552e-03 	 6 4 3 3
     -4.93705914888876670234e-04 	 6 4 4 1
      5.84302403820065443868e-05 	 6 4 4 2
     -7.97349283814625866152e-05 	 6 4 4 3
      4.31543429895233591337e-03 	 6 4 4 4
      2.97161682969273396751e-05 	 6 4 5 1
     -3.14529313082424823189e-06 	 6 4 5 2
      1.01844736770933233158e-06 	 6 4 5 3
     -6.60100162214160153225e-05 	 6 4 5 4
     -3.32816946445117745838e-04 	 6 4 5 5
      3.73174788758687503128e-05 	 6 4 6 1
      7.40956528183999147254e-06 	 6 4 6 2
      9.61834630452305467058e-05 	 6 4 6 3
      3.25724154578592602332e-04 	 6 4 6 4
     -3.26731131783856328641e-05 	 6 4 6 5
     -4.99168606698992180920e-03 	 6 4 6 6
      2.31350519947776625703e-05 	 6 4 7 1
     -1.21613268080244244689e-04 	 6 4 7 2
     -3.38374264889424302013e-05 	 6 4 7 3
     -8.19394769147376711557e-05 	 6 4 7 4
     -1.94912029914818475982e-06 	 6 4 7 5
      1.72739024569330918367e-05 	 6 4 7 6
      1.58334308016734354348e-03 	 6 4 7 7
      1.05199919567545048798e-05 	 6 4 8 1
      1.71134653293818319089e-05 	 6 4 8 2
      4.91526275869686161046e-06 	 6 4 8 3
     -6.89532367104519821818e-05 	 6 4 8 4
     -8.53434989720657928808e-06 	 6 4 8 5
     -1.23822480142750643214e-05 	 6 4 8 6
     -2.43365325175826917065e-05 	 6 4 8 7
      5.54048667441076469212e-06 	 6 4 8 8
      8.47841248219861144718e-05 	 6 4 9 1
     -3.33726848582541985662e-05 	 6 4 9 2
      1.67533272825462170717e-06 	 6 4 9 3
     -2.92338476678162279693e-04 	 6 4 9 4
      2.35750260019540964281e-05 	 6 4 9 5
     -7.58798450997606618819e-05 	 6 4 9 6
      8.81322172460830097641e-05 	 6 4 9 7
      5.34490298663661798792e-06 	 6 4 9 8
     -4.39191630752766386508e-04 	 6 4 9 9
      5.03652898317091660997e-05 	 6 5 1 1
     -6.14910060321557739107e-07 	 6 5 2 1
      3.03405806675180029456e-05 	 6 5 2 2
      1.89240047780445939182e-06 	 6 5 3 1
     -2.06929737980375777153e-06 	 6 5 3 2
      2.96294787269268919991e-05 	 6 5 3 3
      6.47895477855387234368e-05 	 6 5 4 1
      7.70475553091179830838e-07 	 6 5 4 2
      9.94092202862916320735e-06 	 6 5 4 3
     -4.89275220484941888999e-04 	 6 5 4 4
     -1.27538035640799692119e-06 	 6 5 5 1
     -1.57773014231093370132e-05 	 6 5 5 2
      1.89299354994193062285e-06 	 6 5 5 3
     -2.65534420479270626451e-05 	 6 5 5 4
      3.87436206317031393322e-05 	 6 5 5 5
      3.60115015911140523810e-06 	 6 5 6 1
     -5.75570835846842599511e-06 	 6 5 6 2
     -2.78138016817422033559e-05 	 6 5 6 3
     -3.26731131783854092474e-05 	 6 5 6 4
      4.07733958924012292310e-05 	 6 5 6 5
      3.33376732908969870134e-03 	 6 5 6 6
      1.55288705576042092630e-05 	 6 5 7 1
      3.06385595946974585726e-06 	 6 5 7 2
      4.35026669515913174107e-06 	 6 5 7 3
     -1.00397335095883771366e-05 	 6 5 7 4
     -6.10436463016578655208e-06 	 6 5 7 5
      1.26751796047288450842e-05 	 6 5 7 6
     -1.43575548511257471574e-04 	 6 5 7 7
     -2.28680994129103567526e-06 	 6 5 8 1
     -1.71395524108581880878e-06 	 6 5 8 2
     -9.54412318737589221928e-07 	 6 5 8 3
     -1.56478975136484781663e-06 	 6 5 8 4
     -6.63108505680110640315e-05 	 6 5 8 5
      1.31648588940878010140e-05 	 6 5 8 6
     -8.87863116712590433411e-07 	 6 5 8 7
      2.36245677292829322916e-04 	 6 5 8 8
     -1.26962351061426248510e-05 	 6 5 9 1
     -5.69702231434391241557e-06 	 6 5 9 2
      3.59968121891256404973e-07 	 6 5 9 3
     -9.83697355816292849672e-06 	 6 5 9 4
      6.81543908034211844225e-05 	 6 5 9 5
      4.60252104046119265299e-05 	 6 5 9 6
     -9.91909183083215803350e-06 	 6 5 9 7
     -9.48389117584008898861e-07 	 6 5 9 8
     -7.10393161965668009511e-04 	 6 5 9 9
      3.74591898731618022644e-01 	 6 6 1 1
      2.84511785321985325673e-04 	 6 6 2 1
      1.09398464684407087377e-01 	 6 6 2 2
      3.98324249016654245714e-03 	 6 6 3 1
     -2.96284287962163362458e-05 	 6 6 3 2
      2.33433313864069319488e-01 	 6 6 3 3
     -5.21229829727350634991e-04 	 6 6 4 1
     -3.42315112724262641131e-04 	 6 6 4 2
     -2.59558227418551666285e-03 	 6 6 4 3
      2.15295117812131453494e-01 	 6 6 4 4
     -5.51231190605829739042e-04 	 6 6 5 1
      4.62834210194651852598e-04 	 6 6 5 2
     -2.31960218701528073830e-04 	 6 6 5 3
      1.38875556394908424365e-03 	 6 6 5 4
      1.25652866144493391420e-01 	 6 6 5 5
      1.10708960457561837731e-02 	 6 6 6 1
     -3.70723076955790421545e-04 	 6 6 6 2
     -1.33210810937019799019e-04 	 6 6 6 3
     -4.99168606698990793141e-03 	 6 6 6 4
      3.33376732908969653293e-03 	 6 6 6 5
      7.68419304432481631295e-01 	 6 6 6 6
      1.44771308363008549026e-03 	 6 6 7 1
     -2.70228609050089890829e-04 	 6 6 7 2
     -9.41207475517657696229e-04 	 6 6 7 3
      1.35301770192007694490e-03 	 6 6 7 4
      7.09321735152688569344e-04 	 6 6 7 5
      4.29211845994056202195e-04 	 6 6 7 6
      1.44099793807813819635e-01 	 6 6 7 7
      1.18230982344605729838e-05 	 6 6 8 1
     -8.84658724870032676588e-04 	 6 6 8 2
     -5.74958791547608904712e-05 	 6 6 8 3
     -5.86486593552510847467e-04 	 6 6 8 4
     -2.80064860404575502115e-04 	 6 6 8 5
      1.14932260496604420411e-03 	 6 6 8 6
     -5.05396923526487567603e-04 	 6 6 8 7
      1.04395602010773719259e-01 	 6 6 8 8
     -3.82833068016190684532e-03 	 6 6 9 1
     -9.90035694203236850170e-06 	 6 6 9 2
     -1.84255603731935216653e-04 	 6 6 9 3
      3.20285997436027970037e-03 	 6 6 9 4
      2.51453943031812888337e-03 	 6 6 9 5
      2.77667762736043353261e-03 	 6 6 9 6
      2.64865054525947451330e-03 	 6 6 9 7
      9.77482382525463999040e-04 	 6 6 9 8
      1.87106774895729383035e-01 	 6 6 9 9
      5.24608859017948805925e-03 	 7 1 1 1
     -6.75855722663236644927e-06 	 7 1 2 1
     -1.50267598183535691474e-03 	 7 1 2 2
     -4.11417877107904937130e-04 	 7 1 3 1
     -1.26962935484455069203e-05 	 7 1 3 2
      3.82832645897229068011e-03 	 7 1 3 3
      3.16483714952055293721e-04 	 7 1 4 1
      3.32008068934015285081e-05 	 7 1 4 2
      8.47842577595298729385e-05 	 7 1 4 3
     -5.02989744420659270346e-03 	 7 1 4 4
      2.38153249878990947428e-05 	 7 1 5 1
      6.23413432206105746396e-06 	 7 1 5 2
      7.45809399766957778683e-06 	 7 1 5 3
      1.30566517070336112334e-05 	 7 1 5 4
     -1.73814246424429125898e-03 	 7 1 5 5
     -2.41443780138227868319e-05 	 7 1 6 1
     -5.53514755455459998796e-06 	 7 1 6 2
      4.21388446973273387295e-05 	 7 1 6 3
      2.31350519947825008225e-05 	 7 1 6 4
      1.55288705576041889342e-05 	 7 1 6 5
      1.44771308363006727567e-03 	 7 1 6 6
      4.07946144455988526142e-04 	 7 1 7 1
     -2.60998902929755836194e-04 	 7 1 7 2
     -9.06231165808902927952e-06 	 7 1 7 3
      7.74085998287793453088e-04 	 7 1 7 4
     -4.85386843315713787696e-05 	 7 1 7 5
     -4.61881785649884712996e-05 	 7 1 7 6
     -3.45914671710168810867e-03 	 7 1 7 7
     -8.31694003773076858451e-06 	 7 1 8 1
      1.87664379445694819463e-04 	 7 1 8 2
     -5.33739538032126487846e-06 	 7 1 8 3
      2.48796565396378581555e-05 	 7 1 8 4
      1.15368424903643463026e-04 	 7 1 8 5
      6.92777692407188399920e-06 	 7 1 8 6
      1.18866049060497018275e-05 	 7 1 8 7
     -1.57494287886273320529e-03 	 7 1 8 8
     -1.77190319854216791476e-04 	 7 1 9 1
      3.43243242960103933040e-05 	 7 1 9 2
     -1.09302228210820559604e-05 	 7 1 9 3
     -2.12715974159505705893e-04 	 7 1 9 4
      8.49543757055759709640e-05 	 7 1 9 5
      1.03403223511691416751e-05 	 7 1 9 6
     -1.73223349448926899116e-04 	 7 1 9 7
     -1.32898929060266517968e-05 	 7 1 9 8
     -2.34829777151417508699e-03 	 7 1 9 9
     -1.37201381296599340433e-03 	 7 2 1 1
      1.05299715177782049719e-04 	 7 2 2 1
      1.64319091970598490926e-02 	 7 2 2 2
      1.16590513544860343589e-04 	 7 2 3 1
      6.81544115037186176275e-05 	 7 2 3 2
     -2.51453408949841228023e-03 	 7 2 3 3
      5.87740760740204128132e-04 	 7 2 4 1
      6.47022824338740632638e-04 	 7 2 4 2
      2.35742761658822275975e-05 	 7 2 4 3
      2.96963086434474466194e-03 	 7 2 4 4
     -3.00856507652722031604e-05 	 7 2 5 1
      3.93825736139782965183e-04 	 7 2 5 2
     -4.75832645297890545526e-06 	 7 2 5 3
     -2.89093286059372544790e-05 	 7 2 5 4
      3.65496834075716529877e-03 	 7 2 5 5
      6.14502864709515233448e-05 	 7 2 6 1
     -8.81100653046787027042e-06 	 7 2 6 2
     -1.69099123120964874945e-05 	 7 2 6 3
     -1.21613268080246209805e-04 	 7 2 6 4
      3.06385595946751265490e-06 	 7 2 6 5
     -2.70228609050090107669e-04 	 7 2 6 6
     -2.60998902929740223683e-04 	 7 2 7 1
      7.23172218798963113012e-03 	 7 2 7 2
      2.99180841648009172243e-04 	 7 2 7 3
      4.59442506496429117942e-04 	 7 2 7 4
      8.75971340049998541556e-05 	 7 2 7 5
      1.58206152151423793924e-04 	 7 2 7 6
      1.60128492459287036231e-02 	 7 2 7 7
      6.65401686426385060094e-05 	 7 2 8 1
      5.39884104267621036527e-04 	 7 2 8 2
      1.88924080835551999700e-05 	 7 2 8 3
      2.74213587668927340560e-04 	 7 2 8 4
     -6.50419048376181161385e-04 	 7 2 8 5
     -1.67049606156724510979e-05 	 7 2 8 6
      7.53782882403429771792e-04 	 7 2 8 7
      2.17102009265075042085e-03 	 7 2 8 8
      8.49542727778999044860e-05 	 7 2 9 1
     -9.04747820468883767655e-05 	 7 2 9 2
      4.41873766236388265585e-05 	 7 2 9 3
      5.38619828447259849959e-04 	 7 2 9 4
     -4.95412518143871862843e-04 	 7 2 9 5
      3.54763556121396740725e-05 	 7 2 9 6
     -3.50551900999882719637e-04 	 7 2 9 7
     -4.43668155408707111050e-05 	 7 2 9 8
      3.64691954283599900979e-03 	 7 2 9 9
     -1.75927550762448653074e-03 	 7 3 1 1
      8.40493842262317783606e-06 	 7 3 2 1
      1.63140637142566730794e-03 	 7 3 2 2
      1.34365771319502089014e-04 	 7 3 3 1
     -4.60250932200776064146e-05 	 7 3 3 2
      2.77666845936610021117e-03 	 7 3 3 3
      1.95465799353286795404e-04 	 7 3 4 1
      4.58571501069121549164e-05 	 7 3 4 2
      7.58797730594977602042e-05 	 7 3 4 3
     -1.06977155488088165360e-03 	 7 3 4 4
     -2.47139754985627033544e-06 	 7 3 5 1
      5.95813511097669279074e-06 	 7 3 5 2
      7.55743784999638457665e-06 	 7 3 5 3
     -1.92400283738242070246e-05 	 7 3 5 4
      6.16436652868884515195e-05 	 7 3 5 5
      9.59984972728764354136e-06 	 7 3 6 1
     -4.51824062579121991690e-06 	 7 3 6 2
     -6.72293449696684345404e-05 	 7 3 6 3
     -3.38374264889394486453e-05 	 7 3 6 4
      4.35026669515877344613e-06 	 7 3 6 5
     -9.41207475517660623575e-04 	 7 3 6 6
     -9.06231165808961373225e-06 	 7 3 7 1
      2.99180841648006299108e-04 	 7 3 7 2
      1.38838706282965205835e-04 	 7 3 7 3
      3.35834119558833397914e-05 	 7 3 7 4
     -3.58239063122078781813e-05 	 7 3 7 5
      2.34901402435396279285e-05 	 7 3 7 6
      3.08765355973649119684e-03 	 7 3 7 7
     -2.78051662131398830170e-08 	 7 3 8 1
      1.26269870527060345898e-05 	 7 3 8 2
     -1.46814051536494253556e-05 	 7 3 8 3
      2.60508549635931061287e-05 	 7 3 8 4
     -4.97607153597279221196e-06 	 7 3 8 5
      1.18279394564247733164e-06 	 7 3 8 6
      7.08107199112951903996e-05 	 7 3 8 7
      5.48206450392642969868e-04 	 7 3 8 8
     -1.03402083084152347954e-05 	 7 3 9 1
      5.89637659907340336583e-06 	 7 3 9 2
      1.56290542725689648746e-05 	 7 3 9 3
     -3.86283515998558959191e-05 	 7 3 9 4
     -3.54767394741922783533e-05 	 7 3 9 5
      1.60464282312172900290e-05 	 7 3 9 6
     -6.61886904040300992017e-05 	 7 3 9 7
     -4.53874042224782462692e-06 	 7 3 9 8
     -4.72641477416698341154e-04 	 7 3 9 9
     -9.69633633667828513832e-04 	 7 4 1 1
      1.13471295099348709829e-04 	 7 4 2 1
     -1.43158637251026730694e-03 	 7 4 2 2
      3.95451747820451781756e-04 	 7 4 3 1
     -9.83755082108320897869e-06 	 7 4 3 2
     -3.20285498892608835875e-03 	 7 4 3 3
     -1.08768452258656148426e-03 	 7 4 4 1
     -5.05800568866035266807e-04 	 7 4 4 2
     -2.92339094160371090400e-04 	 7 4 4 3
     -1.27253906607711370774e-02 	 7 4 4 4
      3.15449008669431234424e-06 	 7 4 5 1
      3.62165839504931174274e-05 	 7 4 5 2
      1.69255349971593965545e-06 	 7 4 5 3
      5.99208098254009908362e-04 	 7 4 5 4
     -2.44256095197462790372e-03 	 7 4 5 5
      4.05480038408204839818e-04 	 7 4 6 1
     -4.04339873211743654874e-05 	 7 4 6 2
     -2.36166493467481336261e-05 	 7 4 6 3
     -8.19394769147229531112e-05 	 7 4 6 4
     -1.00397335095877808254e-05 	 7 4 6 5
      1.35301770192006285028e-03 	 7 4 6 6
      7.74085998287798006737e-04 	 7 4 7 1
      4.59442506496368782091e-04 	 7 4 7 2
      3.35834119558837666960e-05 	 7 4 7 3
      6.80718693972068213810e-03 	 7 4 7 4
     -1.05004775873986802375e-04 	 7 4 7 5
     -1.78781216879599953598e-04 	 7 4 7 6
     -1.47227069496093411483e-02 	 7 4 7 7
     -3.68192665647576991802e-06 	 7 4 8 1
      6.37862492695366167100e-04 	 7 4 8 2
     -7.42611480363683870579e-06 	 7 4 8 3
      3.06393999212331044382e-06 	 7 4 8 4
      4.67302968982371126714e-04 	 7 4 8 5
     -2.18802252792707558463e-06 	 7 4 8 6
      3.63228899789704007522e-04 	 7 4 8 7
     -2.86816597624485773374e-03 	 7 4 8 8
     -2.12716229589157799097e-04 	 7 4 9 1
      2.78694081469943759008e-04 	 7 4 9 2
     -2.05980095222708281977e-05 	 7 4 9 3
      1.48494771901356561669e-03 	 7 4 9 4
      5.38620210804050827090e-04 	 7 4 9 5
      3.86283849801466149508e-05 	 7 4 9 6
     -9.12189099442201316997e-04 	 7 4 9 7
      2.04787896699945310558e-05 	 7 4 9 8
      4.22633103121576548730e-04 	 7 4 9 9
      7.95324258970910393830e-04 	 7 5 1 1
      2.18441855194225539177e-06 	 7 5 2 1
      1.29391349063425788180e-03 	 7 5 2 2
      3.67679076283866350535e-05 	 7 5 3 1
     -5.69683008042421875451e-06 	 7 5 3 2
      9.90150002997249460202e-06 	 7 5 3 3
      8.85749452719870403296e-07 	 7 5 4 1
     -5.14397054090496474088e-05 	 7 5 4 2
     -3.33727309446467336387e-05 	 7 5 4 3
      1.77618108187373537933e-03 	 7 5 4 4
     -1.90785847285907176458e-05 	 7 5 5 1
     -4.35917202198499555491e-05 	 7 5 5 2
     -9.95835594304301336896e-06 	 7 5 5 3
      3.51427700441198892609e-05 	 7 5 5 4
     -1.78859797626942300212e-03 	 7 5 5 5
      2.44218852792622731387e-05 	 7 5 6 1
     -1.56272076963829050876e-06 	 7 5 6 2
      1.01408998777889223039e-05 	 7 5 6 3
     -1.94912029915696256225e-06 	 7 5 6 4
     -6.10436463016506657408e-06 	 7 5 6 5
      7.09321735152671764210e-04 	 7 5 6 6
     -4.85386843315664592022e-05 	 7 5 7 1
      8.75971340049921021100e-05 	 7 5 7 2
     -3.58239063122066720064e-05 	 7 5 7 3
     -1.05004775873975228517e-04 	 7 5 7 4
      1.19850897807410649914e-04 	 7 5 7 5
     -1.71069757991732269743e-06 	 7 5 7 6
     -1.85754647643779032852e-03 	 7 5 7 7
     -1.57742064262949312712e-07 	 7 5 8 1
     -2.97512025609710038365e-04 	 7 5 8 2
     -5.81044187635480342476e-07 	 7 5 8 3
     -9.35524857789619997800e-06 	 7 5 8 4
     -4.41019613452613143466e-05 	 7 5 8 5
      3.13256751224355741486e-07 	 7 5 8 6
      4.62005358636450471732e-05 	 7 5 8 7
      1.30335965414745042802e-03 	 7 5 8 8
      3.43244556532835558586e-05 	 7 5 9 1
     -3.35706721265198293995e-06 	 7 5 9 2
      9.10685133368564983937e-06 	 7 5 9 3
      2.78693542787785254831e-04 	 7 5 9 4
     -9.04737118495437469363e-05 	 7 5 9 5
     -5.89625829797067223730e-06 	 7 5 9 6
      8.24448504107911153953e-05 	 7 5 9 7
      4.26408771122518053887e-05 	 7 5 9 8
      1.40941908433087157576e-03 	 7 5 9 9
      2.33349455414454782457e-05 	 7 6 1 1
     -1.87627997436233488851e-07 	 7 6 2 1
      8.40191398896018002730e-04 	 7 6 2 2
      1.34724174354404154142e-05 	 7 6 3 1
     -3.59868233376555751033e-07 	 7 6 3 2
     -1.84255770217275351933e-04 	 7 6 3 3
      9.77528431573304216551e-05 	 7 6 4 1
      6.30161625604064618727e-06 	 7 6 4 2
     -1.67547415829429180621e-06 	 7 6 4 3
      7.83738145731068674982e-04 	 7 6 4 4
     -1.36488120094229412590e-06 	 7 6 5 1
     -1.22205009754444000430e-06 	 7 6 5 2
      7.96913415998027694380e-07 	 7 6 5 3
     -1.96130207329032686442e-05 	 7 6 5 4
      2.86688792359908375257e-04 	 7 6 5 5
      8.43944638487632376117e-05 	 7 6 6 1
     -2.66918551475642961177e-06 	 7 6 6 2
     -4.80120344552164649292e-06 	 7 6 6 3
      1.72739024569329122658e-05 	 7 6 6 4
      1.26751796047287840978e-05 	 7 6 6 5
      4.29211845994053816950e-04 	 7 6 6 6
     -4.61881785649890947158e-05 	 7 6 7 1
      1.58206152151426396009e-04 	 7 6 7 2
      2.34901402435393839830e-05 	 7 6 7 3
     -1.78781216879603531466e-04 	 7 6 7 4
     -1.71069757991408491399e-06 	 7 6 7 5
      3.20280035107532783057e-05 	 7 6 7 6
      1.72984710563152616417e-03 	 7 6 7 7
      1.55173831180320667968e-06 	 7 6 8 1
     -4.64161993610747515863e-05 	 7 6 8 2
      7.73404509592298721974e-07 	 7 6 8 3
     -1.20893100119080485654e-06 	 7 6 8 4
     -3.42228910868370343832e-05 	 7 6 8 5
      3.27153350858618273219e-06 	 7 6 8 6
      1.64632394677757935592e-05 	 7 6 8 7
      4.90473433818707361780e-04 	 7 6 8 8
      1.09302291598319747956e-05 	 7 6 9 1
     -9.10701855306853859384e-06 	 7 6 9 2
      7.62523167715574976179e-06 	 7 6 9 3
      2.05981323183463652278e-05 	 7 6 9 4
     -4.41871486099747312463e-05 	 7 6 9 5
      1.56294053252158912952e-05 	 7 6 9 6
      1.73541161611202194583e-05 	 7 6 9 7
     -9.08854824363164441088e-07 	 7 6 9 8
      1.02008872144200733929e-04 	 7 6 9 9
      2.02570365914830824439e-01 	 7 7 1 1
      1.33260816874814869235e-04 	 7 7 2 1
      2.98487132798569754222e-01 	 7 7 2 2
     -8.64347787240903769369e-04 	 7 7 3 1
      7.10393972968470684137e-04 	 7 7 3 2
      1.87106715601853046405e-01 	 7 7 3 3
      2.72079171804989446495e-03 	 7 7 4 1
      5.23647957224340244997e-03 	 7 7 4 2
      4.39188991126617813386e-04 	 7 7 4 3
      3.05611785429979632145e-01 	 7 7 4 4
     -1.12283600910569413933e-04 	 7 7 5 1
      1.12663253740910682295e-03 	 7 7 5 2
     -1.84314445582192112591e-04 	 7 7 5 3
     -2.04097915926726176244e-03 	 7 7 5 4
      1.68785817790836345509e-01 	 7 7 5 5
     -2.38853121457550119158e-03 	 7 7 6 1
      1.57849780912981712449e-04 	 7 7 6 2
      1.14963701238410200174e-03 	 7 7 6 3
      1.58334308016735048237e-03 	 7 7 6 4
     -1.43575548511255763956e-04 	 7 7 6 5
      1.44099793807814124946e-01 	 7 7 6 6
     -3.45914671710168247082e-03 	 7 7 7 1
      1.60128492459286619898e-02 	 7 7 7 2
      3.08765355973648599267e-03 	 7 7 7 3
     -1.47227069496094434969e-02 	 7 7 7 4
     -1.85754647643780810944e-03 	 7 7 7 5
      1.72984710563152594733e-03 	 7 7 7 6
      5.19502157208237003161e-01 	 7 7 7 7
      3.22354041109451845172e-04 	 7 7 8 1
     -1.80571061849520327069e-03 	 7 7 8 2
      2.80348283647429688190e-04 	 7 7 8 3
      5.77990703292913395560e-04 	 7 7 8 4
     -3.47348208712054858094e-03 	 7 7 8 5
     -3.73654853457810876677e-05 	 7 7 8 6
      2.22100780669785358504e-03 	 7 7 8 7
      1.93460637031504151251e-01 	 7 7 8 8
      2.34830277630618386095e-03 	 7 7 9 1
     -1.40942774413870311988e-03 	 7 7 9 2
      1.02011327888309395501e-04 	 7 7 9 3
     -4.22618137876652896160e-04 	 7 7 9 4
     -3.64692578902994042275e-03 	 7 7 9 5
     -4.72647180280582430642e-04 	 7 7 9 6
      2.45259257796484261838e-03 	 7 7 9 7
      5.21085365947539106216e-04 	 7 7 9 8
      1.91214598795442836110e-01 	 7 7 9 9
      5.19345372462869840982e-04 	 8 1 1 1
      2.59954917120620637708e-06 	 8 1 2 1
      2.46306820760561431629e-06 	 8 1 2 2
      3.11222321167509751523e-05 	 8 1 3 1
      2.28674763874879858616e-06 	 8 1 3 2
      1.18214420560325439598e-05 	 8 1 3 3
     -4.23807293617946853701e-05 	 8 1 4 1
      8.74578353345546704440e-06 	 8 1 4 2
     -1.05199192763559078964e-05 	 8 1 4 3
      3.96792616446931672991e-04 	 8 1 4 4
      2.59932879301753314374e-06 	 8 1 5 1
      3.44475833813275367028e-05 	 8 1 5 2
     -8.76946811351211941548e-07 	 8 1 5 3
      8.74538297010472715745e-06 	 8 1 5 4
      2.46740788535467005338e-06 	 8 1 5 5
     -3.11222445980359965095e-05 	 8 1 6 1
      8.76959887780387653316e-07 	 8 1 6 2
      4.27315969774638746928e-06 	 8 1 6 3
      1.05199919567528497774e-05 	 8 1 6 4
     -2.28680994129059733571e-06 	 8 1 6 5
      1.18230982344668816852e-05 	 8 1 6 6
     -8.31694003773130560340e-06 	 8 1 7 1
      6.65401686426341827532e-05 	 8 1 7 2
     -2.78051662131265389393e-08 	 8 1 7 3
     -3.68192665646889158697e-06 	 8 1 7 4
     -1.57742064266625462173e-07 	 8 1 7 5
      1.55173831180329879451e-06 	 8 1 7 6
      3.22354041109467620314e-04 	 8 1 7 7
      1.52950611613219906104e-05 	 8 1 8 1
      2.98932007219637522978e-05 	 8 1 8 2
      5.39597586487141330170e-06 	 8 1 8 3
      2.88657045585440402062e-05 	 8 1 8 4
      2.98925992932298633276e-05 	 8 1 8 5
     -5.39598182298177133184e-06 	 8 1 8 6
      3.45846685414996913693e-06 	 8 1 8 7
     -1.53026385695296976257e-03 	 8 1 8 8
      8.31686551830375576282e-06 	 8 1 9 1
      1.57663858955691090662e-07 	 8 1 9 2
      1.55176054318560485472e-06 	 8 1 9 3
      3.68112462548056802603e-06 	 8 1 9 4
     -6.65404295228642260951e-05 	 8 1 9 5
     -2.78376864113762118065e-08 	 8 1 9 6
     -1.17735302767353043708e-06 	 8 1 9 7
     -3.45888095308780965856e-06 	 8 1 9 8
      3.22350838771390398822e-04 	 8 1 9 9
     -1.15965709615451157202e-03 	 8 2 1 1
      4.91712885114895206676e-05 	 8 2 2 1
     -1.58311865425707527788e-02 	 8 2 2 2
     -3.35001931222772043623e-05 	 8 2 3 1
      6.63112236748229083583e-05 	 8 2 3 2
     -2.80066215277420820125e-04 	 8 2 3 3
     -1.98132146497502367949e-04 	 8 2 4 1
      4.33946223030988746574e-04 	 8 2 4 2
      8.53447659359326641921e-06 	 8 2 4 3
     -3.85958763356566200015e-03 	 8 2 4 4
      3.70139658581775893927e-05 	 8 2 5 1
      6.94224072739483936967e-04 	 8 2 5 2
      8.53262854550382954060e-06 	 8 2 5 3
      1.35598581719464182497e-05 	 8 2 5 4
     -1.95606742520694747850e-03 	 8 2 5 5
      3.45061233931384584455e-07 	 8 2 6 1
      1.66874688071280509786e-05 	 8 2 6 2
     -1.04619220493266696796e-05 	 8 2 6 3
      1.71134653293931584335e-05 	 8 2 6 4
     -1.71395524108715246215e-06 	 8 2 6 5
     -8.84658724870024111391e-04 	 8 2 6 6
      1.87664379445665654425e-04 	 8 2 7 1
      5.39884104267733901973e-04 	 8 2 7 2
      1.26269870526964326244e-05 	 8 2 7 3
      6.37862492695237797563e-04 	 8 2 7 4
     -2.97512025609663634512e-04 	 8 2 7 5
     -4.64161993610683276884e-05 	 8 2 7 6
     -1.80571061849539842709e-03 	 8 2 7 7
      2.98932007219624038213e-05 	 8 2 8 1
      7.00679570371427664494e-03 	 8 2 8 2
     -1.47860818663447939227e-05 	 8 2 8 3
     -2.75683885768602816423e-05 	 8 2 8 4
     -5.81274267326370571926e-04 	 8 2 8 5
     -3.65331090956747588853e-05 	 8 2 8 6
     -6.73464760309509390297e-04 	 8 2 8 7
     -1.57357195380475600732e-02 	 8 2 8 8
     -1.15368159360703477143e-04 	 8 2 9 1
      4.41019337620772661560e-05 	 8 2 9 2
     -3.42228561931377897902e-05 	 8 2 9 3
     -4.67302659965574654528e-04 	 8 2 9 4
      6.50418276788671456332e-04 	 8 2 9 5
     -4.97604604411336353683e-06 	 8 2 9 6
     -1.03424068950235499629e-04 	 8 2 9 7
     -4.23770701519667026495e-04 	 8 2 9 8
     -3.47347916658358527031e-03 	 8 2 9 9
     -3.33184830009823716029e-05 	 8 3 1 1
      5.59996452197689634046e-07 	 8 3 2 1
      1.42849562823086192109e-04 	 8 3 2 2
     -2.55367121154316588120e-06 	 8 3 3 1
      1.31647846492706755664e-05 	 8 3 3 2
     -1.14931958422093746103e-03 	 8 3 3 3
     -1.66116319218287484464e-05 	 8 3 4 1
      6.41151496992576966496e-06 	 8 3 4 2
     -1.23824065684494402596e-05 	 8 3 4 3
      2.12025087938635909768e-04 	 8 3 4 4
      7.75780566126696902722e-08 	 8 3 5 1
      1.15237653363548391862e-05 	 8 3 5 2
     -2.12751695465084979047e-06 	 8 3 5 3
      2.75869570888883227101e-07 	 8 3 5 4
     -1.32286028098272800003e-04 	 8 3 5 5
     -1.22666120865082468859e-06 	 8 3 6 1
      2.87737820985331392410e-07 	 8 3 6 2
      8.41219939959168189257e-06 	 8 3 6 3
      4.91526275869631103905e-06 	 8 3 6 4
     -9.54412318737468307975e-07 	 8 3 6 5
     -5.74958791547596775201e-05 	 8 3 6 6
     -5.33739538032117339891e-06 	 8 3 7 1
      1.88924080835541733660e-05 	 8 3 7 2
     -1.46814051536493609811e-05 	 8 3 7 3
     -7.42611480363536825659e-06 	 8 3 7 4
     -5.81044187636216731744e-07 	 8 3 7 5
      7.73404509592276593238e-07 	 8 3 7 6
      2.80348283647431477123e-04 	 8 3 7 7
      5.39597586487150224015e-06 	 8 3 8 1
     -1.47860818663458476317e-05 	 8 3 8 2
      6.56960942533299866993e-06 	 8 3 8 3
      1.00724921064307133649e-05 	 8 3 8 4
      3.65330385323142181955e-05 	 8 3 8 5
     -1.84509260678684976438e-06 	 8 3 8 6
      6.32366802529229377348e-06 	 8 3 8 7
     -5.86952099749836280450e-04 	 8 3 8 8
      6.92779832909086392708e-06 	 8 3 9 1
      3.13325648950437726545e-07 	 8 3 9 2
     -3.27106013810796402463e-06 	 8 3 9 3
     -2.18823990681978240388e-06 	 8 3 9 4
     -1.67046096703035281609e-05 	 8 3 9 5
     -1.18286294561197122712e-06 	 8 3 9 6
      1.66358412951129531251e-06 	 8 3 9 7
      5.07710715964758324727e-06 	 8 3 9 8
      3.73606988999938287766e-05 	 8 3 9 9
     -1.53955154496139209885e-03 	 8 4 1 1
      3.37736507656052786338e-06 	 8 4 2 1
      9.13626044631783143166e-04 	 8 4 2 2
     -3.58764975588328258031e-05 	 8 4 3 1
      1.56459820348065177144e-06 	 8 4 3 2
     -5.86484744718936113449e-04 	 8 4 3 3
      7.10722163837975036676e-05 	 8 4 4 1
      6.04321701352602435502e-05 	 8 4 4 2
      6.89541582736380285644e-05 	 8 4 4 3
     -4.19589877838949087269e-03 	 8 4 4 4
      3.37675271909754698280e-06 	 8 4 5 1
      5.67227965176378539909e-05 	 8 4 5 2
      1.84518790684395450705e-06 	 8 4 5 3
      6.04312537608172413352e-05 	 8 4 5 4
      9.13624802920137745257e-04 	 8 4 5 5
      3.58761381384275156690e-05 	 8 4 6 1
     -1.84521628038298351905e-06 	 8 4 6 2
     -1.15586254404774018784e-05 	 8 4 6 3
     -6.89532367104594225192e-05 	 8 4 6 4
     -1.56478975136301695491e-06 	 8 4 6 5
     -5.86486593552492524450e-04 	 8 4 6 6
      2.48796565396388339375e-05 	 8 4 7 1
      2.74213587668907499660e-04 	 8 4 7 2
      2.60508549635938616820e-05 	 8 4 7 3
      3.06393999216364699981e-06 	 8 4 7 4
     -9.35524857792022352645e-06 	 8 4 7 5
     -1.20893100119123070235e-06 	 8 4 7 6
      5.77990703292989181292e-04 	 8 4 7 7
      2.88657045585450227644e-05 	 8 4 8 1
     -2.75683885768550368143e-05 	 8 4 8 2
      1.00724921064303034009e-05 	 8 4 8 3
      1.77967946044066882214e-04 	 8 4 8 4
     -2.75692359606023211440e-05 	 8 4 8 5
     -1.00726443287633966970e-05 	 8 4 8 6
      5.25119029292739713621e-05 	 8 4 8 7
     -2.71391845579802134733e-03 	 8 4 8 8
     -2.48801288503937257594e-05 	 8 4 9 1
      9.35520038153751718184e-06 	 8 4 9 2
     -1.20925980680332424842e-06 	 8 4 9 3
     -3.06554626020215945778e-06 	 8 4 9 4
     -2.74213144585930994942e-04 	 8 4 9 5
      2.60509562656198199256e-05 	 8 4 9 6
     -1.01183944752930262464e-04 	 8 4 9 7
     -5.25113955525356103002e-05 	 8 4 9 8
      5.77986256180313675776e-04 	 8 4 9 9
     -1.15965548138125115404e-03 	 8 5 1 1
      3.70137593974471059062e-05 	 8 5 2 1
     -1.95606145425402441068e-03 	 8 5 2 2
     -3.44901923591641143821e-07 	 8 5 3 1
      1.71377260624684186796e-06 	 8 5 3 2
     -8.84658656566638811232e-04 	 8 5 3 3
     -1.98132534920797442109e-04 	 8 5 4 1
      1.35594817535636823523e-05 	 8 5 4 2
     -1.71132956934754256774e-05 	 8 5 4 3
     -3.85958636994227334907e-03 	 8 5 4 4
      4.91724636688377770687e-05 	 8 5 5 1
      6.94221965249543129101e-04 	 8 5 5 2
     -1.66882162242890975685e-05 	 8 5 5 3
      4.33948415565119994305e-04 	 8 5 5 4
     -1.58311669719860478867e-02 	 8 5 5 5
      3.35002445994396689491e-05 	 8 5 6 1
     -8.53281310296214827438e-06 	 8 5 6 2
     -1.04619021795544077478e-05 	 8 5 6 3
     -8.53434989720631331973e-06 	 8 5 6 4
     -6.63108505680076352421e-05 	 8 5 6 5
     -2.80064860404596806687e-04 	 8 5 6 6
      1.15368424903646891815e-04 	 8 5 7 1
     -6.50419048376123264989e-04 	 8 5 7 2
     -4.97607153597656913188e-06 	 8 5 7 3
      4.67302968982358224708e-04 	 8 5 7 4
     -4.41019613452322645046e-05 	 8 5 7 5
     -3.42228910868380711515e-05 	 8 5 7 6
     -3.47348208712064225601e-03 	 8 5 7 7
      2.98925992932179201630e-05 	 8 5 8 1
     -5.81274267326317771280e-04 	 8 5 8 2
      3.65330385323127545226e-05 	 8 5 8 3
     -2.75692359606545288667e-05 	 8 5 8 4
      7.00678828484662102188e-03 	 8 5 8 5
      1.47861650854753992184e-05 	 8 5 8 6
      4.23770630273049967764e-04 	 8 5 8 7
     -1.57356869049613996847e-02 	 8 5 8 8
     -1.87664679702578086678e-04 	 8 5 9 1
      2.97511326612003316940e-04 	 8 5 9 2
     -4.64159946751918235370e-05 	 8 5 9 3
     -6.37861845470970019283e-04 	 8 5 9 4
     -5.39885844841181861305e-04 	 8 5 9 5
      1.26270948674304561070e-05 	 8 5 9 6
     -1.03424382441866794706e-04 	 8 5 9 7
      6.73465684200834596544e-04 	 8 5 9 8
     -1.80569634350609430941e-03 	 8 5 9 9
      3.33212843543715802079e-05 	 8 6 1 1
     -7.75480962443520958545e-08 	 8 6 2 1
      1.32281748867022337602e-04 	 8 6 2 2
     -1.22661740777463722526e-06 	 8 6 3 1
     -9.54396899201045596580e-07 	 8 6 3 2
      5.74972801740721294354e-05 	 8 6 3 3
      1.66115596039996111209e-05 	 8 6 4 1
     -2.75858447642770860525e-07 	 8 6 4 2
      4.91520863280666329661e-06 	 8 6 4 3
     -2.12023292570894959699e-04 	 8 6 4 4
     -5.59949848287267742497e-07 	 8 6 5 1
     -1.15238652715491346576e-05 	 8 6 5 2
      2.87658270632802744801e-07 	 8 6 5 3
     -6.41142932389593713356e-06 	 8 6 5 4
     -1.42847170828489655877e-04 	 8 6 5 5
     -2.55330635126867931054e-06 	 8 6 6 1
     -2.12752689717081310100e-06 	 8 6 6 2
     -8.41207032017344631593e-06 	 8 6 6 3
     -1.23822480142747627776e-05 	 8 6 6 4
      1.31648588940877281692e-05 	 8 6 6 5
      1.14932260496604311990e-03 	 8 6 6 6
      6.92777692407162734822e-06 	 8 6 7 1
     -1.67049606156711568316e-05 	 8 6 7 2
      1.18279394564236764087e-06 	 8 6 7 3
     -2.18802252792884418942e-06 	 8 6 7 4
      3.13256751224820921393e-07 	 8 6 7 5
      3.27153350858626574142e-06 	 8 6 7 6
     -3.73654853457843267217e-05 	 8 6 7 7
     -5.39598182298183994151e-06 	 8 6 8 1
     -3.65331090956734036326e-05 	 8 6 8 2
     -1.84509260678683261196e-06 	 8 6 8 3
     -1.00726443287638303778e-05 	 8 6 8 4
      1.47861650854738220430e-05 	 8 6 8 5
      6.56917423187472409121e-06 	 8 6 8 6
      5.07701398616958824312e-06 	 8 6 8 7
      5.86952779648462503320e-04 	 8 6 8 8
     -5.33733458411079932890e-06 	 8 6 9 1
     -5.81225910880759480311e-07 	 8 6 9 2
     -7.73395591075753621683e-07 	 8 6 9 3
     -7.42578327521777017321e-06 	 8 6 9 4
      1.88922316708207936055e-05 	 8 6 9 5
      1.46810883501556374515e-05 	 8 6 9 6
     -1.66352153032443648944e-06 	 8 6 9 7
      6.32363986310862877667e-06 	 8 6 9 8
     -2.80344818521018404600e-04 	 8 6 9 9
     -9.43309569658852564190e-04 	 8 7 1 1
      4.47965178117502136495e-05 	 8 7 2 1
      6.24834624946663495793e-03 	 8 7 2 2
      2.10159336876628648444e-05 	 8 7 3 1
     -9.48504064186301748448e-07 	 8 7 3 2
     -9.77484866670817612380e-04 	 8 7 3 3
      6.35542765987705618198e-05 	 8 7 4 1
      9.00802585676597469735e-05 	 8 7 4 2
      5.34469732962987719864e-06 	 8 7 4 3
     -9.16976314033616504359e-04 	 8 7 4 4
     -3.43241322770927677127e-06 	 8 7 5 1
     -6.42535333667893296394e-05 	 8 7 5 2
     -6.84658881796479170511e-07 	 8 7 5 3
      2.59028450891807466346e-05 	 8 7 5 4
     -1.11402026010211526418e-03 	 8 7 5 5
      2.21454646942616866184e-05 	 8 7 6 1
     -1.79011264435851319573e-05 	 8 7 6 2
     -8.01017783635009020119e-06 	 8 7 6 3
     -2.43365325175888140606e-05 	 8 7 6 4
     -8.87863116711053809766e-07 	 8 7 6 5
     -5.05396923526459812027e-04 	 8 7 6 6
      1.18866049060587362809e-05 	 8 7 7 1
      7.53782882403377404827e-04 	 8 7 7 2
      7.08107199112984972162e-05 	 8 7 7 3
      3.63228899789751712417e-04 	 8 7 7 4
      4.62005358636146691836e-05 	 8 7 7 5
      1.64632394677739876850e-05 	 8 7 7 6
      2.22100780669793685176e-03 	 8 7 7 7
      3.45846685415272199401e-06 	 8 7 8 1
     -6.73464760309523376505e-04 	 8 7 8 2
      6.32366802529214977788e-06 	 8 7 8 3
      5.25119029292834242498e-05 	 8 7 8 4
      4.23770630273079945954e-04 	 8 7 8 5
      5.07701398616984828224e-06 	 8 7 8 6
      3.90279693690754356065e-04 	 8 7 8 7
      1.41093923456672861415e-03 	 8 7 8 8
     -1.32900282691096041296e-05 	 8 7 9 1
      4.26408110578988796819e-05 	 8 7 9 2
      9.08856066998318296000e-07 	 8 7 9 3
      2.04785501979045528125e-05 	 8 7 9 4
     -4.43664177195902292069e-05 	 8 7 9 5
      4.53866576573522847570e-06 	 8 7 9 6
     -1.02403792236126746297e-04 	 8 7 9 7
      9.32442338683869538594e-05 	 8 7 9 8
     -5.21100086600728902055e-04 	 8 7 9 9
      1.21056939676460875721e-01 	 8 8 1 1
      6.74332212807127233606e-05 	 8 8 2 1
      2.97438547526590157943e-01 	 8 8 2 2
      3.97703896642368978642e-04 	 8 8 3 1
     -2.36244815957824862976e-04 	 8 8 3 2
      1.04395599747340458996e-01 	 8 8 3 3
      2.66476364349681107274e-03 	 8 8 4 1
     -1.38033284953589991707e-03 	 8 8 4 2
     -5.54249514282174418227e-06 	 8 8 4 3
      1.75627208668024809013e-01 	 8 8 4 4
      6.74308853654273445029e-05 	 8 8 5 1
     -6.36015568690749891201e-03 	 8 8 5 2
      2.30784049514076884798e-04 	 8 8 5 3
     -1.38033916585527738699e-03 	 8 8 5 4
      2.97438493259362335408e-01 	 8 8 5 5
     -3.97704287140758408047e-04 	 8 8 6 1
     -2.30782843461599704955e-04 	 8 8 6 2
      4.87165476387113420813e-04 	 8 8 6 3
      5.54048667442619000912e-06 	 8 8 6 4
      2.36245677292828780815e-04 	 8 8 6 5
      1.04395602010773622115e-01 	 8 8 6 6
     -1.57494287886274751675e-03 	 8 8 7 1
      2.17102009265085840739e-03 	 8 8 7 2
      5.48206450392635488873e-04 	 8 8 7 3
     -2.86816597624493709734e-03 	 8 8 7 4
      1.30335965414754713886e-03 	 8 8 7 5
      4.90473433818713650152e-04 	 8 8 7 6
      1.93460637031503901451e-01 	 8 8 7 7
     -1.53026385695297496674e-03 	 8 8 8 1
     -1.57357195380476537483e-02 	 8 8 8 2
     -5.86952099749835629929e-04 	 8 8 8 3
     -2.71391845579804953659e-03 	 8 8 8 4
     -1.57356869049614343792e-02 	 8 8 8 5
      5.86952779648459250714e-04 	 8 8 8 6
      1.41093923456675376764e-03 	 8 8 8 7
      5.17967979257410116034e-01 	 8 8 8 8
      1.57494331726526991776e-03 	 8 8 9 1
     -1.30336128648264343993e-03 	 8 8 9 2
      4.90472510708521956813e-04 	 8 8 9 3
      2.86816827554962515065e-03 	 8 8 9 4
     -2.17101669600249696027e-03 	 8 8 9 5
      5.48204309655078866025e-04 	 8 8 9 6
     -2.71134609994538899099e-04 	 8 8 9 7
     -1.41092951170195403214e-03 	 8 8 9 8
      1.93460581680630683277e-01 	 8 8 9 9
     -5.24609094382042645544e-03 	 9 1 1 1
     -2.38151050540770587902e-05 	 9 1 2 1
      1.73814050167278664333e-03 	 9 1 2 2
     -2.41458892920782226886e-05 	 9 1 3 1
      1.55287901497763963614e-05 	 9 1 3 2
     -1.44771081025789642369e-03 	 9 1 3 3
     -3.16482496359765772161e-04 	 9 1 4 1
     -1.30567664348329307754e-05 	 9 1 4 2
      2.31353712085642240846e-05 	 9 1 4 3
      5.02989844917450107387e-03 	 9 1 4 4
      6.75815170462679006382e-06 	 9 1 5 1
     -6.23417998176829665579e-06 	 9 1 5 2
     -5.53523491689055772183e-06 	 9 1 5 3
     -3.32013010142237765198e-05 	 9 1 5 4
      1.50268278121216134272e-03 	 9 1 5 5
     -4.11419470638989042896e-04 	 9 1 6 1
      7.45816131512837078224e-06 	 9 1 6 2
     -4.21388531280322305292e-05 	 9 1 6 3
      8.47841248219855181606e-05 	 9 1 6 4
     -1.26962351061424520563e-05 	 9 1 6 5
     -3.82833068016189947275e-03 	 9 1 6 6
     -1.77190319854223703264e-04 	 9 1 7 1
      8.49542727778751711239e-05 	 9 1 7 2
     -1.03402083084192819188e-05 	 9 1 7 3
     -2.12716229589152540716e-04 	 9 1 7 4
      3.43244556532878181284e-05 	 9 1 7 5
      1.09302291598345480817e-05 	 9 1 7 6
      2.34830277630621291757e-03 	 9 1 7 7
      8.31686551830459263137e-06 	 9 1 8 1
     -1.15368159360693353405e-04 	 9 1 8 2
      6.92779832909134334773e-06 	 9 1 8 3
     -2.48801288503920215291e-05 	 9 1 8 4
     -1.87664679702554966067e-04 	 9 1 8 5
     -5.33733458411134397109e-06 	 9 1 8 6
     -1.32900282691171020652e-05 	 9 1 8 7
      1.57494331726528292818e-03 	 9 1 8 8
      4.07946276923153530215e-04 	 9 1 9 1
     -4.85390231708525426600e-05 	 9 1 9 2
      4.61881604402350912975e-05 	 9 1 9 3
      7.74085468077174228448e-04 	 9 1 9 4
     -2.61000750892440784145e-04 	 9 1 9 5
      9.06231961679916504207e-06 	 9 1 9 6
      1.73223637319608537088e-04 	 9 1 9 7
      1.18858617681459084189e-05 	 9 1 9 8
      3.45914829883289375728e-03 	 9 1 9 9
     -7.95322233515131926662e-04 	 9 2 1 1
      1.90783688492206259576e-05 	 9 2 2 1
      1.78858400911412521693e-03 	 9 2 2 2
      2.44219050631974206767e-05 	 9 2 3 1
     -6.10414355570223970878e-06 	 9 2 3 2
     -7.09321495307273014105e-04 	 9 2 3 3
     -8.85967760688702172909e-07 	 9 2 4 1
     -3.51435120351138653889e-05 	 9 2 4 2
     -1.94911491021058698667e-06 	 9 2 4 3
     -1.77618186382391077954e-03 	 9 2 4 4
     -2.18443380754078577560e-06 	 9 2 5 1
      4.35914263646212040652e-05 	 9 2 5 2
     -1.56262008473152146231e-06 	 9 2 5 3
      5.14391021236011269490e-05 	 9 2 5 4
     -1.29391396512070519335e-03 	 9 2 5 5
      3.67679034254009650512e-05 	 9 2 6 1
     -9.95890750205430662660e-06 	 9 2 6 2
     -1.01408977600069440778e-05 	 9 2 6 3
     -3.33726848582551201381e-05 	 9 2 6 4
     -5.69702231434436473116e-06 	 9 2 6 5
     -9.90035694203114708019e-06 	 9 2 6 6
      3.43243242960131919009e-05 	 9 2 7 1
     -9.04747820468687527062e-05 	 9 2 7 2
      5.89637659907542438644e-06 	 9 2 7 3
      2.78694081469929610170e-04 	 9 2 7 4
     -3.35706721263496393046e-06 	 9 2 7 5
     -9.10701855306911965844e-06 	 9 2 7 6
     -1.40942774413868880841e-03 	 9 2 7 7
      1.57663858952936539517e-07 	 9 2 8 1
      4.41019337620509200432e-05 	 9 2 8 2
      3.13325648949759782549e-07 	 9 2 8 3
      9.35520038153512516080e-06 	 9 2 8 4
      2.97511326611961412526e-04 	 9 2 8 5
     -5.81225910880117111700e-07 	 9 2 8 6
      4.26408110579073567877e-05 	 9 2 8 7
     -1.30336128648264821042e-03 	 9 2 8 8
     -4.85390231708584583381e-05 	 9 2 9 1
      1.19850508108695715426e-04 	 9 2 9 2
      1.71071085323054338384e-06 	 9 2 9 3
     -1.05005224965123978003e-04 	 9 2 9 4
      8.75978520670163174388e-05 	 9 2 9 5
      3.58239371437247899150e-05 	 9 2 9 6
     -8.24447770511003026053e-05 	 9 2 9 7
      4.62005610980720625848e-05 	 9 2 9 8
      1.85754285486240287503e-03 	 9 2 9 9
      2.33335272735783401420e-05 	 9 3 1 1
     -1.36485452177989747085e-06 	 9 3 2 1
      2.86690886278428611576e-04 	 9 3 2 2
     -8.43944376803636235043e-05 	 9 3 3 1
     -1.26751829837615097204e-05 	 9 3 3 2
      4.29218087386999745496e-04 	 9 3 3 3
      9.77531501928416543448e-05 	 9 3 4 1
     -1.96129466756650994706e-05 	 9 3 4 2
     -1.72739760391890587318e-05 	 9 3 4 3
      7.83736858744008457918e-04 	 9 3 4 4
     -1.87765837203817150373e-07 	 9 3 5 1
     -1.22191951347435799109e-06 	 9 3 5 2
      2.66907876991560953205e-06 	 9 3 5 3
      6.30112774768292674269e-06 	 9 3 5 4
      8.40187349110386267823e-04 	 9 3 5 5
     -1.34723989727894821858e-05 	 9 3 6 1
     -7.96882986402324296566e-07 	 9 3 6 2
     -4.80124923774768410289e-06 	 9 3 6 3
      1.67533272825329059489e-06 	 9 3 6 4
      3.59968121891312467967e-07 	 9 3 6 5
     -1.84255603731934132451e-04 	 9 3 6 6
     -1.09302228210814189916e-05 	 9 3 7 1
      4.41873766236287299257e-05 	 9 3 7 2
      1.56290542725685278056e-05 	 9 3 7 3
     -2.05980095222680973635e-05 	 9 3 7 4
      9.10685133368540928201e-06 	 9 3 7 5
      7.62523167715588952222e-06 	 9 3 7 6
      1.02011327888322920923e-04 	 9 3 7 7
      1.55176054318560654878e-06 	 9 3 8 1
     -3.42228561931343271195e-05 	 9 3 8 2
     -3.27106013810788101540e-06 	 9 3 8 3
     -1.20925980680279442931e-06 	 9 3 8 4
     -4.64159946751873173218e-05 	 9 3 8 5
     -7.73395591075866912340e-07 	 9 3 8 6
      9.08856066994582986581e-07 	 9 3 8 7
      4.90472510708527269403e-04 	 9 3 8 8
      4.61881604402332210488e-05 	 9 3 9 1
      1.71071085323211251237e-06 	 9 3 9 2
      3.20286026023822856376e-05 	 9 3 9 3
      1.78780468901116196961e-04 	 9 3 9 4
     -1.58205858757147417885e-04 	 9 3 9 5
      2.34900224187884752215e-05 	 9 3 9 6
      1.73542706823754941186e-05 	 9 3 9 7
     -1.64634615387525201971e-05 	 9 3 9 8
      1.72984196917691122539e-03 	 9 3 9 9
      9.69649846602977879585e-04 	 9 4 1 1
     -3.15474916679438084464e-06 	 9 4 2 1
      2.44256514687830493179e-03 	 9 4 2 2
      4.05480006375408177227e-04 	 9 4 3 1
     -1.00396919009099010438e-05 	 9 4 3 2
     -1.35301117221938577151e-03 	 9 4 3 3
      1.08768548574220700123e-03 	 9 4 4 1
     -5.99207307784194761861e-04 	 9 4 4 2
     -8.19392929323761666678e-05 	 9 4 4 3
      1.27254289925866209687e-02 	 9 4 4 4
     -1.13472946432303933850e-04 	 9 4 5 1
     -3.62167833172475731062e-05 	 9 4 5 2
     -4.04344987062780621633e-05 	 9 4 5 3
      5.05800105912104216652e-04 	 9 4 5 4
      1.43159327248512397573e-03 	 9 4 5 5
      3.95451246696003149393e-04 	 9 4 6 1
      1.69269367962783877036e-06 	 9 4 6 2
      2.36166650643521470478e-05 	 9 4 6 3
     -2.92338476678157997094e-04 	 9 4 6 4
     -9.83697355816115819786e-06 	 9 4 6 5
      3.20285997436024630694e-03 	 9 4 6 6
     -2.12715974159541213514e-04 	 9 4 7 1
      5.38619828447225914431e-04 	 9 4 7 2
     -3.86283515998699769948e-05 	 9 4 7 3
      1.48494771901355000418e-03 	 9 4 7 4
      2.78693542787774033338e-04 	 9 4 7 5
      2.05981323183567227467e-05 	 9 4 7 6
     -4.22618137876692361119e-04 	 9 4 7 7
      3.68112462548460117341e-06 	 9 4 8 1
     -4.67302659965503314025e-04 	 9 4 8 2
     -2.18823990681818066458e-06 	 9 4 8 3
     -3.06554626019932867367e-06 	 9 4 8 4
     -6.37861845470858346459e-04 	 9 4 8 5
     -7.42578327521896110154e-06 	 9 4 8 6
      2.04785501978708849469e-05 	 9 4 8 7
      2.86816827554975872436e-03 	 9 4 8 8
      7.74085468077182468384e-04 	 9 4 9 1
     -1.05005224965111292838e-04 	 9 4 9 2
      1.78780468901121509552e-04 	 9 4 9 3
      6.80719275148559174043e-03 	 9 4 9 4
      4.59441298008014201854e-04 	 9 4 9 5
     -3.35833602679460775241e-05 	 9 4 9 6
      9.12190542037269892078e-04 	 9 4 9 7
      3.63229172162231751363e-04 	 9 4 9 8
      1.47227227912459721071e-02 	 9 4 9 9
      1.37201915447539334394e-03 	 9 5 1 1
      3.00856349237153093083e-05 	 9 5 2 1
     -3.65496740191938217571e-03 	 9 5 2 2
      6.14504252223421629448e-05 	 9 5 3 1
      3.06386779038562514528e-06 	 9 5 3 2
      2.70229316820451523785e-04 	 9 5 3 3
     -5.87742128949067174637e-04 	 9 5 4 1
      2.89084440099899163293e-05 	 9 5 4 2
     -1.21613464660361907197e-04 	 9 5 4 3
     -2.96963671547229458164e-03 	 9 5 4 4
     -1.05298785003372398494e-04 	 9 5 5 1
     -3.93826974220971045941e-04 	 9 5 5 2
     -8.81112944784025668265e-06 	 9 5 5 3
     -6.47021489925290018211e-04 	 9 5 5 4
     -1.64319219813262307195e-02 	 9 5 5 5
      1.16590862935660787643e-04 	 9 5 6 1
     -4.75858171791814657070e-06 	 9 5 6 2
      1.69100935907463985862e-05 	 9 5 6 3
      2.35750260019553839182e-05 	 9 5 6 4
      6.81543908034193819364e-05 	 9 5 6 5
      2.51453943031815750631e-03 	 9 5 6 6
      8.49543757055709836340e-05 	 9 5 7 1
     -4.95412518143768321535e-04 	 9 5 7 2
     -3.54767394741895678478e-05 	 9 5 7 3
      5.38620210804000303269e-04 	 9 5 7 4
     -9.04737118494743308922e-05 	 9 5 7 5
     -4.41871486099735589527e-05 	 9 5 7 6
     -3.64692578903000287280e-03 	 9 5 7 7
     -6.65404295228687119815e-05 	 9 5 8 1
      6.50418276788638388165e-04 	 9 5 8 2
     -1.67046096703058083736e-05 	 9 5 8 3
     -2.74213144585945740091e-04 	 9 5 8 4
     -5.39885844841285511032e-04 	 9 5 8 5
      1.88922316708216982367e-05 	 9 5 8 6
     -4.43664177195758025417e-05 	 9 5 8 7
     -2.17101669600249912867e-03 	 9 5 8 8
     -2.61000750892429942123e-04 	 9 5 9 1
      8.75978520669903643493e-05 	 9 5 9 2
     -1.58205858757144056858e-04 	 9 5 9 3
      4.59441298008059467294e-04 	 9 5 9 4
      7.23172263155223097458e-03 	 9 5 9 5
     -2.99181055035176049570e-04 	 9 5 9 6
      3.50550149575220898381e-04 	 9 5 9 7
      7.53784980920119184258e-04 	 9 5 9 8
     -1.60128371564248854486e-02 	 9 5 9 9
     -1.75927367512681556358e-03 	 9 6 1 1
     -2.47151345272905826017e-06 	 9 6 2 1
      6.16376534402589260336e-05 	 9 6 2 2
     -9.59974070028615103305e-06 	 9 6 3 1
     -4.35031945279669666896e-06 	 9 6 3 2
     -9.41206708608138082825e-04 	 9 6 3 3
      1.95465883340785500288e-04 	 9 6 4 1
     -1.92400378241519479756e-05 	 9 6 4 2
      3.38372695064618876247e-05 	 9 6 4 3
     -1.06977153450407442420e-03 	 9 6 4 4
      8.40491972365175316582e-06 	 9 6 5 1
      5.95813170842473027641e-06 	 9 6 5 2
      4.51827639645907485027e-06 	 9 6 5 3
      4.58574649858027217513e-05 	 9 6 5 4
      1.63140844823411778133e-03 	 9 6 5 5
     -1.34365578765693037024e-04 	 9 6 6 1
     -7.55732896127248114762e-06 	 9 6 6 2
     -6.72292731218640629868e-05 	 9 6 6 3
     -7.58798450997613937183e-05 	 9 6 6 4
      4.60252104046120688314e-05 	 9 6 6 5
      2.77667762736044047150e-03 	 9 6 6 6
      1.03403223511699497445e-05 	 9 6 7 1
      3.54763556121455355405e-05 	 9 6 7 2
      1.60464282312185199208e-05 	 9 6 7 3
      3.86283849801466623846e-05 	 9 6 7 4
     -5.89625829797490316688e-06 	 9 6 7 5
      1.56294053252156236327e-05 	 9 6 7 6
     -4.72647180280590020057e-04 	 9 6 7 7
     -2.78376864118852951514e-08 	 9 6 8 1
     -4.97604604411324156409e-06 	 9 6 8 2
     -1.18286294561219611437e-06 	 9 6 8 3
      2.60509562656175498773e-05 	 9 6 8 4
      1.26270948674276388754e-05 	 9 6 8 5
      1.46810883501557848353e-05 	 9 6 8 6
      4.53866576573489050956e-06 	 9 6 8 7
      5.48204309655082335472e-04 	 9 6 8 8
      9.06231961680201784904e-06 	 9 6 9 1
      3.58239371437242884715e-05 	 9 6 9 2
      2.34900224187886073586e-05 	 9 6 9 3
     -3.35833602679366517415e-05 	 9 6 9 4
     -2.99181055035173230645e-04 	 9 6 9 5
      1.38838888345651774274e-04 	 9 6 9 6
     -6.61885910547737655631e-05 	 9 6 9 7
     -7.08105864058777216379e-05 	 9 6 9 8
      3.08765627527472384314e-03 	 9 6 9 9
      4.47714873063501973827e-03 	 9 7 1 1
     -1.16977966811345030857e-05 	 9 7 2 1
     -8.61690989882598875130e-04 	 9 7 2 2
      2.99538092201772418856e-05 	 9 7 3 1
      9.91927912602971977149e-06 	 9 7 3 2
      2.64864548782959077777e-03 	 9 7 3 3
     -1.04004234295164530062e-04 	 9 7 4 1
      2.87077904852786525874e-05 	 9 7 4 2
     -8.81321956643193440886e-05 	 9 7 4 3
      9.00959424463367887503e-03 	 9 7 4 4
     -1.16977073491132526619e-05 	 9 7 5 1
     -3.43401679234075059505e-05 	 9 7 5 2
     -1.27997303996101282936e-05 	 9 7 5 3
      2.87081830456009411471e-05 	 9 7 5 4
     -8.61683679486647093396e-04 	 9 7 5 5
     -2.99538281967112599621e-05 	 9 7 6 1
      1.27997136939707336863e-05 	 9 7 6 2
      5.24155621985417474024e-05 	 9 7 6 3
      8.81322172460876311758e-05 	 9 7 6 4
     -9.91909183083149904186e-06 	 9 7 6 5
      2.64865054525946844177e-03 	 9 7 6 6
     -1.73223349448942430312e-04 	 9 7 7 1
     -3.50551900999933297668e-04 	 9 7 7 2
     -6.61886904040352491620e-05 	 9 7 7 3
     -9.12189099442194920205e-04 	 9 7 7 4
      8.24448504107795686422e-05 	 9 7 7 5
      1.73541161611241429150e-05 	 9 7 7 6
      2.45259257796483524580e-03 	 9 7 7 7
     -1.17735302766793260809e-06 	 9 7 8 1
     -1.03424068950224440767e-04 	 9 7 8 2
      1.66358412951227088270e-06 	 9 7 8 3
     -1.01183944752915219159e-04 	 9 7 8 4
     -1.03424382441845151320e-04 	 9 7 8 5
     -1.66352153032579153040e-06 	 9 7 8 6
     -1.02403792236134051109e-04 	 9 7 8 7
     -2.71134609994533369668e-04 	 9 7 8 8
      1.73223637319613578628e-04 	 9 7 9 1
     -8.24447770510925776648e-05 	 9 7 9 2
      1.73542706823779945599e-05 	 9 7 9 3
      9.12190542037255580610e-04 	 9 7 9 4
      3.50550149575194606479e-04 	 9 7 9 5
     -6.61885910547760288351e-05 	 9 7 9 6
      5.65163643457716941866e-04 	 9 7 9 7
      1.02403351359172065126e-04 	 9 7 9 8
      2.45260502611595494760e-03 	 9 7 9 9
      9.43309064807986157215e-04 	 9 8 1 1
      3.43234863774651457376e-06 	 9 8 2 1
      1.11401801828236611189e-03 	 9 8 2 2
      2.21457001356146034651e-05 	 9 8 3 1
     -8.87784626731247591591e-07 	 9 8 3 2
      5.05398219347379020622e-04 	 9 8 3 3
     -6.35551962683967956724e-05 	 9 8 4 1
     -2.59028133840195349581e-05 	 9 8 4 2
     -2.43368491464651098681e-05 	 9 8 4 3
      9.16966039926987459135e-04 	 9 8 4 4
     -4.47966258580611865212e-05 	 9 8 5 1
      6.42529277434403738685e-05 	 9 8 5 2
     -1.79011776203330028978e-05 	 9 8 5 3
     -9.00795711184509284184e-05 	 9 8 5 4
     -6.24835058535428387871e-03 	 9 8 5 5
      2.10161912130863396005e-05 	 9 8 6 1
     -6.84913903929041228032e-07 	 9 8 6 2
      8.01018244546136670963e-06 	 9 8 6 3
      5.34490298663905151358e-06 	 9 8 6 4
     -9.48389117584585834177e-07 	 9 8 6 5
      9.77482382525471805296e-04 	 9 8 6 6
     -1.32898929060265399884e-05 	 9 8 7 1
     -4.43668155408224166745e-05 	 9 8 7 2
     -4.53874042224699538167e-06 	 9 8 7 3
      2.04787896699622963700e-05 	 9 8 7 4
      4.26408771122915549508e-05 	 9 8 7 5
     -9.08854824363274025976e-07 	 9 8 7 6
      5.21085365947512001161e-04 	 9 8 7 7
     -3.45888095309185805254e-06 	 9 8 8 1
     -4.23770701519687138445e-04 	 9 8 8 2
      5.07710715964620512466e-06 	 9 8 8 3
     -5.25113955525447853611e-05 	 9 8 8 4
      6.73465684200770411776e-04 	 9 8 8 5
      6.32363986310975956565e-06 	 9 8 8 6
      9.32442338683859238673e-05 	 9 8 8 7
     -1.41092951170193538386e-03 	 9 8 8 8
      1.18858617681454916787e-05 	 9 8 9 1
      4.62005610980675157119e-05 	 9 8 9 2
     -1.64634615387518764521e-05 	 9 8 9 3
      3.63229172162218090416e-04 	 9 8 9 4
      7.53784980920154854510e-04 	 9 8 9 5
     -7.08105864058786432097e-05 	 9 8 9 6
      1.02403351359168975150e-04 	 9 8 9 7
      3.90279707462786373470e-04 	 9 8 9 8
     -2.22100544369207989273e-03 	 9 8 9 9
      2.02570430667158130067e-01 	 9 9 1 1
     -1.12284141859693030376e-04 	 9 9 2 1
      1.68785750982845511592e-01 	 9 9 2 2
      2.38853492019754564887e-03 	 9 9 3 1
      1.43577050767976259959e-04 	 9 9 3 2
      1.44099801420543349728e-01 	 9 9 3 3
      2.72079240532755719725e-03 	 9 9 4 1
     -2.04097738724359420437e-03 	 9 9 4 2
     -1.58334340602405147964e-03 	 9 9 4 3
      3.05611830430783104617e-01 	 9 9 4 4
      1.33252472797112432330e-04 	 9 9 5 1
      1.12663840883591012329e-03 	 9 9 5 2
     -1.57850712447044191824e-04 	 9 9 5 3
      5.23647689802725097713e-03 	 9 9 5 4
      2.98487130367822872667e-01 	 9 9 5 5
      8.64348688138724089054e-04 	 9 9 6 1
      1.84315187970379251682e-04 	 9 9 6 2
      1.14963561688587027378e-03 	 9 9 6 3
     -4.39191630752768988593e-04 	 9 9 6 4
     -7.10393161965667901091e-04 	 9 9 6 5
      1.87106774895729383035e-01 	 9 9 6 6
     -2.34829777151417161754e-03 	 9 9 7 1
      3.64691954283611566995e-03 	 9 9 7 2
     -4.72641477416693895925e-04 	 9 9 7 3
      4.22633103121537029561e-04 	 9 9 7 4
      1.40941908433091949750e-03 	 9 9 7 5
      1.02008872144200517088e-04 	 9 9 7 6
      1.91214598795442863866e-01 	 9 9 7 7
      3.22350838771393543008e-04 	 9 9 8 1
     -3.47347916658356532099e-03 	 9 9 8 2
      3.73606988999926632592e-05 	 9 9 8 3
      5.77986256180316061021e-04 	 9 9 8 4
     -1.80569634350619644125e-03 	 9 9 8 5
     -2.80344818521019326172e-04 	 9 9 8 6
     -5.21100086600713397963e-04 	 9 9 8 7
      1.93460581680630627766e-01 	 9 9 8 8
      3.45914829883296748303e-03 	 9 9 9 1
      1.85754285486232372827e-03 	 9 9 9 2
      1.72984196917693529467e-03 	 9 9 9 3
      1.47227227912462982351e-02 	 9 9 9 4
     -1.60128371564251803516e-02 	 9 9 9 5
      3.08765627527473468517e-03 	 9 9 9 6
      2.45260502611612972099e-03 	 9 9 9 7
     -2.22100544369224295674e-03 	 9 9 9 8
      5.19502155142752219952e-01 	 9 9 9 9
 # Printing T + V integrals in spatial MO basis
     -2.92745727993243587406e+00 	 1 1 0 0
      1.81844504604371346064e-03 	 1 2 0 0
      1.56059371017948866900e-01 	 1 3 0 0
      1.00767582729026736188e-01 	 1 4 0 0
      1.51118403208145126240e-03 	 1 5 0 0
     -1.56449199536983218906e-01 	 1 6 0 0
      1.25994198530530506636e-02 	 1 7 0 0
     -2.29383938340920129698e-03 	 1 8 0 0
     -1.26207445198020535432e-02 	 1 9 0 0
      1.81844504604477988190e-03 	 2 1 0 0
     -1.97484305864289044763e+00 	 2 2 0 0
     -1.87796684720564831077e-03 	 2 3 0 0
     -1.15264956092803304982e-02 	 2 4 0 0
      1.35853210593333533635e-02 	 2 5 0 0
     -1.56906366883366498247e-03 	 2 6 0 0
     -1.59107148313204604939e-01 	 2 7 0 0
      1.65966924849395319752e-01 	 2 8 0 0
      1.85893736042228342742e-02 	 2 9 0 0
      1.56059371017935488712e-01 	 3 1 0 0
     -1.87796684720511163069e-03 	 3 2 0 0
     -2.57499468754038263185e+00 	 3 3 0 0
      1.30385397917929819062e-02 	 3 4 0 0
      1.42187758078738822783e-03 	 3 5 0 0
     -3.01155310692886382662e-02 	 3 6 0 0
      1.05323899645100652056e-02 	 3 7 0 0
      2.52641746683596242376e-05 	 3 8 0 0
     -1.78130634260149499533e-03 	 3 9 0 0
      1.00767582729027152522e-01 	 4 1 0 0
     -1.15264956092936011328e-02 	 4 2 0 0
      1.30385397917903659432e-02 	 4 3 0 0
     -2.61988542072209984468e+00 	 4 4 0 0
     -1.13155431050792430053e-02 	 4 5 0 0
     -1.39554101208026991310e-02 	 4 6 0 0
      1.67300918783359731101e-01 	 4 7 0 0
     -7.25162679987492557465e-03 	 4 8 0 0
     -1.65191687976926959713e-01 	 4 9 0 0
      1.51118403208041433144e-03 	 5 1 0 0
      1.35853210593246918891e-02 	 5 2 0 0
      1.42187758078632874546e-03 	 5 3 0 0
     -1.13155431050806776216e-02 	 5 4 0 0
     -2.03919834109244746401e+00 	 5 5 0 0
      1.92436818314965221374e-03 	 5 6 0 0
     -1.76270795908907776384e-02 	 5 7 0 0
      1.67689522840175853080e-01 	 5 8 0 0
      1.58601316779856699180e-01 	 5 9 0 0
     -1.56449199536953853507e-01 	 6 1 0 0
     -1.56906366883327640441e-03 	 6 2 0 0
     -3.01155310692913930071e-02 	 6 3 0 0
     -1.39554101208032039355e-02 	 6 4 0 0
      1.92436818315102806630e-03 	 6 5 0 0
     -2.52869197574735782297e+00 	 6 6 0 0
     -1.81390052384060394136e-03 	 6 7 0 0
      5.60278569571273139414e-05 	 6 8 0 0
      1.02453910272003369947e-02 	 6 9 0 0
      1.25994198530478152681e-02 	 7 1 0 0
     -1.59107148313206159251e-01 	 7 2 0 0
      1.05323899645104468448e-02 	 7 3 0 0
      1.67300918783325869299e-01 	 7 4 0 0
     -1.76270795908876239111e-02 	 7 5 0 0
     -1.81390052384184014868e-03 	 7 6 0 0
     -2.22335377515560983497e+00 	 7 7 0 0
     -1.07830492261199832604e-02 	 7 8 0 0
     -3.86241349640348424765e-02 	 7 9 0 0
     -2.29383938340838467590e-03 	 8 1 0 0
      1.65966924849397040598e-01 	 8 2 0 0
      2.52641746688364021429e-05 	 8 3 0 0
     -7.25162679987510164908e-03 	 8 4 0 0
      1.67689522840184346286e-01 	 8 5 0 0
      5.60278569577318650728e-05 	 8 6 0 0
     -1.07830492260907653129e-02 	 8 7 0 0
     -1.95319313160949747932e+00 	 8 8 0 0
      1.29604013857741937055e-02 	 8 9 0 0
     -1.26207445198098424516e-02 	 9 1 0 0
      1.85893736042204611725e-02 	 9 2 0 0
     -1.78130634260034574103e-03 	 9 3 0 0
     -1.65191687976945889016e-01 	 9 4 0 0
      1.58601316779901552190e-01 	 9 5 0 0
      1.02453910271996240233e-02 	 9 6 0 0
     -3.86241349640265574372e-02 	 9 7 0 0
      1.29604013857812991328e-02 	 9 8 0 0
     -2.24656399029184372651e+00 	 9 9 0 0
 # Printing -1/2 \lambda \lambda q integrals in spatial MO basis
      1.04022107393425562033e-02 	 1 1 0 0
      1.93784108708203558135e-04 	 1 2 0 0
      7.25084646878475236331e-04 	 1 3 0 0
      4.65094760002124590730e-04 	 1 4 0 0
     -1.06471690185320073648e-04 	 1 5 0 0
     -9.90550469688195435805e-04 	 1 6 0 0
      6.40117318163755484248e-04 	 1 7 0 0
      9.30481033629711676975e-06 	 1 8 0 0
     -8.16676511327580007329e-04 	 1 9 0 0
      1.93784108708196971607e-04 	 2 1 0 0
      6.33054386553410231020e-02 	 2 2 0 0
      3.19519643638428973422e-05 	 2 3 0 0
     -3.26133117945432598247e-04 	 2 4 0 0
      8.82437506356924727599e-04 	 2 5 0 0
     -1.07527543931483352858e-04 	 2 6 0 0
     -2.17107863474261643735e-03 	 2 7 0 0
      2.57661195137263120125e-03 	 2 8 0 0
      1.14874820735232801606e-03 	 2 9 0 0
      7.25084646878479356299e-04 	 3 1 0 0
      3.19519643638418334689e-05 	 3 2 0 0
      2.99792371563813381599e-03 	 3 3 0 0
      1.73732951279861580734e-05 	 3 4 0 0
     -3.28446506923081330497e-05 	 3 5 0 0
     -6.82549659511855460331e-04 	 3 6 0 0
      2.41692824919625124432e-04 	 3 7 0 0
      5.35036484728805696682e-05 	 3 8 0 0
     -1.95911733104120109033e-04 	 3 9 0 0
      4.65094760002123723368e-04 	 4 1 0 0
     -3.26133117945466859035e-04 	 4 2 0 0
      1.73732951279858023196e-05 	 4 3 0 0
      6.47219436189619672789e-03 	 4 4 0 0
      7.38297819608726274814e-05 	 4 5 0 0
     -1.16314385186359957151e-03 	 4 6 0 0
      4.36646698222215978030e-03 	 4 7 0 0
      2.25171072749850986749e-04 	 4 8 0 0
     -2.37063099544708227526e-03 	 4 9 0 0
     -1.06471690185318054321e-04 	 5 1 0 0
      8.82437506356909982450e-04 	 5 2 0 0
     -3.28446506923078213416e-05 	 5 3 0 0
      7.38297819608808674179e-05 	 5 4 0 0
      8.62497444139917295025e-03 	 5 5 0 0
      4.74842836585269664784e-06 	 5 6 0 0
     -1.71673730324032133452e-04 	 5 7 0 0
      4.36910242228306152507e-03 	 5 8 0 0
      1.82324486528030109238e-03 	 5 9 0 0
     -9.90550469688129082632e-04 	 6 1 0 0
     -1.07527543931481130244e-04 	 6 2 0 0
     -6.82549659511858062416e-04 	 6 3 0 0
     -1.16314385186360282412e-03 	 6 4 0 0
      4.74842836585393331594e-06 	 6 5 0 0
      5.75458094495439748117e-02 	 6 6 0 0
     -2.50593654619619488413e-04 	 6 7 0 0
      1.70007335784293891264e-05 	 6 8 0 0
      2.57496387428183456925e-05 	 6 9 0 0
      6.40117318163752773742e-04 	 7 1 0 0
     -2.17107863474253664007e-03 	 7 2 0 0
      2.41692824919624772067e-04 	 7 3 0 0
      4.36646698222210773860e-03 	 7 4 0 0
     -1.71673730324029585577e-04 	 7 5 0 0
     -2.50593654619621494187e-04 	 7 6 0 0
      3.40865226109193161785e-02 	 7 7 0 0
      9.54256205020669718252e-04 	 7 8 0 0
     -1.76268962585499761042e-03 	 7 9 0 0
      9.30481033629785030028e-06 	 8 1 0 0
      2.57661195137243040701e-03 	 8 2 0 0
      5.35036484728801969737e-05 	 8 3 0 0
      2.25171072749869228451e-04 	 8 4 0 0
      4.36910242228307453549e-03 	 8 5 0 0
      1.70007335784290232082e-05 	 8 6 0 0
      9.54256205020692703338e-04 	 8 7 0 0
      2.54347244659647378495e-02 	 8 8 0 0
      1.04038591631491284320e-03 	 8 9 0 0
     -8.16676511327583910457e-04 	 9 1 0 0
      1.14874820735231955929e-03 	 9 2 0 0
     -1.95911733104118997726e-04 	 9 3 0 0
     -2.37063099544712954647e-03 	 9 4 0 0
      1.82324486528026856631e-03 	 9 5 0 0
      2.57496387428283948914e-05 	 9 6 0 0
     -1.76268962585497939582e-03 	 9 7 0 0
      1.04038591631489397808e-03 	 9 8 0 0
      2.07114327281945863335e-02 	 9 9 0 0
 # Printing \lambda mu integrals in spatial MO basis
     -1.18457555905533098994e-01 	 1 1 0 0
      4.04804258857277283589e-04 	 1 2 0 0
     -1.58188129290302804605e-03 	 1 3 0 0
      2.64229640796622344476e-03 	 1 4 0 0
      1.16784174471636653810e-04 	 1 5 0 0
     -3.47202831069245206747e-03 	 1 6 0 0
      1.28841045070341515995e-03 	 1 7 0 0
     -2.25588011093917460573e-04 	 1 8 0 0
      5.09293372662350529723e-03 	 1 9 0 0
      4.04804258857296690808e-04 	 2 1 0 0
      3.37108795057996457611e-01 	 2 2 0 0
      2.84724326381624289264e-04 	 2 3 0 0
      2.35170027805387416714e-03 	 2 4 0 0
     -2.17924902040194561417e-03 	 2 5 0 0
     -3.32902958951230047106e-04 	 2 6 0 0
     -3.19611327936218615406e-03 	 2 7 0 0
      2.42329451301370605090e-03 	 2 8 0 0
     -2.30918327282695669007e-04 	 2 9 0 0
     -1.58188129290303758703e-03 	 3 1 0 0
      2.84724326381624180844e-04 	 3 2 0 0
      7.82150988423429768814e-03 	 3 3 0 0
      4.47361327860401180451e-03 	 3 4 0 0
      6.76073745520658001126e-05 	 3 5 0 0
      1.53936430004956710353e-03 	 3 6 0 0
      2.25504843434412398373e-03 	 3 7 0 0
      2.33208867814001425973e-04 	 3 8 0 0
     -7.82769341739067355283e-05 	 3 9 0 0
      2.64229640796618788293e-03 	 4 1 0 0
      2.35170027805380824765e-03 	 4 2 0 0
      4.47361327860401093715e-03 	 4 3 0 0
     -1.23037350007605787716e-02 	 4 4 0 0
     -5.36997431521485987099e-03 	 4 5 0 0
      4.87953277791682363262e-03 	 4 6 0 0
      2.74651360126051480651e-03 	 4 7 0 0
     -2.81056816195914037707e-04 	 4 8 0 0
      1.91563515654176387722e-03 	 4 9 0 0
      1.16784174471645015719e-04 	 5 1 0 0
     -2.17924902040192913430e-03 	 5 2 0 0
      6.76073745520668301047e-05 	 5 3 0 0
     -5.36997431521483992167e-03 	 5 4 0 0
     -5.90567776852740367044e-02 	 5 5 0 0
      1.13535895270613478849e-04 	 5 6 0 0
     -3.72224118945141814289e-04 	 5 7 0 0
     -4.32895910712482404753e-04 	 5 8 0 0
     -3.31498613574450137764e-03 	 5 9 0 0
     -3.47202831069242084244e-03 	 6 1 0 0
     -3.32902958951229884475e-04 	 6 2 0 0
      1.53936430004957534347e-03 	 6 3 0 0
      4.87953277791684705139e-03 	 6 4 0 0
      1.13535895270608667702e-04 	 6 5 0 0
     -3.29727189058612202288e-01 	 6 6 0 0
      8.43399681740391671605e-04 	 6 7 0 0
      2.03580749684203115906e-04 	 6 8 0 0
     -6.40085979206309659689e-04 	 6 9 0 0
      1.28841045070339260854e-03 	 7 1 0 0
     -3.19611327936230281421e-03 	 7 2 0 0
      2.25504843434412615213e-03 	 7 3 0 0
      2.74651360126048661725e-03 	 7 4 0 0
     -3.72224118945160625197e-04 	 7 5 0 0
      8.43399681740383756930e-04 	 7 6 0 0
      2.34587955130635822387e-01 	 7 7 0 0
      4.75905793687214813403e-03 	 7 8 0 0
     -2.47471869631638984738e-03 	 7 9 0 0
     -2.25588011093909735633e-04 	 8 1 0 0
      2.42329451301363926405e-03 	 8 2 0 0
      2.33208867814002022284e-04 	 8 3 0 0
     -2.81056816195893654706e-04 	 8 4 0 0
     -4.32895910712493788876e-04 	 8 5 0 0
      2.03580749684204037478e-04 	 8 6 0 0
      4.75905793687220624727e-03 	 8 7 0 0
      1.92132375523967502406e-01 	 8 8 0 0
      2.69383707466673951239e-03 	 8 9 0 0
      5.09293372662352698127e-03 	 9 1 0 0
     -2.30918327282702201325e-04 	 9 2 0 0
     -7.82769341739040792330e-05 	 9 3 0 0
      1.91563515654176799718e-03 	 9 4 0 0
     -3.31498613574450528077e-03 	 9 5 0 0
     -6.40085979206307599705e-04 	 9 6 0 0
     -2.47471869631637206646e-03 	 9 7 0 0
      2.69383707466672563460e-03 	 9 8 0 0
     -1.68142689474766404700e-01 	 9 9 0 0
 # Printing nuclear repulsion energy
     -4.18884019904689068881e+02 	 0 0 0 0
 # Printing photon energy
      6.61500000000000004663e-02 	 0 0 0 0
 # Printing lambda vector
  3.8302200000e-02, 8.2139400000e-02, 4.2261800000e-02 	 0 0 0 0
 # Printing RHF Electronic Dipole Moment
  5.7588285868e+00, 6.2997698436e-07, 1.1386663661e-03 	 0 0 0 0
 # Printing Nuclear Dipole Moment
  -7.8505503898e+00, -3.6481661072e-02, -2.0078769383e-02 	 0 0 0 0
