 # Printing electron repulsion integrals in spatial MO basis
      3.12743146890036627372e-01 	 1 1 1 1
     -1.66719227441701860204e-02 	 1 1 2 1
      2.34081430517904864885e-01 	 1 1 2 2
     -2.58814537397878199898e-03 	 1 1 3 1
      4.37745976174664687408e-03 	 1 1 3 2
      1.94855095252981724840e-01 	 1 1 3 3
      2.36219881450442032236e-03 	 1 1 4 1
     -1.13531150513008684960e-02 	 1 1 4 2
     -1.07244523657918366943e-02 	 1 1 4 3
      2.20784109527518729310e-01 	 1 1 4 4
     -5.44997080631502619358e-03 	 1 1 5 1
      4.70060422115410690008e-03 	 1 1 5 2
      1.37759834379615545008e-02 	 1 1 5 3
     -1.09675245095746144719e-02 	 1 1 5 4
      1.89168088299603021074e-01 	 1 1 5 5
      7.13298810580962998340e-03 	 1 1 6 1
     -4.08100456542284141526e-03 	 1 1 6 2
     -1.22404735836414632622e-03 	 1 1 6 3
      6.51410116142511416704e-03 	 1 1 6 4
     -2.72662140289781388877e-03 	 1 1 6 5
      1.76060611904312269704e-01 	 1 1 6 6
      2.20629354882424322595e-03 	 1 1 7 1
     -4.49111597514369068149e-04 	 1 1 7 2
      2.41996433861918058134e-03 	 1 1 7 3
     -2.04334992774880098250e-04 	 1 1 7 4
      9.82857107161491877836e-04 	 1 1 7 5
     -5.86888230092086956441e-03 	 1 1 7 6
      1.89865559102660563795e-01 	 1 1 7 7
     -4.31439632558862883049e-03 	 1 1 8 1
     -6.18830829021150587155e-03 	 1 1 8 2
      4.20089429467919613093e-03 	 1 1 8 3
     -4.02642073713822042785e-03 	 1 1 8 4
      3.06197824451767642781e-03 	 1 1 8 5
     -6.61434939358001607046e-03 	 1 1 8 6
     -4.50666944040578869995e-03 	 1 1 8 7
      2.33376117421202261548e-01 	 1 1 8 8
     -1.66719227441701582648e-02 	 2 1 1 1
      1.49266996630245899619e-02 	 2 1 2 1
     -3.20582966064064042722e-02 	 2 1 2 2
      2.35324049501397071851e-03 	 2 1 3 1
     -8.66636461680702946571e-04 	 2 1 3 2
      1.40066385205494907396e-02 	 2 1 3 3
     -1.20064956376244921094e-02 	 2 1 4 1
     -1.52697212486428463181e-03 	 2 1 4 2
      2.80089931153262514107e-03 	 2 1 4 3
      5.46103853489533427878e-03 	 2 1 4 4
      2.60203516896511310649e-03 	 2 1 5 1
     -2.20991594006047717413e-04 	 2 1 5 2
     -8.07497102448970216493e-03 	 2 1 5 3
      2.77786942103757684974e-03 	 2 1 5 4
      1.30487937591613027688e-02 	 2 1 5 5
     -7.02783024475098043460e-03 	 2 1 6 1
      2.86707976914353588737e-04 	 2 1 6 2
     -1.24115377462255191410e-03 	 2 1 6 3
     -2.29202128078631324308e-04 	 2 1 6 4
     -4.89220503612391218601e-04 	 2 1 6 5
     -2.11938279746004976795e-03 	 2 1 6 6
     -1.26342437960399870452e-04 	 2 1 7 1
     -1.64025426215925573641e-03 	 2 1 7 2
      1.08053130478016749284e-03 	 2 1 7 3
      1.40780463166007745526e-03 	 2 1 7 4
      4.61853535490363610334e-04 	 2 1 7 5
      1.08192164150407773432e-03 	 2 1 7 6
     -5.45616741595494718353e-03 	 2 1 7 7
      7.76656077087550713450e-03 	 2 1 8 1
      6.79848723325251775434e-03 	 2 1 8 2
     -1.27930198526914670060e-03 	 2 1 8 3
     -4.71954788510434500304e-03 	 2 1 8 4
     -8.94000060295381255952e-04 	 2 1 8 5
     -1.23256573462922629399e-03 	 2 1 8 6
      8.33621772914812223833e-04 	 2 1 8 7
     -8.58698971605985870992e-03 	 2 1 8 8
      2.34081430517904670596e-01 	 2 2 1 1
     -3.20582966064063210054e-02 	 2 2 2 1
      3.77278714521173563767e-01 	 2 2 2 2
      3.39461232266865522642e-03 	 2 2 3 1
     -5.25168866353596924118e-03 	 2 2 3 2
      1.70080510082536523475e-01 	 2 2 3 3
      4.82779081324939251391e-03 	 2 2 4 1
     -9.32742463098226032292e-03 	 2 2 4 2
     -1.13959497661364587973e-02 	 2 2 4 3
      2.03837512931064113175e-01 	 2 2 4 4
      1.56042325528394330847e-03 	 2 2 5 1
     -4.96669374205608010059e-03 	 2 2 5 2
      2.50513392498365877747e-02 	 2 2 5 3
     -1.19562272682637478483e-02 	 2 2 5 4
      1.66285000155821677259e-01 	 2 2 5 5
      4.09765066565869005150e-03 	 2 2 6 1
     -6.54030787705033207768e-03 	 2 2 6 2
      2.13378320702252259611e-03 	 2 2 6 3
      2.98945295302739276130e-03 	 2 2 6 4
     -5.99428528611255402592e-04 	 2 2 6 5
      1.65507107022297123011e-01 	 2 2 6 6
     -1.21361846846672664056e-03 	 2 2 7 1
      5.96694467131130088650e-03 	 2 2 7 2
      5.76844910817147712989e-03 	 2 2 7 3
      3.85609958202469968805e-03 	 2 2 7 4
      2.99531437733073935964e-03 	 2 2 7 5
     -3.38486282837890473454e-03 	 2 2 7 6
      2.38657316468870811521e-01 	 2 2 7 7
     -3.26521096087903318558e-03 	 2 2 8 1
     -2.34388195905580951073e-02 	 2 2 8 2
      1.03596119538370331353e-02 	 2 2 8 3
      4.63551848494511784665e-03 	 2 2 8 4
      8.23514250566396641129e-03 	 2 2 8 5
      1.30972273280484076885e-04 	 2 2 8 6
     -6.46985921848252862332e-03 	 2 2 8 7
      2.00631513165881347760e-01 	 2 2 8 8
     -2.58814537397876812119e-03 	 3 1 1 1
      2.35324049501394209558e-03 	 3 1 2 1
      3.39461232266862400139e-03 	 3 1 2 2
      4.96795135274740937148e-03 	 3 1 3 1
      1.90612948451248775256e-03 	 3 1 3 2
     -8.63250955782480892953e-03 	 3 1 3 3
     -4.51828811441873021137e-03 	 3 1 4 1
     -6.69416784150578280700e-04 	 3 1 4 2
     -7.95424413908541426410e-04 	 3 1 4 3
      7.56806515738186677544e-03 	 3 1 4 4
      1.75749553982039235719e-03 	 3 1 5 1
     -1.11246246526087826101e-03 	 3 1 5 2
      1.20546406524357145422e-03 	 3 1 5 3
      8.66480606116780665421e-04 	 3 1 5 4
      7.95228490937251349113e-03 	 3 1 5 5
     -2.54972123049247755347e-03 	 3 1 6 1
     -3.58679076936660370251e-04 	 3 1 6 2
     -2.85875401744516630922e-05 	 3 1 6 3
     -5.54968991913094714455e-04 	 3 1 6 4
     -3.04102942457897147937e-04 	 3 1 6 5
      2.73990207227817932426e-03 	 3 1 6 6
     -2.81490866644466711070e-04 	 3 1 7 1
     -8.08677082835926041855e-06 	 3 1 7 2
     -1.24660053669600041047e-03 	 3 1 7 3
      8.24076477715917363534e-05 	 3 1 7 4
      1.08990871585573634306e-03 	 3 1 7 5
      3.10154581806663107776e-04 	 3 1 7 6
      5.51337384244235135383e-03 	 3 1 7 7
      2.66247308713403940325e-03 	 3 1 8 1
      1.23067100165400746502e-04 	 3 1 8 2
      1.74287381240482595543e-03 	 3 1 8 3
     -1.19148266336101282294e-03 	 3 1 8 4
     -4.16042967898211976229e-04 	 3 1 8 5
     -7.47204245423950595521e-04 	 3 1 8 6
      5.37515865633570268968e-04 	 3 1 8 7
      2.09150404887350040498e-03 	 3 1 8 8
      4.37745976174665901715e-03 	 3 2 1 1
     -8.66636461680715631736e-04 	 3 2 2 1
     -5.25168866353597357799e-03 	 3 2 2 2
      1.90612948451248168102e-03 	 3 2 3 1
      9.29691610114681543653e-03 	 3 2 3 2
     -2.08599526822717193375e-02 	 3 2 3 3
      2.48713828278182514861e-03 	 3 2 4 1
      2.54972122409447346514e-03 	 3 2 4 2
      2.88294718236314039244e-04 	 3 2 4 3
      7.00276695206454059817e-03 	 3 2 4 4
     -7.07352450121463390345e-04 	 3 2 5 1
      3.70720989541275950177e-03 	 3 2 5 2
      5.24061544329877584264e-03 	 3 2 5 3
      2.02045125667821940871e-03 	 3 2 5 4
      4.12276046062392403924e-03 	 3 2 5 5
      1.83538274196949342636e-04 	 3 2 6 1
      2.70502109071446214528e-03 	 3 2 6 2
      2.88634205182085063629e-03 	 3 2 6 3
     -2.98657533977985441970e-04 	 3 2 6 4
      1.76798844963071315542e-03 	 3 2 6 5
      1.79462198372603090601e-02 	 3 2 6 6
      5.09975977491229095183e-04 	 3 2 7 1
     -2.61147591860628721164e-03 	 3 2 7 2
     -6.61457686399701330626e-03 	 3 2 7 3
     -3.97006782658229986915e-03 	 3 2 7 4
     -1.41094560160429549796e-03 	 3 2 7 5
     -2.24387671863736717914e-03 	 3 2 7 6
      2.62238314140982595526e-03 	 3 2 7 7
     -3.85832756056110745199e-03 	 3 2 8 1
      2.89520120462060477282e-03 	 3 2 8 2
      3.78569120161319737361e-03 	 3 2 8 3
      3.26145022088156384676e-03 	 3 2 8 4
      1.00085823670954576813e-04 	 3 2 8 5
      1.48437199817886373784e-03 	 3 2 8 6
     -7.54627593889765717859e-04 	 3 2 8 7
      1.85766036342328855202e-02 	 3 2 8 8
      1.94855095252981641574e-01 	 3 3 1 1
      1.40066385205494282895e-02 	 3 3 2 1
      1.70080510082536356942e-01 	 3 3 2 2
     -8.63250955782480025591e-03 	 3 3 3 1
     -2.08599526822717228070e-02 	 3 3 3 2
      4.04898496456900347518e-01 	 3 3 3 3
     -2.24256079111190206876e-02 	 3 3 4 1
     -5.99706471125432093172e-03 	 3 3 4 2
      1.32687977058711312206e-02 	 3 3 4 3
      2.21058974079092723786e-01 	 3 3 4 4
      7.87760463266339375221e-03 	 3 3 5 1
      9.02817411394537736036e-03 	 3 3 5 2
     -3.07698029455101725038e-02 	 3 3 5 3
      1.08487069547851412016e-03 	 3 3 5 4
      2.01290035117780041762e-01 	 3 3 5 5
     -1.55636152202770338543e-02 	 3 3 6 1
      2.08452003078603547576e-03 	 3 3 6 2
     -5.51357346908616218623e-03 	 3 3 6 3
     -2.37911468215626495035e-03 	 3 3 6 4
      1.48526168167818599375e-03 	 3 3 6 5
      1.89189858355578138793e-01 	 3 3 6 6
     -1.85274286586653070576e-03 	 3 3 7 1
     -1.10085706799283901403e-02 	 3 3 7 2
      2.31916863446207204003e-02 	 3 3 7 3
      2.88674467358337105347e-03 	 3 3 7 4
     -6.53878636172447024605e-03 	 3 3 7 5
     -5.36717712670505692207e-03 	 3 3 7 6
      1.82966624730162535917e-01 	 3 3 7 7
      1.32869239962639905384e-02 	 3 3 8 1
      1.72619999003368537749e-02 	 3 3 8 2
     -1.25079082842860754565e-02 	 3 3 8 3
     -7.85597489517227305644e-03 	 3 3 8 4
      8.52082076985385093726e-03 	 3 3 8 5
     -4.67907322927464382287e-04 	 3 3 8 6
     -7.31406128052513801463e-03 	 3 3 8 7
      1.96064316482853662205e-01 	 3 3 8 8
      2.36219881450435657128e-03 	 4 1 1 1
     -1.20064956376245476205e-02 	 4 1 2 1
      4.82779081324930404301e-03 	 4 1 2 2
     -4.51828811441871286414e-03 	 4 1 3 1
      2.48713828278184466425e-03 	 4 1 3 2
     -2.24256079111190519126e-02 	 4 1 3 3
      2.26393274481067156845e-02 	 4 1 4 1
      5.73516490527817453249e-03 	 4 1 4 2
      8.48171917587133575517e-05 	 4 1 4 3
     -1.37779420817390751974e-02 	 4 1 4 4
     -3.26834031592275649214e-03 	 4 1 5 1
      2.12353148270792713159e-03 	 4 1 5 2
      7.01915928970941061654e-03 	 4 1 5 3
      5.02653144030377509177e-04 	 4 1 5 4
     -2.44821432867364276176e-02 	 4 1 5 5
      1.08189813472979214082e-02 	 4 1 6 1
      3.60781183041970266757e-04 	 4 1 6 2
      7.75683582070286386026e-04 	 4 1 6 3
     -3.78293885103543657891e-03 	 4 1 6 4
      3.38132158149311891349e-04 	 4 1 6 5
      9.37077162679321278016e-03 	 4 1 6 6
     -7.42438013269194440995e-04 	 4 1 7 1
     -1.13990453760888589053e-04 	 4 1 7 2
     -3.87283234330101835269e-03 	 4 1 7 3
     -4.78128868222940216909e-03 	 4 1 7 4
     -2.74639821519541199243e-03 	 4 1 7 5
      7.37710413658842134241e-04 	 4 1 7 6
     -2.09192554483464843856e-03 	 4 1 7 7
     -1.48371649652577087403e-02 	 4 1 8 1
     -6.84221793066446936499e-03 	 4 1 8 2
     -1.56752526037154957597e-03 	 4 1 8 3
      6.42140768708145560223e-03 	 4 1 8 4
     -8.46686045658189283432e-04 	 4 1 8 5
      9.97715942773781281835e-04 	 4 1 8 6
      2.34273899319250352574e-03 	 4 1 8 7
      6.28351943352798043840e-03 	 4 1 8 8
     -1.13531150513009049252e-02 	 4 2 1 1
     -1.52697212486431282107e-03 	 4 2 2 1
     -9.32742463098232450769e-03 	 4 2 2 2
     -6.69416784150550850385e-04 	 4 2 3 1
      2.54972122409452203740e-03 	 4 2 3 2
     -5.99706471125435649355e-03 	 4 2 3 3
      5.73516490527818667555e-03 	 4 2 4 1
      6.66672665664202156177e-03 	 4 2 4 2
      2.46118683619224150674e-03 	 4 2 4 3
     -7.78005605105545807593e-03 	 4 2 4 4
      3.36663168594606983068e-04 	 4 2 5 1
      2.08255244973715213444e-03 	 4 2 5 2
      1.37052289198778842229e-03 	 4 2 5 3
      2.65382034463402822350e-03 	 4 2 5 4
     -7.64375885179427710242e-03 	 4 2 5 5
      1.70364575664530624836e-03 	 4 2 6 1
      2.30955848745769548591e-03 	 4 2 6 2
      1.47131090744319630199e-03 	 4 2 6 3
     -1.60765804337860353408e-03 	 4 2 6 4
      1.78454181445527465533e-03 	 4 2 6 5
      1.54945740258827929781e-02 	 4 2 6 6
     -2.82350072494471314704e-04 	 4 2 7 1
     -3.09484125584304605242e-03 	 4 2 7 2
     -4.51370446426978613741e-03 	 4 2 7 3
     -4.84604559409043851581e-03 	 4 2 7 4
     -3.28873448880208493414e-03 	 4 2 7 5
     -7.46050402422830682449e-04 	 4 2 7 6
     -4.74554814353240345115e-03 	 4 2 7 7
     -5.76521283229457920383e-03 	 4 2 8 1
      1.94274205421397479568e-03 	 4 2 8 2
      6.23127693128022112738e-04 	 4 2 8 3
      3.66709000594121455399e-03 	 4 2 8 4
      8.44345540683485540172e-04 	 4 2 8 5
      1.95056713344787693680e-03 	 4 2 8 6
      1.44520927765221207347e-04 	 4 2 8 7
      5.95120721419296807436e-03 	 4 2 8 8
     -1.07244523657918349596e-02 	 4 3 1 1
      2.80089931153262037059e-03 	 4 3 2 1
     -1.13959497661364414500e-02 	 4 3 2 2
     -7.95424413908549883187e-04 	 4 3 3 1
      2.88294718236315069236e-04 	 4 3 3 2
      1.32687977058711242817e-02 	 4 3 3 3
      8.48171917586938690177e-05 	 4 3 4 1
      2.46118683619222459319e-03 	 4 3 4 2
      6.27125748435925292612e-03 	 4 3 4 3
      8.50613912453929317536e-03 	 4 3 4 4
      1.38828372347584772829e-03 	 4 3 5 1
      1.70997672040667332213e-03 	 4 3 5 2
     -4.29996624264458379705e-03 	 4 3 5 3
      4.32944375987350145440e-03 	 4 3 5 4
      1.69995935299886605056e-03 	 4 3 5 5
     -1.98418421510788067427e-03 	 4 3 6 1
      1.21557121834955906246e-03 	 4 3 6 2
      2.93382341377864308465e-04 	 4 3 6 3
     -2.95907810496812443898e-03 	 4 3 6 4
      9.66494322691542899657e-04 	 4 3 6 5
      1.35088497622303481405e-02 	 4 3 6 6
     -1.11053319886669863564e-03 	 4 3 7 1
     -3.00956672476378845824e-03 	 4 3 7 2
     -9.92184393234258861852e-04 	 4 3 7 3
     -1.76928779908267549276e-03 	 4 3 7 4
     -1.76971381088821683170e-03 	 4 3 7 5
      3.48174043203256758545e-04 	 4 3 7 6
      3.35109021932390033216e-03 	 4 3 7 7
     -5.71288504220574238496e-04 	 4 3 8 1
      4.73919533289610811488e-03 	 4 3 8 2
     -5.91040572496213988465e-04 	 4 3 8 3
      7.58780095120981643887e-04 	 4 3 8 4
      1.37940992284149902512e-03 	 4 3 8 5
      1.26443808818062024789e-03 	 4 3 8 6
     -4.72440956047297369374e-05 	 4 3 8 7
     -1.20721227108121068917e-03 	 4 3 8 8
      2.20784109527518812577e-01 	 4 4 1 1
      5.46103853489527356346e-03 	 4 4 2 1
      2.03837512931063891131e-01 	 4 4 2 2
      7.56806515738187024489e-03 	 4 4 3 1
      7.00276695206454753706e-03 	 4 4 3 2
      2.21058974079092751541e-01 	 4 4 3 3
     -1.37779420817391029530e-02 	 4 4 4 1
     -7.78005605105546935163e-03 	 4 4 4 2
      8.50613912453929144064e-03 	 4 4 4 3
      3.43332308502717287180e-01 	 4 4 4 4
      6.90005752743435597785e-03 	 4 4 5 1
      6.47723284061265964368e-03 	 4 4 5 2
      3.80977422314068532930e-03 	 4 4 5 3
      1.02562378338655526416e-02 	 4 4 5 4
      2.13880557875375687527e-01 	 4 4 5 5
     -1.69560125641110039096e-02 	 4 4 6 1
      2.86345975979757343816e-03 	 4 4 6 2
      3.20143636164828401455e-03 	 4 4 6 3
     -1.56099857988396227559e-02 	 4 4 6 4
     -4.02375877425110496134e-04 	 4 4 6 5
      2.18970147217941057960e-01 	 4 4 6 6
     -1.47005082346161343974e-03 	 4 4 7 1
     -7.65469730043105700545e-03 	 4 4 7 2
      3.17529549540248039359e-04 	 4 4 7 3
      9.37904269233836261621e-03 	 4 4 7 4
     -1.78507092157514251664e-03 	 4 4 7 5
     -4.37280103520228634328e-03 	 4 4 7 6
      2.50073881732278568979e-01 	 4 4 7 7
      8.35598755138436052881e-03 	 4 4 8 1
      1.34056198511627328723e-02 	 4 4 8 2
      1.04339515212671721245e-02 	 4 4 8 3
      2.16761097161425556751e-03 	 4 4 8 4
      8.38257720196587501060e-03 	 4 4 8 5
     -1.65065628599197399213e-04 	 4 4 8 6
     -8.42675349728575114050e-03 	 4 4 8 7
      2.19887698815569521127e-01 	 4 4 8 8
     -5.44997080631502706094e-03 	 5 1 1 1
      2.60203516896509879502e-03 	 5 1 2 1
      1.56042325528392010654e-03 	 5 1 2 2
      1.75749553982038585198e-03 	 5 1 3 1
     -7.07352450121466859792e-04 	 5 1 3 2
      7.87760463266339548694e-03 	 5 1 3 3
     -3.26834031592273307337e-03 	 5 1 4 1
      3.36663168594605627815e-04 	 5 1 4 2
      1.38828372347585141458e-03 	 5 1 4 3
      6.90005752743434470214e-03 	 5 1 4 4
      6.19635873421290391677e-03 	 5 1 5 1
      2.66221185501226914952e-03 	 5 1 5 2
      6.73477266676788415868e-04 	 5 1 5 3
      2.90251536905775423501e-04 	 5 1 5 4
     -1.36193731109280815467e-02 	 5 1 5 5
     -2.06267343122685685095e-03 	 5 1 6 1
     -3.22060900577681320095e-04 	 5 1 6 2
     -4.26458311674266041941e-04 	 5 1 6 3
     -1.14903344181643070517e-03 	 5 1 6 4
      1.17076455954633399086e-04 	 5 1 6 5
      8.63959648832647933436e-03 	 5 1 6 6
     -8.31876872868559497608e-04 	 5 1 7 1
     -7.59906019866509775673e-04 	 5 1 7 2
      3.61737197136815006281e-04 	 5 1 7 3
     -9.77624807062993980006e-04 	 5 1 7 4
     -2.12848385803608534939e-03 	 5 1 7 5
      9.00521008187528176556e-04 	 5 1 7 6
      4.62047454680287496276e-03 	 5 1 7 7
      1.40224813821684122020e-03 	 5 1 8 1
      5.35196542848209678642e-04 	 5 1 8 2
     -7.80156462600767753451e-04 	 5 1 8 3
     -1.07427365228680350186e-03 	 5 1 8 4
      1.64768769431677432336e-03 	 5 1 8 5
     -6.66567417363257848882e-04 	 5 1 8 6
      1.05169659893491248409e-03 	 5 1 8 7
      3.47241971857372485472e-03 	 5 1 8 8
      4.70060422115411210425e-03 	 5 2 1 1
     -2.20991594006041212200e-04 	 5 2 2 1
     -4.96669374205605494710e-03 	 5 2 2 2
     -1.11246246526089148828e-03 	 5 2 3 1
      3.70720989541275126183e-03 	 5 2 3 2
      9.02817411394539123815e-03 	 5 2 3 3
      2.12353148270794447883e-03 	 5 2 4 1
      2.08255244973716557855e-03 	 5 2 4 2
      1.70997672040667028637e-03 	 5 2 4 3
      6.47723284061263882699e-03 	 5 2 4 4
      2.66221185501226394535e-03 	 5 2 5 1
      7.75160436210984172406e-03 	 5 2 5 2
      3.94359071369322026351e-03 	 5 2 5 3
      7.73851549567383342233e-04 	 5 2 5 4
     -2.08818926774482840902e-02 	 5 2 5 5
     -1.76904077320654570891e-04 	 5 2 6 1
      2.45391812308547695165e-03 	 5 2 6 2
      1.68527152048609423288e-03 	 5 2 6 3
     -3.62770629984340842178e-04 	 5 2 6 4
      1.85079803509447362100e-03 	 5 2 6 5
      1.55303989054639771800e-02 	 5 2 6 6
      4.39446513645720541249e-04 	 5 2 7 1
     -2.65229352462343064695e-03 	 5 2 7 2
     -1.87216971926391331955e-03 	 5 2 7 3
     -2.97098023360277798191e-03 	 5 2 7 4
     -4.58952072424788706795e-03 	 5 2 7 5
     -2.51466152473123552569e-03 	 5 2 7 6
      5.32890148437622276217e-04 	 5 2 7 7
     -3.11778968186113584690e-03 	 5 2 8 1
      2.90559450346847356755e-03 	 5 2 8 2
      1.12309245673324140379e-05 	 5 2 8 3
      2.67946212225341796886e-03 	 5 2 8 4
      3.19287627676105535343e-03 	 5 2 8 5
      1.37307029800889327659e-03 	 5 2 8 6
     -9.93388874918416792115e-04 	 5 2 8 7
      1.72426180057247933897e-02 	 5 2 8 8
      1.37759834379615492966e-02 	 5 3 1 1
     -8.07497102448968308297e-03 	 5 3 2 1
      2.50513392498365877747e-02 	 5 3 2 2
      1.20546406524357275526e-03 	 5 3 3 1
      5.24061544329877757736e-03 	 5 3 3 2
     -3.07698029455101794427e-02 	 5 3 3 3
      7.01915928970941321863e-03 	 5 3 4 1
      1.37052289198779731275e-03 	 5 3 4 2
     -4.29996624264458726650e-03 	 5 3 4 3
      3.80977422314065714004e-03 	 5 3 4 4
      6.73477266676791776895e-04 	 5 3 5 1
      3.94359071369321419198e-03 	 5 3 5 2
      1.74018390641570257216e-02 	 5 3 5 3
     -3.43933849651872599121e-03 	 5 3 5 4
     -2.99065121349038169629e-02 	 5 3 5 5
      2.32907373509541690965e-03 	 5 3 6 1
      2.27034769222815612302e-03 	 5 3 6 2
      2.73497968811129733846e-03 	 5 3 6 3
      1.40286864942669171723e-03 	 5 3 6 4
      1.78006989883745694696e-03 	 5 3 6 5
     -1.08759094449169626574e-03 	 5 3 6 6
      2.55456938337359027585e-03 	 5 3 7 1
      1.13359701610378526583e-03 	 5 3 7 2
     -3.67033074946506669006e-03 	 5 3 7 3
      2.87734095143847817388e-04 	 5 3 7 4
     -2.05917511148145026753e-03 	 5 3 7 5
     -3.93262700485030609193e-03 	 5 3 7 6
      1.08495303523433745535e-02 	 5 3 7 7
     -5.10659517651137952882e-03 	 5 3 8 1
     -5.38228071568655052487e-03 	 5 3 8 2
      4.61935677895374766783e-03 	 5 3 8 3
      6.24641519206801075492e-03 	 5 3 8 4
      2.86024691882516904351e-03 	 5 3 8 5
      1.54218432653266857187e-03 	 5 3 8 6
     -2.01575291039062486076e-03 	 5 3 8 7
      2.09899697307692860437e-02 	 5 3 8 8
     -1.09675245095745884510e-02 	 5 4 1 1
      2.77786942103758595704e-03 	 5 4 2 1
     -1.19562272682637443788e-02 	 5 4 2 2
      8.66480606116772317064e-04 	 5 4 3 1
      2.02045125667821810767e-03 	 5 4 3 2
      1.08487069547853168423e-03 	 5 4 3 3
      5.02653144030391929066e-04 	 5 4 4 1
      2.65382034463405511171e-03 	 5 4 4 2
      4.32944375987349278079e-03 	 5 4 4 3
      1.02562378338655352944e-02 	 5 4 4 4
      2.90251536905773851408e-04 	 5 4 5 1
      7.73851549567385944318e-04 	 5 4 5 2
     -3.43933849651871211342e-03 	 5 4 5 3
      6.51365473369801186582e-03 	 5 4 5 4
      9.18824879966630495010e-03 	 5 4 5 5
     -1.68187817314369571046e-03 	 5 4 6 1
      1.13585469125889577079e-03 	 5 4 6 2
      9.03432124017681560668e-04 	 5 4 6 3
     -3.48153352987071651112e-03 	 5 4 6 4
      4.87632206579899612608e-04 	 5 4 6 5
      1.50792641968483208392e-02 	 5 4 6 6
     -1.14564325851668918389e-03 	 5 4 7 1
     -2.93978048181130300481e-03 	 5 4 7 2
     -2.33996400791451619749e-03 	 5 4 7 3
     -1.77812652213673932575e-03 	 5 4 7 4
     -1.78734499240160420869e-03 	 5 4 7 5
      2.78546405142753342957e-04 	 5 4 7 6
      2.31108155989798299754e-03 	 5 4 7 7
     -6.67970405538812644387e-04 	 5 4 8 1
      4.52558088329994140375e-03 	 5 4 8 2
      1.11034505919743297503e-03 	 5 4 8 3
      5.21743575941110851804e-04 	 5 4 8 4
     -2.57217943453164239742e-04 	 5 4 8 5
      9.79920598191876685013e-04 	 5 4 8 6
      2.02050236599876035376e-04 	 5 4 8 7
     -1.56477330735584866002e-03 	 5 4 8 8
      1.89168088299603243119e-01 	 5 5 1 1
      1.30487937591613270549e-02 	 5 5 2 1
      1.66285000155821677259e-01 	 5 5 2 2
      7.95228490937252563420e-03 	 5 5 3 1
      4.12276046062393358022e-03 	 5 5 3 2
      2.01290035117780041762e-01 	 5 5 3 3
     -2.44821432867363721064e-02 	 5 5 4 1
     -7.64375885179429444966e-03 	 5 5 4 2
      1.69995935299885737695e-03 	 5 5 4 3
      2.13880557875375687527e-01 	 5 5 4 4
     -1.36193731109280850161e-02 	 5 5 5 1
     -2.08818926774482493958e-02 	 5 5 5 2
     -2.99065121349037857379e-02 	 5 5 5 3
      9.18824879966632056261e-03 	 5 5 5 4
      3.95902177993623205499e-01 	 5 5 5 5
     -1.21622999704781228902e-02 	 5 5 6 1
     -1.04118748620795004492e-03 	 5 5 6 2
      2.82738674081211790491e-04 	 5 5 6 3
     -1.18654672959762463175e-03 	 5 5 6 4
     -3.26607418167230469097e-03 	 5 5 6 5
      1.74215184197870687210e-01 	 5 5 6 6
     -2.66469377927988594276e-03 	 5 5 7 1
     -6.04333485681170321652e-03 	 5 5 7 2
      1.30345370494657723098e-03 	 5 5 7 3
      2.80233939891234189786e-04 	 5 5 7 4
      1.69724027864793861053e-02 	 5 5 7 5
     -8.04829662754725735398e-04 	 5 5 7 6
      1.87700369611237982692e-01 	 5 5 7 7
      1.45932175543323737477e-02 	 5 5 8 1
      1.26101171153583137274e-02 	 5 5 8 2
      5.51871190958721016817e-03 	 5 5 8 3
     -8.83136191709082626899e-03 	 5 5 8 4
     -1.45721828033648741207e-02 	 5 5 8 5
     -3.87135270696398062565e-03 	 5 5 8 6
     -4.20334402781481590583e-03 	 5 5 8 7
      1.77768974227097337204e-01 	 5 5 8 8
      7.13298810580970891332e-03 	 6 1 1 1
     -7.02783024475098997558e-03 	 6 1 2 1
      4.09765066565862933617e-03 	 6 1 2 2
     -2.54972123049248666077e-03 	 6 1 3 1
      1.83538274196957257312e-04 	 6 1 3 2
     -1.55636152202770043640e-02 	 6 1 3 3
      1.08189813472979474290e-02 	 6 1 4 1
      1.70364575664532272824e-03 	 6 1 4 2
     -1.98418421510787503642e-03 	 6 1 4 3
     -1.69560125641109692152e-02 	 6 1 4 4
     -2.06267343122685858567e-03 	 6 1 5 1
     -1.76904077320664681076e-04 	 6 1 5 2
      2.32907373509540823603e-03 	 6 1 5 3
     -1.68187817314369115682e-03 	 6 1 5 4
     -1.21622999704781124819e-02 	 6 1 5 5
      1.04364474940167838157e-02 	 6 1 6 1
     -2.09799791582280029112e-03 	 6 1 6 2
     -5.82327315736400562794e-04 	 6 1 6 3
      1.28142309908362505254e-03 	 6 1 6 4
     -4.59698915516453584379e-04 	 6 1 6 5
      3.35853369008306743004e-03 	 6 1 6 6
     -1.53827599210071730602e-03 	 6 1 7 1
      1.15945086620566841125e-03 	 6 1 7 2
     -1.26569727478715687678e-03 	 6 1 7 3
     -3.08255510801015404979e-03 	 6 1 7 4
     -1.40396969455593726090e-04 	 6 1 7 5
      1.88650578587315357129e-03 	 6 1 7 6
     -7.78520445167569987571e-03 	 6 1 7 7
     -7.93620424191107155798e-03 	 6 1 8 1
     -6.38452252001284713268e-03 	 6 1 8 2
     -2.90497070192386038986e-03 	 6 1 8 3
      1.22702536852018254630e-03 	 6 1 8 4
     -2.25612734922491214168e-03 	 6 1 8 5
     -2.89953901155218284405e-03 	 6 1 8 6
      2.83210660331416385141e-03 	 6 1 8 7
      5.62077420625913025745e-04 	 6 1 8 8
     -4.08100456542277723049e-03 	 6 2 1 1
      2.86707976914359714479e-04 	 6 2 2 1
     -6.54030787705034248602e-03 	 6 2 2 2
     -3.58679076936673380677e-04 	 6 2 3 1
      2.70502109071447298730e-03 	 6 2 3 2
      2.08452003078607971120e-03 	 6 2 3 3
      3.60781183042006424900e-04 	 6 2 4 1
      2.30955848745770632793e-03 	 6 2 4 2
      1.21557121834955841194e-03 	 6 2 4 3
      2.86345975979764629654e-03 	 6 2 4 4
     -3.22060900577675573823e-04 	 6 2 5 1
      2.45391812308547391588e-03 	 6 2 5 2
      2.27034769222814528100e-03 	 6 2 5 3
      1.13585469125889512026e-03 	 6 2 5 4
     -1.04118748620794809336e-03 	 6 2 5 5
     -2.09799791582282848038e-03 	 6 2 6 1
      5.15804430582555983875e-03 	 6 2 6 2
      3.41896256140710114516e-03 	 6 2 6 3
      1.52131499119383464813e-03 	 6 2 6 4
      2.86383913960129316695e-03 	 6 2 6 5
      3.17719764118011257018e-03 	 6 2 6 6
      1.59766753717644990375e-03 	 6 2 7 1
     -2.22690791088923055463e-03 	 6 2 7 2
     -1.57678756108557758912e-03 	 6 2 7 3
     -1.45349548861207914299e-04 	 6 2 7 4
     -1.64366477747071191781e-03 	 6 2 7 5
     -4.65944180813777138889e-03 	 6 2 7 6
      6.59128944481324348902e-04 	 6 2 7 7
     -1.70816026564795764124e-03 	 6 2 8 1
      3.43699445131082862576e-03 	 6 2 8 2
      2.09341150577814407580e-03 	 6 2 8 3
      3.45821555831264410702e-03 	 6 2 8 4
      1.54680825751778963824e-03 	 6 2 8 5
      3.48002665886963094208e-03 	 6 2 8 6
     -2.66103192629848746623e-03 	 6 2 8 7
      9.88656826612684114242e-03 	 6 2 8 8
     -1.22404735836416866078e-03 	 6 3 1 1
     -1.24115377462252784481e-03 	 6 3 2 1
      2.13378320702254601487e-03 	 6 3 2 2
     -2.85875401744502299125e-05 	 6 3 3 1
      2.88634205182084976893e-03 	 6 3 3 2
     -5.51357346908615784942e-03 	 6 3 3 3
      7.75683582070295059643e-04 	 6 3 4 1
      1.47131090744319868724e-03 	 6 3 4 2
      2.93382341377850539097e-04 	 6 3 4 3
      3.20143636164830656596e-03 	 6 3 4 4
     -4.26458311674260837770e-04 	 6 3 5 1
      1.68527152048610334018e-03 	 6 3 5 2
      2.73497968811130080791e-03 	 6 3 5 3
      9.03432124017680693306e-04 	 6 3 5 4
      2.82738674081199267956e-04 	 6 3 5 5
     -5.82327315736419536332e-04 	 6 3 6 1
      3.41896256140709767571e-03 	 6 3 6 2
      4.87690453699997014669e-03 	 6 3 6 3
      9.80475710899143771890e-04 	 6 3 6 4
      7.89123517235368440899e-04 	 6 3 6 5
      4.96625867142242664182e-03 	 6 3 6 6
      7.65172457829522067660e-04 	 6 3 7 1
     -1.55786374772017531531e-03 	 6 3 7 2
     -2.12316398926599330180e-03 	 6 3 7 3
     -2.39619324071174000365e-04 	 6 3 7 4
     -1.18285470290628060008e-03 	 6 3 7 5
     -3.65468749793928203429e-03 	 6 3 7 6
      3.68396665026116338151e-03 	 6 3 7 7
     -1.93048074418302969581e-03 	 6 3 8 1
      1.59575701940266908956e-03 	 6 3 8 2
      1.89402105167895806054e-03 	 6 3 8 3
      2.76112272735205312169e-03 	 6 3 8 4
      1.08157950586176940418e-03 	 6 3 8 5
      1.51702996972577866010e-03 	 6 3 8 6
     -1.73484200091887511355e-03 	 6 3 8 7
      9.09735229249769745963e-03 	 6 3 8 8
      6.51410116142515840248e-03 	 6 4 1 1
     -2.29202128078621430963e-04 	 6 4 2 1
      2.98945295302736674045e-03 	 6 4 2 2
     -5.54968991913102195450e-04 	 6 4 3 1
     -2.98657533977968040525e-04 	 6 4 3 2
     -2.37911468215624023054e-03 	 6 4 3 3
     -3.78293885103535895004e-03 	 6 4 4 1
     -1.60765804337853804827e-03 	 6 4 4 2
     -2.95907810496811186224e-03 	 6 4 4 3
     -1.56099857988395464281e-02 	 6 4 4 4
     -1.14903344181642333259e-03 	 6 4 5 1
     -3.62770629984336071688e-04 	 6 4 5 2
      1.40286864942669475299e-03 	 6 4 5 3
     -3.48153352987071347535e-03 	 6 4 5 4
     -1.18654672959764566527e-03 	 6 4 5 5
      1.28142309908362158309e-03 	 6 4 6 1
      1.52131499119388929192e-03 	 6 4 6 2
      9.80475710899158083358e-04 	 6 4 6 3
      9.36090432398861693741e-03 	 6 4 6 4
      1.24334564005585518874e-03 	 6 4 6 5
     -1.55364680913971098253e-02 	 6 4 6 6
      9.60141880294641402067e-04 	 6 4 7 1
      1.23562652154284827351e-03 	 6 4 7 2
      1.37505826524412524091e-03 	 6 4 7 3
      7.69937113503643601881e-04 	 6 4 7 4
      1.10952217104767682926e-03 	 6 4 7 5
     -3.68880761184905070146e-03 	 6 4 7 6
     -7.73291904164858517889e-03 	 6 4 7 7
      2.13095938189769530322e-03 	 6 4 8 1
     -8.12802187372466014396e-04 	 6 4 8 2
      5.58606419860054287212e-04 	 6 4 8 3
     -3.10964208920623584945e-04 	 6 4 8 4
     -2.76603412919645139448e-04 	 6 4 8 5
      3.27031308386744993828e-04 	 6 4 8 6
     -1.29364752480799110115e-03 	 6 4 8 7
     -6.76675353034145599801e-04 	 6 4 8 8
     -2.72662140289785075165e-03 	 6 5 1 1
     -4.89220503612375063988e-04 	 6 5 2 1
     -5.99428528611245102671e-04 	 6 5 2 2
     -3.04102942457891943766e-04 	 6 5 3 1
      1.76798844963071619119e-03 	 6 5 3 2
      1.48526168167818469271e-03 	 6 5 3 3
      3.38132158149320348126e-04 	 6 5 4 1
      1.78454181445528918364e-03 	 6 5 4 2
      9.66494322691532491316e-04 	 6 5 4 3
     -4.02375877425118844491e-04 	 6 5 4 4
      1.17076455954633466849e-04 	 6 5 5 1
      1.85079803509447427153e-03 	 6 5 5 2
      1.78006989883745499539e-03 	 6 5 5 3
      4.87632206579895167379e-04 	 6 5 5 4
     -3.26607418167231466563e-03 	 6 5 5 5
     -4.59698915516464480611e-04 	 6 5 6 1
      2.86383913960129533535e-03 	 6 5 6 2
      7.89123517235365405133e-04 	 6 5 6 3
      1.24334564005585302034e-03 	 6 5 6 4
      5.04166175417737703196e-03 	 6 5 6 5
      4.13474870691553017532e-03 	 6 5 6 6
      9.60824024476669160365e-04 	 6 5 7 1
     -1.69127467050894046002e-03 	 6 5 7 2
     -1.47201704290634356916e-03 	 6 5 7 3
     -7.29125400350295188590e-04 	 6 5 7 4
     -1.34522736905099359571e-03 	 6 5 7 5
     -3.25847597997612871759e-03 	 6 5 7 6
      3.66248654135903654525e-05 	 6 5 7 7
     -1.46848743768878396178e-03 	 6 5 8 1
      1.88377194588176268518e-03 	 6 5 8 2
      1.21888685978502222911e-03 	 6 5 8 3
      2.24302061736702086983e-03 	 6 5 8 4
      8.45938851189227789158e-04 	 6 5 8 5
      1.66438966889186296463e-03 	 6 5 8 6
     -1.50320704332412998470e-03 	 6 5 8 7
      7.23558520729545000955e-03 	 6 5 8 8
      1.76060611904312186438e-01 	 6 6 1 1
     -2.11938279745999078735e-03 	 6 6 2 1
      1.65507107022297123011e-01 	 6 6 2 2
      2.73990207227817021696e-03 	 6 6 3 1
      1.79462198372602917129e-02 	 6 6 3 2
      1.89189858355578194304e-01 	 6 6 3 3
      9.37077162679328216910e-03 	 6 6 4 1
      1.54945740258828727753e-02 	 6 6 4 2
      1.35088497622303377321e-02 	 6 6 4 3
      2.18970147217941224493e-01 	 6 6 4 4
      8.63959648832650362049e-03 	 6 6 5 1
      1.55303989054639979966e-02 	 6 6 5 2
     -1.08759094449166504072e-03 	 6 6 5 3
      1.50792641968483659420e-02 	 6 6 5 4
      1.74215184197870770477e-01 	 6 6 5 5
      3.35853369008306959845e-03 	 6 6 6 1
      3.17719764118022012303e-03 	 6 6 6 2
      4.96625867142250643910e-03 	 6 6 6 3
     -1.55364680913969710474e-02 	 6 6 6 4
      4.13474870691560823788e-03 	 6 6 6 5
      3.26271803333397836244e-01 	 6 6 6 6
     -7.00266821855168291461e-03 	 6 6 7 1
     -2.04482747399519319831e-02 	 6 6 7 2
     -1.90815552552073934567e-02 	 6 6 7 3
     -2.43264638846864382493e-02 	 6 6 7 4
     -1.45205616243626947637e-02 	 6 6 7 5
      4.04997126412960303798e-03 	 6 6 7 6
      1.88317879318496111951e-01 	 6 6 7 7
     -2.02670457675642040618e-02 	 6 6 8 1
      1.57290940301973054816e-02 	 6 6 8 2
      3.53887533777945406666e-03 	 6 6 8 3
      2.85251415648262373823e-03 	 6 6 8 4
      6.07086344383400006164e-03 	 6 6 8 5
      8.71190194456233327376e-04 	 6 6 8 6
      3.01629057351026534997e-03 	 6 6 8 7
      2.36146001683508049984e-01 	 6 6 8 8
      2.20629354882429179821e-03 	 7 1 1 1
     -1.26342437960387537653e-04 	 7 1 2 1
     -1.21361846846667394834e-03 	 7 1 2 2
     -2.81490866644455272737e-04 	 7 1 3 1
      5.09975977491230721486e-04 	 7 1 3 2
     -1.85274286586653656045e-03 	 7 1 3 3
     -7.42438013269184357915e-04 	 7 1 4 1
     -2.82350072494463345818e-04 	 7 1 4 2
     -1.11053319886669776828e-03 	 7 1 4 3
     -1.47005082346159197254e-03 	 7 1 4 4
     -8.31876872868567412284e-04 	 7 1 5 1
      4.39446513645713602355e-04 	 7 1 5 2
      2.55456938337358507168e-03 	 7 1 5 3
     -1.14564325851669438806e-03 	 7 1 5 4
     -2.66469377927988464172e-03 	 7 1 5 5
     -1.53827599210074159215e-03 	 7 1 6 1
      1.59766753717641152299e-03 	 7 1 6 2
      7.65172457829510466697e-04 	 7 1 6 3
      9.60141880294607032859e-04 	 7 1 6 4
      9.60824024476656149939e-04 	 7 1 6 5
     -7.00266821855174883410e-03 	 7 1 6 6
      2.93269482454547748135e-03 	 7 1 7 1
      3.82975577522872052700e-04 	 7 1 7 2
      2.82754036182678567847e-04 	 7 1 7 3
      2.03115578930001400293e-03 	 7 1 7 4
      3.88957465760447458972e-04 	 7 1 7 5
     -2.97268672420684118909e-03 	 7 1 7 6
     -4.73759848283096789839e-03 	 7 1 7 7
      7.49744936188132221448e-04 	 7 1 8 1
      7.73461787181330237724e-04 	 7 1 8 2
      1.69844410548624703307e-03 	 7 1 8 3
      1.90978690850374609699e-03 	 7 1 8 4
      1.03837938563145046507e-03 	 7 1 8 5
      1.04173078505692055622e-03 	 7 1 8 6
     -2.14625686102875310249e-03 	 7 1 8 7
      1.97777044301351411643e-03 	 7 1 8 8
     -4.49111597514299191319e-04 	 7 2 1 1
     -1.64025426215920716415e-03 	 7 2 2 1
      5.96694467131151339012e-03 	 7 2 2 2
     -8.08677082833659720501e-06 	 7 2 3 1
     -2.61147591860625685398e-03 	 7 2 3 2
     -1.10085706799283832014e-02 	 7 2 3 3
     -1.13990453760841615994e-04 	 7 2 4 1
     -3.09484125584297622980e-03 	 7 2 4 2
     -3.00956672476376937628e-03 	 7 2 4 3
     -7.65469730043102057626e-03 	 7 2 4 4
     -7.59906019866515305104e-04 	 7 2 5 1
     -2.65229352462343324903e-03 	 7 2 5 2
      1.13359701610378873528e-03 	 7 2 5 3
     -2.93978048181131254579e-03 	 7 2 5 4
     -6.04333485681165898107e-03 	 7 2 5 5
      1.15945086620564954613e-03 	 7 2 6 1
     -2.22690791088925744284e-03 	 7 2 6 2
     -1.55786374772016794274e-03 	 7 2 6 3
      1.23562652154285044191e-03 	 7 2 6 4
     -1.69127467050894414631e-03 	 7 2 6 5
     -2.04482747399519805553e-02 	 7 2 6 6
      3.82975577522893411483e-04 	 7 2 7 1
      7.46037221970785764669e-03 	 7 2 7 2
      2.98495076756425227818e-03 	 7 2 7 3
      3.77339101219287308478e-03 	 7 2 7 4
      2.50158030842552231085e-03 	 7 2 7 5
      1.83595325580593218655e-03 	 7 2 7 6
      2.94394346044059111722e-03 	 7 2 7 7
      2.47126700239753190752e-03 	 7 2 8 1
     -4.37921278633846867978e-03 	 7 2 8 2
     -5.63140419991850927489e-04 	 7 2 8 3
     -1.34241859863202931714e-03 	 7 2 8 4
     -1.00285883981998755893e-03 	 7 2 8 5
     -1.64409552724325701452e-03 	 7 2 8 6
      5.42765477616232653972e-04 	 7 2 8 7
     -1.40802565316791670341e-02 	 7 2 8 8
      2.41996433861920313274e-03 	 7 3 1 1
      1.08053130478015188033e-03 	 7 3 2 1
      5.76844910817149621185e-03 	 7 3 2 2
     -1.24660053669601277038e-03 	 7 3 3 1
     -6.61457686399702111252e-03 	 7 3 3 2
      2.31916863446207204003e-02 	 7 3 3 3
     -3.87283234330102138845e-03 	 7 3 4 1
     -4.51370446426979047422e-03 	 7 3 4 2
     -9.92184393234262114458e-04 	 7 3 4 3
      3.17529549540229987393e-04 	 7 3 4 4
      3.61737197136818367307e-04 	 7 3 5 1
     -1.87216971926390659750e-03 	 7 3 5 2
     -3.67033074946505801645e-03 	 7 3 5 3
     -2.33996400791451055964e-03 	 7 3 5 4
      1.30345370494657723098e-03 	 7 3 5 5
     -1.26569727478716077991e-03 	 7 3 6 1
     -1.57678756108558886483e-03 	 7 3 6 2
     -2.12316398926599633756e-03 	 7 3 6 3
      1.37505826524410984524e-03 	 7 3 6 4
     -1.47201704290634421968e-03 	 7 3 6 5
     -1.90815552552074177428e-02 	 7 3 6 6
      2.82754036182670327911e-04 	 7 3 7 1
      2.98495076756423753303e-03 	 7 3 7 2
      9.08589120801969220287e-03 	 7 3 7 3
      5.53813741740072276037e-03 	 7 3 7 4
      2.66881680717688269527e-03 	 7 3 7 5
      1.30171104754283066714e-03 	 7 3 7 6
      9.82171097981308222069e-03 	 7 3 7 7
      4.48077829067803235646e-03 	 7 3 8 1
     -1.80983668472437745495e-03 	 7 3 8 2
     -2.54410564592586797839e-03 	 7 3 8 3
     -1.94882513183589870139e-03 	 7 3 8 4
     -2.24516416633007570309e-04 	 7 3 8 5
     -1.21066151773413922636e-03 	 7 3 8 6
     -5.57037670240298726614e-04 	 7 3 8 7
     -1.11581763155999009324e-02 	 7 3 8 8
     -2.04334992774733243065e-04 	 7 4 1 1
      1.40780463166008938149e-03 	 7 4 2 1
      3.85609958202480420514e-03 	 7 4 2 2
      8.24076477715917499059e-05 	 7 4 3 1
     -3.97006782658229206290e-03 	 7 4 3 2
      2.88674467358337972708e-03 	 7 4 3 3
     -4.78128868222938915866e-03 	 7 4 4 1
     -4.84604559409039428036e-03 	 7 4 4 2
     -1.76928779908267224015e-03 	 7 4 4 3
      9.37904269233828975783e-03 	 7 4 4 4
     -9.77624807062999617857e-04 	 7 4 5 1
     -2.97098023360276800725e-03 	 7 4 5 2
      2.87734095143856165745e-04 	 7 4 5 3
     -1.77812652213673151949e-03 	 7 4 5 4
      2.80233939891241996042e-04 	 7 4 5 5
     -3.08255510801017096334e-03 	 7 4 6 1
     -1.45349548861249086877e-04 	 7 4 6 2
     -2.39619324071177063236e-04 	 7 4 6 3
      7.69937113503627880949e-04 	 7 4 6 4
     -7.29125400350304512728e-04 	 7 4 6 5
     -2.43264638846864902910e-02 	 7 4 6 6
      2.03115578930000879876e-03 	 7 4 7 1
      3.77339101219284012503e-03 	 7 4 7 2
      5.53813741740073143399e-03 	 7 4 7 3
      1.20991006710222202131e-02 	 7 4 7 4
      3.29681154088684114437e-03 	 7 4 7 5
     -8.66583720266552760825e-04 	 7 4 7 6
      1.37689541735350143986e-02 	 7 4 7 7
      5.95274602793272739065e-03 	 7 4 8 1
     -1.03836594693339418806e-03 	 7 4 8 2
      1.15813404350629937413e-03 	 7 4 8 3
     -9.55543313502340619682e-04 	 7 4 8 4
      5.46764685050542156679e-04 	 7 4 8 5
     -5.32369559639669226447e-04 	 7 4 8 6
     -2.05981989040896103227e-03 	 7 4 8 7
     -1.30601216727757526992e-02 	 7 4 8 8
      9.82857107161486023145e-04 	 7 5 1 1
      4.61853535490344203115e-04 	 7 5 2 1
      2.99531437733074109436e-03 	 7 5 2 2
      1.08990871585573504202e-03 	 7 5 3 1
     -1.41094560160429116115e-03 	 7 5 3 2
     -6.53878636172445550090e-03 	 7 5 3 3
     -2.74639821519540592090e-03 	 7 5 4 1
     -3.28873448880208363310e-03 	 7 5 4 2
     -1.76971381088821336225e-03 	 7 5 4 3
     -1.78507092157514902185e-03 	 7 5 4 4
     -2.12848385803607971153e-03 	 7 5 5 1
     -4.58952072424788186378e-03 	 7 5 5 2
     -2.05917511148144983385e-03 	 7 5 5 3
     -1.78734499240160117292e-03 	 7 5 5 4
      1.69724027864793791665e-02 	 7 5 5 5
     -1.40396969455595975809e-04 	 7 5 6 1
     -1.64366477747072254299e-03 	 7 5 6 2
     -1.18285470290628320217e-03 	 7 5 6 3
      1.10952217104766772196e-03 	 7 5 6 4
     -1.34522736905099186099e-03 	 7 5 6 5
     -1.45205616243627086415e-02 	 7 5 6 6
      3.88957465760437050631e-04 	 7 5 7 1
      2.50158030842550583098e-03 	 7 5 7 2
      2.66881680717688920049e-03 	 7 5 7 3
      3.29681154088684157805e-03 	 7 5 7 4
      5.07753412224783498563e-03 	 7 5 7 5
      1.19977881549499583620e-03 	 7 5 7 6
      3.34998569598784611684e-03 	 7 5 7 7
      3.05416842058748357752e-03 	 7 5 8 1
     -2.06734161555165076724e-03 	 7 5 8 2
     -1.24679808748578540558e-04 	 7 5 8 3
     -1.60842410637889745260e-03 	 7 5 8 4
     -2.09681529739996286646e-03 	 7 5 8 5
     -1.30578476538185245248e-03 	 7 5 8 6
      3.18591414275044078515e-04 	 7 5 8 7
     -9.56632022145372136468e-03 	 7 5 8 8
     -5.86888230092084441092e-03 	 7 6 1 1
      1.08192164150402265685e-03 	 7 6 2 1
     -3.38486282837894766895e-03 	 7 6 2 2
      3.10154581806656710983e-04 	 7 6 3 1
     -2.24387671863736197497e-03 	 7 6 3 2
     -5.36717712670504044220e-03 	 7 6 3 3
      7.37710413658846471049e-04 	 7 6 4 1
     -7.46050402422842283412e-04 	 7 6 4 2
      3.48174043203264293751e-04 	 7 6 4 3
     -4.37280103520226379188e-03 	 7 6 4 4
      9.00521008187512130364e-04 	 7 6 5 1
     -2.51466152473124766875e-03 	 7 6 5 2
     -3.93262700485031303083e-03 	 7 6 5 3
      2.78546405142740224111e-04 	 7 6 5 4
     -8.04829662754690498827e-04 	 7 6 5 5
      1.88650578587311952734e-03 	 7 6 6 1
     -4.65944180813782690004e-03 	 7 6 6 2
     -3.65468749793928029956e-03 	 7 6 6 3
     -3.68880761184911575359e-03 	 7 6 6 4
     -3.25847597997613392176e-03 	 7 6 6 5
      4.04997126412956313934e-03 	 7 6 6 6
     -2.97268672420683598492e-03 	 7 6 7 1
      1.83595325580593608968e-03 	 7 6 7 2
      1.30171104754284866489e-03 	 7 6 7 3
     -8.66583720266533353606e-04 	 7 6 7 4
      1.19977881549498976467e-03 	 7 6 7 5
      9.44018962940978978438e-03 	 7 6 7 6
      8.06901465665794438709e-03 	 7 6 7 7
     -9.06051651802600990435e-05 	 7 6 8 1
     -2.62921019819309983306e-03 	 7 6 8 2
     -2.79256025421453996441e-03 	 7 6 8 3
     -3.73376375953514199821e-03 	 7 6 8 4
     -2.04685007658443737441e-03 	 7 6 8 5
     -1.48644953979376929186e-03 	 7 6 8 6
      3.88792653473490120580e-03 	 7 6 8 7
     -1.27076998818088891807e-02 	 7 6 8 8
      1.89865559102660647062e-01 	 7 7 1 1
     -5.45616741595490381544e-03 	 7 7 2 1
      2.38657316468871200099e-01 	 7 7 2 2
      5.51337384244235655800e-03 	 7 7 3 1
      2.62238314140984720563e-03 	 7 7 3 2
      1.82966624730162535917e-01 	 7 7 3 3
     -2.09192554483456083503e-03 	 7 7 4 1
     -4.74554814353219615169e-03 	 7 7 4 2
      3.35109021932392331725e-03 	 7 7 4 3
      2.50073881732278624490e-01 	 7 7 4 4
      4.62047454680282118633e-03 	 7 7 5 1
      5.32890148437628130909e-04 	 7 7 5 2
      1.08495303523433762882e-02 	 7 7 5 3
      2.31108155989800468158e-03 	 7 7 5 4
      1.87700369611238260248e-01 	 7 7 5 5
     -7.78520445167571201878e-03 	 7 7 6 1
      6.59128944481347008727e-04 	 7 7 6 2
      3.68396665026115080477e-03 	 7 7 6 3
     -7.73291904164850277953e-03 	 7 7 6 4
      3.66248654135816240724e-05 	 7 7 6 5
      1.88317879318495834395e-01 	 7 7 6 6
     -4.73759848283092713239e-03 	 7 7 7 1
      2.94394346044065790408e-03 	 7 7 7 2
      9.82171097981312558878e-03 	 7 7 7 3
      1.37689541735350699098e-02 	 7 7 7 4
      3.34998569598788644916e-03 	 7 7 7 5
      8.06901465665798948990e-03 	 7 7 7 6
      3.58013802557445359742e-01 	 7 7 7 7
     -5.06982550105966996374e-05 	 7 7 8 1
     -3.38601021371087089300e-04 	 7 7 8 2
      9.32125547184493863373e-03 	 7 7 8 3
      4.58169936178998930126e-03 	 7 7 8 4
      6.90168340667843271952e-03 	 7 7 8 5
      4.14292395878821284767e-04 	 7 7 8 6
     -5.98362230783248093269e-03 	 7 7 8 7
      1.90155236372408081857e-01 	 7 7 8 8
     -4.31439632558871643403e-03 	 8 1 1 1
      7.76656077087547677684e-03 	 8 1 2 1
     -3.26521096087910214084e-03 	 8 1 2 2
      2.66247308713407192932e-03 	 8 1 3 1
     -3.85832756056109314052e-03 	 8 1 3 2
      1.32869239962639766606e-02 	 8 1 3 3
     -1.48371649652576948625e-02 	 8 1 4 1
     -5.76521283229454624408e-03 	 8 1 4 2
     -5.71288504220564697517e-04 	 8 1 4 3
      8.35598755138437440659e-03 	 8 1 4 4
      1.40224813821685704955e-03 	 8 1 5 1
     -3.11778968186115015837e-03 	 8 1 5 2
     -5.10659517651138560035e-03 	 8 1 5 3
     -6.67970405538819908542e-04 	 8 1 5 4
      1.45932175543324119116e-02 	 8 1 5 5
     -7.93620424191112359968e-03 	 8 1 6 1
     -1.70816026564799493780e-03 	 8 1 6 2
     -1.93048074418302882845e-03 	 8 1 6 3
      2.13095938189764673096e-03 	 8 1 6 4
     -1.46848743768877550500e-03 	 8 1 6 5
     -2.02670457675641971229e-02 	 8 1 6 6
      7.49744936188096768037e-04 	 8 1 7 1
      2.47126700239748463631e-03 	 8 1 7 2
      4.48077829067803669327e-03 	 8 1 7 3
      5.95274602793268228784e-03 	 8 1 7 4
      3.05416842058749138378e-03 	 8 1 7 5
     -9.06051651802481728196e-05 	 8 1 7 6
     -5.06982550106990008886e-05 	 8 1 7 7
      1.66964462212058593893e-02 	 8 1 8 1
      3.62345637799220193428e-03 	 8 1 8 2
      1.42009406961878361167e-03 	 8 1 8 3
     -5.14293970345601741262e-03 	 8 1 8 4
      7.30419438334114394865e-04 	 8 1 8 5
     -6.66167901469514982249e-04 	 8 1 8 6
     -1.52606421015591907885e-03 	 8 1 8 7
     -2.10091806152878264602e-02 	 8 1 8 8
     -6.18830829021152408614e-03 	 8 2 1 1
      6.79848723325250387656e-03 	 8 2 2 1
     -2.34388195905581193934e-02 	 8 2 2 2
      1.23067100165421861339e-04 	 8 2 3 1
      2.89520120462060997699e-03 	 8 2 3 2
      1.72619999003368537749e-02 	 8 2 3 3
     -6.84221793066446242609e-03 	 8 2 4 1
      1.94274205421399864813e-03 	 8 2 4 2
      4.73919533289610551280e-03 	 8 2 4 3
      1.34056198511627467501e-02 	 8 2 4 4
      5.35196542848229844802e-04 	 8 2 5 1
      2.90559450346845188351e-03 	 8 2 5 2
     -5.38228071568657220891e-03 	 8 2 5 3
      4.52558088329990584192e-03 	 8 2 5 4
      1.26101171153582981149e-02 	 8 2 5 5
     -6.38452252001289050076e-03 	 8 2 6 1
      3.43699445131078395663e-03 	 8 2 6 2
      1.59575701940265477809e-03 	 8 2 6 3
     -8.12802187372545377995e-04 	 8 2 6 4
      1.88377194588174837371e-03 	 8 2 6 5
      1.57290940301972083371e-02 	 8 2 6 6
      7.73461787181322539889e-04 	 8 2 7 1
     -4.37921278633848169021e-03 	 8 2 7 2
     -1.80983668472436401084e-03 	 8 2 7 3
     -1.03836594693339570594e-03 	 8 2 7 4
     -2.06734161555163819049e-03 	 8 2 7 5
     -2.62921019819305776602e-03 	 8 2 7 6
     -3.38601021371165422907e-04 	 8 2 7 7
      3.62345637799219195962e-03 	 8 2 8 1
      1.38924889795927989505e-02 	 8 2 8 2
      4.57257671515349031766e-03 	 8 2 8 3
     -5.07596699155802178610e-04 	 8 2 8 4
      4.15331091669966009222e-03 	 8 2 8 5
      3.54245798593196209794e-03 	 8 2 8 6
     -3.39735344943564721021e-03 	 8 2 8 7
     -6.20570152565969122144e-03 	 8 2 8 8
      4.20089429467917791633e-03 	 8 3 1 1
     -1.27930198526914800164e-03 	 8 3 2 1
      1.03596119538370296659e-02 	 8 3 2 2
      1.74287381240482508807e-03 	 8 3 3 1
      3.78569120161319563889e-03 	 8 3 3 2
     -1.25079082842860338232e-02 	 8 3 3 3
     -1.56752526037155868327e-03 	 8 3 4 1
      6.23127693128003572881e-04 	 8 3 4 2
     -5.91040572496223095764e-04 	 8 3 4 3
      1.04339515212671443689e-02 	 8 3 4 4
     -7.80156462600765259786e-04 	 8 3 5 1
      1.12309245673294104591e-05 	 8 3 5 2
      4.61935677895374333102e-03 	 8 3 5 3
      1.11034505919741476043e-03 	 8 3 5 4
      5.51871190958718588204e-03 	 8 3 5 5
     -2.90497070192387123189e-03 	 8 3 6 1
      2.09341150577814060635e-03 	 8 3 6 2
      1.89402105167895957842e-03 	 8 3 6 3
      5.58606419860031518966e-04 	 8 3 6 4
      1.21888685978501832598e-03 	 8 3 6 5
      3.53887533777941069857e-03 	 8 3 6 6
      1.69844410548624746675e-03 	 8 3 7 1
     -5.63140419991855806399e-04 	 8 3 7 2
     -2.54410564592586754470e-03 	 8 3 7 3
      1.15813404350629959097e-03 	 8 3 7 4
     -1.24679808748576263734e-04 	 8 3 7 5
     -2.79256025421452348453e-03 	 8 3 7 6
      9.32125547184492475594e-03 	 8 3 7 7
      1.42009406961877407069e-03 	 8 3 8 1
      4.57257671515348858293e-03 	 8 3 8 2
      8.39892219915005892872e-03 	 8 3 8 3
      1.61706868007173995908e-03 	 8 3 8 4
      3.81203702533540033509e-03 	 8 3 8 5
      2.92821980336134069303e-03 	 8 3 8 6
     -3.68306577625831643025e-03 	 8 3 8 7
     -9.83246184106193518021e-04 	 8 3 8 8
     -4.02642073713825338760e-03 	 8 4 1 1
     -4.71954788510439964683e-03 	 8 4 2 1
      4.63551848494504672299e-03 	 8 4 2 2
     -1.19148266336097964635e-03 	 8 4 3 1
      3.26145022088158553081e-03 	 8 4 3 2
     -7.85597489517224009670e-03 	 8 4 3 3
      6.42140768708148856198e-03 	 8 4 4 1
      3.66709000594126009048e-03 	 8 4 4 2
      7.58780095120997798500e-04 	 8 4 4 3
      2.16761097161433016062e-03 	 8 4 4 4
     -1.07427365228678940723e-03 	 8 4 5 1
      2.67946212225340062163e-03 	 8 4 5 2
      6.24641519206799947922e-03 	 8 4 5 3
      5.21743575941082228867e-04 	 8 4 5 4
     -8.83136191709082973844e-03 	 8 4 5 5
      1.22702536852014156346e-03 	 8 4 6 1
      3.45821555831261982089e-03 	 8 4 6 2
      2.76112272735206526475e-03 	 8 4 6 3
     -3.10964208920689233386e-04 	 8 4 6 4
      2.24302061736703041081e-03 	 8 4 6 5
      2.85251415648255087984e-03 	 8 4 6 6
      1.90978690850373005079e-03 	 8 4 7 1
     -1.34241859863206097585e-03 	 8 4 7 2
     -1.94882513183588352255e-03 	 8 4 7 3
     -9.55543313502362845827e-04 	 8 4 7 4
     -1.60842410637889636840e-03 	 8 4 7 5
     -3.73376375953512551834e-03 	 8 4 7 6
      4.58169936178991297343e-03 	 8 4 7 7
     -5.14293970345600266747e-03 	 8 4 8 1
     -5.07596699155775073556e-04 	 8 4 8 2
      1.61706868007177096726e-03 	 8 4 8 3
      9.44679085211958848023e-03 	 8 4 8 4
      7.96167658278336973568e-04 	 8 4 8 5
      2.50228985516613277457e-03 	 8 4 8 6
     -3.39744474097309614655e-03 	 8 4 8 7
      1.49924476421379668234e-02 	 8 4 8 8
      3.06197824451770505075e-03 	 8 5 1 1
     -8.94000060295388845368e-04 	 8 5 2 1
      8.23514250566393692099e-03 	 8 5 2 2
     -4.16042967898216041987e-04 	 8 5 3 1
      1.00085823670945808328e-04 	 8 5 3 2
      8.52082076985386134560e-03 	 8 5 3 3
     -8.46686045658185922405e-04 	 8 5 4 1
      8.44345540683483913869e-04 	 8 5 4 2
      1.37940992284148883362e-03 	 8 5 4 3
      8.38257720196585245920e-03 	 8 5 4 4
      1.64768769431677735912e-03 	 8 5 5 1
      3.19287627676104928190e-03 	 8 5 5 2
      2.86024691882516427302e-03 	 8 5 5 3
     -2.57217943453178551211e-04 	 8 5 5 4
     -1.45721828033648810596e-02 	 8 5 5 5
     -2.25612734922491908057e-03 	 8 5 6 1
      1.54680825751778074778e-03 	 8 5 6 2
      1.08157950586175400851e-03 	 8 5 6 3
     -2.76603412919660155648e-04 	 8 5 6 4
      8.45938851189212827168e-04 	 8 5 6 5
      6.07086344383390118240e-03 	 8 5 6 6
      1.03837938563145631976e-03 	 8 5 7 1
     -1.00285883981998235476e-03 	 8 5 7 2
     -2.24516416632999249057e-04 	 8 5 7 3
      5.46764685050550613456e-04 	 8 5 7 4
     -2.09681529739995983069e-03 	 8 5 7 5
     -2.04685007658441612405e-03 	 8 5 7 6
      6.90168340667842144381e-03 	 8 5 7 7
      7.30419438334105721247e-04 	 8 5 8 1
      4.15331091669965922486e-03 	 8 5 8 2
      3.81203702533540337086e-03 	 8 5 8 3
      7.96167658278318000030e-04 	 8 5 8 4
      6.62671163543364534487e-03 	 8 5 8 5
      2.42849853071766541568e-03 	 8 5 8 6
     -2.69696718272306387720e-03 	 8 5 8 7
     -9.97715915937403326902e-04 	 8 5 8 8
     -6.61434939358009846982e-03 	 8 6 1 1
     -1.23256573462928332302e-03 	 8 6 2 1
      1.30972273280394033894e-04 	 8 6 2 2
     -7.47204245423951788144e-04 	 8 6 3 1
      1.48437199817885051058e-03 	 8 6 3 2
     -4.67907322927448390305e-04 	 8 6 3 3
      9.97715942773749406292e-04 	 8 6 4 1
      1.95056713344786934738e-03 	 8 6 4 2
      1.26443808818062328365e-03 	 8 6 4 3
     -1.65065628599210490954e-04 	 8 6 4 4
     -6.66567417363236273259e-04 	 8 6 5 1
      1.37307029800886682205e-03 	 8 6 5 2
      1.54218432653264341838e-03 	 8 6 5 3
      9.79920598191831148521e-04 	 8 6 5 4
     -3.87135270696402009061e-03 	 8 6 5 5
     -2.89953901155223835520e-03 	 8 6 6 1
      3.48002665886958757399e-03 	 8 6 6 2
      1.51702996972574613403e-03 	 8 6 6 3
      3.27031308386685850599e-04 	 8 6 6 4
      1.66438966889185255629e-03 	 8 6 6 5
      8.71190194456003801776e-04 	 8 6 6 6
      1.04173078505691665309e-03 	 8 6 7 1
     -1.64409552724324964194e-03 	 8 6 7 2
     -1.21066151773410626662e-03 	 8 6 7 3
     -5.32369559639651011851e-04 	 8 6 7 4
     -1.30578476538182881687e-03 	 8 6 7 5
     -1.48644953979368363989e-03 	 8 6 7 6
      4.14292395878759647874e-04 	 8 6 7 7
     -6.66167901469556290352e-04 	 8 6 8 1
      3.54245798593195082224e-03 	 8 6 8 2
      2.92821980336134025935e-03 	 8 6 8 3
      2.50228985516607899814e-03 	 8 6 8 4
      2.42849853071768623236e-03 	 8 6 8 5
      8.30470355294453746464e-03 	 8 6 8 6
     -2.90568994196057847623e-03 	 8 6 8 7
     -3.54593970248501862835e-03 	 8 6 8 8
     -4.50666944040579824093e-03 	 8 7 1 1
      8.33621772914798237625e-04 	 8 7 2 1
     -6.46985921848255811362e-03 	 8 7 2 2
      5.37515865633586748841e-04 	 8 7 3 1
     -7.54627593889754767417e-04 	 8 7 3 2
     -7.31406128052513367782e-03 	 8 7 3 3
      2.34273899319254082230e-03 	 8 7 4 1
      1.44520927765267041994e-04 	 8 7 4 2
     -4.72440956047207719407e-05 	 8 7 4 3
     -8.42675349728568348628e-03 	 8 7 4 4
      1.05169659893492397663e-03 	 8 7 5 1
     -9.93388874918421345764e-04 	 8 7 5 2
     -2.01575291039063223333e-03 	 8 7 5 3
      2.02050236599863594156e-04 	 8 7 5 4
     -4.20334402781482284472e-03 	 8 7 5 5
      2.83210660331415647883e-03 	 8 7 6 1
     -2.66103192629850741555e-03 	 8 7 6 2
     -1.73484200091888226929e-03 	 8 7 6 3
     -1.29364752480803099979e-03 	 8 7 6 4
     -1.50320704332414451301e-03 	 8 7 6 5
      3.01629057351020853778e-03 	 8 7 6 6
     -2.14625686102875093408e-03 	 8 7 7 1
      5.42765477616221161429e-04 	 8 7 7 2
     -5.57037670240290269837e-04 	 8 7 7 3
     -2.05981989040895756282e-03 	 8 7 7 4
      3.18591414275045921659e-04 	 8 7 7 5
      3.88792653473492158880e-03 	 8 7 7 6
     -5.98362230783250174937e-03 	 8 7 7 7
     -1.52606421015589609376e-03 	 8 7 8 1
     -3.39735344943562856193e-03 	 8 7 8 2
     -3.68306577625830645559e-03 	 8 7 8 3
     -3.39744474097307229410e-03 	 8 7 8 4
     -2.69696718272306951505e-03 	 8 7 8 5
     -2.90568994196058714985e-03 	 8 7 8 6
      5.18226772882001210374e-03 	 8 7 8 7
     -3.22846696959734006521e-03 	 8 7 8 8
      2.33376117421202178281e-01 	 8 8 1 1
     -8.58698971605994024192e-03 	 8 8 2 1
      2.00631513165881181227e-01 	 8 8 2 2
      2.09150404887354290570e-03 	 8 8 3 1
      1.85766036342329340925e-02 	 8 8 3 2
      1.96064316482853606693e-01 	 8 8 3 3
      6.28351943352797957104e-03 	 8 8 4 1
      5.95120721419300190147e-03 	 8 8 4 2
     -1.20721227108119572718e-03 	 8 8 4 3
      2.19887698815569632149e-01 	 8 8 4 4
      3.47241971857373482938e-03 	 8 8 5 1
      1.72426180057247448174e-02 	 8 8 5 2
      2.09899697307692860437e-02 	 8 8 5 3
     -1.56477330735593582987e-03 	 8 8 5 4
      1.77768974227097364960e-01 	 8 8 5 5
      5.62077420625883860707e-04 	 8 8 6 1
      9.88656826612683420352e-03 	 8 8 6 2
      9.09735229249774776661e-03 	 8 8 6 3
     -6.76675353034191461553e-04 	 8 8 6 4
      7.23558520729549858180e-03 	 8 8 6 5
      2.36146001683508105495e-01 	 8 8 6 6
      1.97777044301347074834e-03 	 8 8 7 1
     -1.40802565316792138717e-02 	 8 8 7 2
     -1.11581763155998991977e-02 	 8 8 7 3
     -1.30601216727758498437e-02 	 8 8 7 4
     -9.56632022145371095634e-03 	 8 8 7 5
     -1.27076998818088770377e-02 	 8 8 7 6
      1.90155236372408054102e-01 	 8 8 7 7
     -2.10091806152879062575e-02 	 8 8 8 1
     -6.20570152565969555825e-03 	 8 8 8 2
     -9.83246184106162509839e-04 	 8 8 8 3
      1.49924476421378852914e-02 	 8 8 8 4
     -9.97715915937356272528e-04 	 8 8 8 5
     -3.54593970248496094880e-03 	 8 8 8 6
     -3.22846696959739427532e-03 	 8 8 8 7
      3.42773537933000582711e-01 	 8 8 8 8
 # Printing T + V integrals in spatial MO basis
     -1.92258944153025534973e+00 	 1 1 0 0
      1.07679886910437991321e-01 	 1 2 0 0
     -1.28381762996268022903e-01 	 1 3 0 0
      1.49866005758095444111e-01 	 1 4 0 0
     -1.29942084589397460759e-01 	 1 5 0 0
      4.47335280020069864237e-02 	 1 6 0 0
      3.51359649281182268021e-02 	 1 7 0 0
      8.95890075139238045709e-02 	 1 8 0 0
      1.07679886910417299539e-01 	 2 1 0 0
     -1.81527327364822932410e+00 	 2 2 0 0
     -4.85740855894241513324e-02 	 2 3 0 0
      9.83798101132399710478e-02 	 2 4 0 0
     -5.65275528169706595327e-02 	 2 5 0 0
      6.26119558223807576303e-02 	 2 6 0 0
      1.78628087929890572161e-01 	 2 7 0 0
     -3.13066850997029202941e-02 	 2 8 0 0
     -1.28381762996270160082e-01 	 3 1 0 0
     -4.85740855893979917024e-02 	 3 2 0 0
     -2.14613608427195456940e+00 	 3 3 0 0
      9.56832818112017535750e-02 	 3 4 0 0
     -2.29300448251001168232e-02 	 3 5 0 0
      6.51210393262401654457e-02 	 3 6 0 0
     -7.61500419140277370889e-03 	 3 7 0 0
     -5.82970727452847420347e-02 	 3 8 0 0
      1.49866005758072240450e-01 	 4 1 0 0
      9.83798101132375008016e-02 	 4 2 0 0
      9.56832818112185734538e-02 	 4 3 0 0
     -2.10535462125389205568e+00 	 4 4 0 0
      9.89698532304440214968e-02 	 4 5 0 0
      5.73747830191431371083e-02 	 4 6 0 0
      1.44330786757506213114e-01 	 4 7 0 0
      1.05482179460250694025e-01 	 4 8 0 0
     -1.29942084589401485317e-01 	 5 1 0 0
     -5.65275528169712215831e-02 	 5 2 0 0
     -2.29300448251034058589e-02 	 5 3 0 0
      9.89698532304877365284e-02 	 5 4 0 0
     -2.09987533218927380219e+00 	 5 5 0 0
      6.41309267449878123157e-02 	 5 6 0 0
     -8.91695868382821020537e-03 	 5 7 0 0
     -6.05554023628157578329e-02 	 5 8 0 0
      4.47335280020145359403e-02 	 6 1 0 0
      6.26119558223730138247e-02 	 6 2 0 0
      6.51210393262409981130e-02 	 6 3 0 0
      5.73747830191614349715e-02 	 6 4 0 0
      6.41309267449903519509e-02 	 6 5 0 0
     -1.76088197224422926546e+00 	 6 6 0 0
     -3.04708802768802397565e-02 	 6 7 0 0
      1.07956811276827005508e-01 	 6 8 0 0
      3.51359649281122732312e-02 	 7 1 0 0
      1.78628087929906032016e-01 	 7 2 0 0
     -7.61500419138007051539e-03 	 7 3 0 0
      1.44330786757604356829e-01 	 7 4 0 0
     -8.91695868381217268683e-03 	 7 5 0 0
     -3.04708802768626635382e-02 	 7 6 0 0
     -1.87377913543093743698e+00 	 7 7 0 0
      3.05919700634600076616e-02 	 7 8 0 0
      8.95890075139318259323e-02 	 8 1 0 0
     -3.13066850996932197204e-02 	 8 2 0 0
     -5.82970727452978704219e-02 	 8 3 0 0
      1.05482179460222688649e-01 	 8 4 0 0
     -6.05554023628264923018e-02 	 8 5 0 0
      1.07956811276844574787e-01 	 8 6 0 0
      3.05919700634302259290e-02 	 8 7 0 0
     -1.83394852709934808033e+00 	 8 8 0 0
 # Printing -1/2 \lambda \lambda q integrals in spatial MO basis
      0.00000000000000000000e+00 	 1 1 0 0
      0.00000000000000000000e+00 	 1 2 0 0
      0.00000000000000000000e+00 	 1 3 0 0
      0.00000000000000000000e+00 	 1 4 0 0
      0.00000000000000000000e+00 	 1 5 0 0
      0.00000000000000000000e+00 	 1 6 0 0
      0.00000000000000000000e+00 	 1 7 0 0
      0.00000000000000000000e+00 	 1 8 0 0
      0.00000000000000000000e+00 	 2 1 0 0
      0.00000000000000000000e+00 	 2 2 0 0
      0.00000000000000000000e+00 	 2 3 0 0
      0.00000000000000000000e+00 	 2 4 0 0
      0.00000000000000000000e+00 	 2 5 0 0
      0.00000000000000000000e+00 	 2 6 0 0
      0.00000000000000000000e+00 	 2 7 0 0
      0.00000000000000000000e+00 	 2 8 0 0
      0.00000000000000000000e+00 	 3 1 0 0
      0.00000000000000000000e+00 	 3 2 0 0
      0.00000000000000000000e+00 	 3 3 0 0
      0.00000000000000000000e+00 	 3 4 0 0
      0.00000000000000000000e+00 	 3 5 0 0
      0.00000000000000000000e+00 	 3 6 0 0
      0.00000000000000000000e+00 	 3 7 0 0
      0.00000000000000000000e+00 	 3 8 0 0
      0.00000000000000000000e+00 	 4 1 0 0
      0.00000000000000000000e+00 	 4 2 0 0
      0.00000000000000000000e+00 	 4 3 0 0
      0.00000000000000000000e+00 	 4 4 0 0
      0.00000000000000000000e+00 	 4 5 0 0
      0.00000000000000000000e+00 	 4 6 0 0
      0.00000000000000000000e+00 	 4 7 0 0
      0.00000000000000000000e+00 	 4 8 0 0
      0.00000000000000000000e+00 	 5 1 0 0
      0.00000000000000000000e+00 	 5 2 0 0
      0.00000000000000000000e+00 	 5 3 0 0
      0.00000000000000000000e+00 	 5 4 0 0
      0.00000000000000000000e+00 	 5 5 0 0
      0.00000000000000000000e+00 	 5 6 0 0
      0.00000000000000000000e+00 	 5 7 0 0
      0.00000000000000000000e+00 	 5 8 0 0
      0.00000000000000000000e+00 	 6 1 0 0
      0.00000000000000000000e+00 	 6 2 0 0
      0.00000000000000000000e+00 	 6 3 0 0
      0.00000000000000000000e+00 	 6 4 0 0
      0.00000000000000000000e+00 	 6 5 0 0
      0.00000000000000000000e+00 	 6 6 0 0
      0.00000000000000000000e+00 	 6 7 0 0
      0.00000000000000000000e+00 	 6 8 0 0
      0.00000000000000000000e+00 	 7 1 0 0
      0.00000000000000000000e+00 	 7 2 0 0
      0.00000000000000000000e+00 	 7 3 0 0
      0.00000000000000000000e+00 	 7 4 0 0
      0.00000000000000000000e+00 	 7 5 0 0
      0.00000000000000000000e+00 	 7 6 0 0
      0.00000000000000000000e+00 	 7 7 0 0
      0.00000000000000000000e+00 	 7 8 0 0
      0.00000000000000000000e+00 	 8 1 0 0
      0.00000000000000000000e+00 	 8 2 0 0
      0.00000000000000000000e+00 	 8 3 0 0
      0.00000000000000000000e+00 	 8 4 0 0
      0.00000000000000000000e+00 	 8 5 0 0
      0.00000000000000000000e+00 	 8 6 0 0
      0.00000000000000000000e+00 	 8 7 0 0
      0.00000000000000000000e+00 	 8 8 0 0
 # Printing \lambda mu integrals in spatial MO basis
      0.00000000000000000000e+00 	 1 1 0 0
      0.00000000000000000000e+00 	 1 2 0 0
      0.00000000000000000000e+00 	 1 3 0 0
      0.00000000000000000000e+00 	 1 4 0 0
      0.00000000000000000000e+00 	 1 5 0 0
      0.00000000000000000000e+00 	 1 6 0 0
      0.00000000000000000000e+00 	 1 7 0 0
      0.00000000000000000000e+00 	 1 8 0 0
      0.00000000000000000000e+00 	 2 1 0 0
      0.00000000000000000000e+00 	 2 2 0 0
      0.00000000000000000000e+00 	 2 3 0 0
      0.00000000000000000000e+00 	 2 4 0 0
      0.00000000000000000000e+00 	 2 5 0 0
      0.00000000000000000000e+00 	 2 6 0 0
      0.00000000000000000000e+00 	 2 7 0 0
      0.00000000000000000000e+00 	 2 8 0 0
      0.00000000000000000000e+00 	 3 1 0 0
      0.00000000000000000000e+00 	 3 2 0 0
      0.00000000000000000000e+00 	 3 3 0 0
      0.00000000000000000000e+00 	 3 4 0 0
      0.00000000000000000000e+00 	 3 5 0 0
      0.00000000000000000000e+00 	 3 6 0 0
      0.00000000000000000000e+00 	 3 7 0 0
      0.00000000000000000000e+00 	 3 8 0 0
      0.00000000000000000000e+00 	 4 1 0 0
      0.00000000000000000000e+00 	 4 2 0 0
      0.00000000000000000000e+00 	 4 3 0 0
      0.00000000000000000000e+00 	 4 4 0 0
      0.00000000000000000000e+00 	 4 5 0 0
      0.00000000000000000000e+00 	 4 6 0 0
      0.00000000000000000000e+00 	 4 7 0 0
      0.00000000000000000000e+00 	 4 8 0 0
      0.00000000000000000000e+00 	 5 1 0 0
      0.00000000000000000000e+00 	 5 2 0 0
      0.00000000000000000000e+00 	 5 3 0 0
      0.00000000000000000000e+00 	 5 4 0 0
      0.00000000000000000000e+00 	 5 5 0 0
      0.00000000000000000000e+00 	 5 6 0 0
      0.00000000000000000000e+00 	 5 7 0 0
      0.00000000000000000000e+00 	 5 8 0 0
      0.00000000000000000000e+00 	 6 1 0 0
      0.00000000000000000000e+00 	 6 2 0 0
      0.00000000000000000000e+00 	 6 3 0 0
      0.00000000000000000000e+00 	 6 4 0 0
      0.00000000000000000000e+00 	 6 5 0 0
      0.00000000000000000000e+00 	 6 6 0 0
      0.00000000000000000000e+00 	 6 7 0 0
      0.00000000000000000000e+00 	 6 8 0 0
      0.00000000000000000000e+00 	 7 1 0 0
      0.00000000000000000000e+00 	 7 2 0 0
      0.00000000000000000000e+00 	 7 3 0 0
      0.00000000000000000000e+00 	 7 4 0 0
      0.00000000000000000000e+00 	 7 5 0 0
      0.00000000000000000000e+00 	 7 6 0 0
      0.00000000000000000000e+00 	 7 7 0 0
      0.00000000000000000000e+00 	 7 8 0 0
      0.00000000000000000000e+00 	 8 1 0 0
      0.00000000000000000000e+00 	 8 2 0 0
      0.00000000000000000000e+00 	 8 3 0 0
      0.00000000000000000000e+00 	 8 4 0 0
      0.00000000000000000000e+00 	 8 5 0 0
      0.00000000000000000000e+00 	 8 6 0 0
      0.00000000000000000000e+00 	 8 7 0 0
      0.00000000000000000000e+00 	 8 8 0 0
 # Printing nuclear repulsion energy
     -2.99493897528128263730e+03 	 0 0 0 0
 # Printing photon energy
      1.36000000000000009770e-01 	 0 0 0 0
 # Printing lambda vector
  0.0000000000e+00, 0.0000000000e+00, 0.0000000000e+00 	 0 0 0 0
 # Printing RHF Electronic Dipole Moment
  2.5884148717e+00, -1.2892015490e+01, -1.2655558816e+01 	 0 0 0 0
 # Printing Nuclear Dipole Moment
  -6.2324620579e+00, 1.4042586421e+01, 1.3882938397e+01 	 0 0 0 0
