&FCI NORB=8,NELEC=0,MS2=0
ORBSYM=1,1,1,1,
ISYM=1,
/
      4.73252223062695875910e-01 	 1 1 1 1
     -3.60826250346211454753e-03 	 1 1 2 1
      2.13588238076734354687e-01 	 1 1 2 2
     -5.07669401418267343673e-02 	 1 1 3 1
     -2.16332004068026627353e-02 	 1 1 3 2
      3.27958454593180182002e-01 	 1 1 3 3
      7.63383211125825446308e-03 	 1 1 4 1
      4.53227324744755188934e-03 	 1 1 4 2
     -5.63667221218230049887e-04 	 1 1 4 3
      1.11455979822707093585e-01 	 1 1 4 4
     -1.75827375026692267479e-02 	 1 1 5 1
     -2.46762210066888490467e-02 	 1 1 5 2
      3.71097796821203904094e-03 	 1 1 5 3
      5.80694754920878068727e-04 	 1 1 5 4
      2.63834816185721632298e-01 	 1 1 5 5
     -3.71378423211692803088e-04 	 1 1 6 1
      2.22949152164404187579e-04 	 1 1 6 2
      3.70536548945641589642e-03 	 1 1 6 3
      3.68815144381526554412e-03 	 1 1 6 4
     -8.43089221066253488579e-03 	 1 1 6 5
      1.24858713915138960782e-01 	 1 1 6 6
      5.97846491827278697651e-02 	 1 1 7 1
      1.61664801010660968972e-02 	 1 1 7 2
      5.72036780326813220493e-03 	 1 1 7 3
      1.47449940661594381536e-03 	 1 1 7 4
      3.85601453242674988009e-03 	 1 1 7 5
     -6.42641681483936168251e-03 	 1 1 7 6
      3.55140864152135582454e-01 	 1 1 7 7
     -1.11254523066688839478e-02 	 1 1 8 1
      5.37559097090686138776e-03 	 1 1 8 2
     -9.71127189253702025572e-04 	 1 1 8 3
     -8.49479979843477568668e-03 	 1 1 8 4
     -1.16603710246144676860e-02 	 1 1 8 5
     -4.60019306991454011990e-03 	 1 1 8 6
     -3.01799676801928077122e-03 	 1 1 8 7
      1.77791998929703959353e-01 	 1 1 8 8
     -3.60826250346211064440e-03 	 2 1 1 1
      1.84775220583522237910e-03 	 2 1 2 1
      9.93757162105283683995e-04 	 2 1 2 2
     -2.70200257227195715041e-04 	 2 1 3 1
      1.85575002846421945740e-03 	 2 1 3 2
      3.38655640470454741969e-03 	 2 1 3 3
     -4.44360618192306136912e-04 	 2 1 4 1
     -9.90154037333143338326e-04 	 2 1 4 2
     -3.38516632463606520834e-04 	 2 1 4 3
     -1.81665744384004409530e-03 	 2 1 4 4
      4.49555205437996883381e-04 	 2 1 5 1
      2.63225262648126602516e-03 	 2 1 5 2
      7.07997180430282291828e-04 	 2 1 5 3
      7.64532167176586787425e-05 	 2 1 5 4
      4.46401643786990126594e-03 	 2 1 5 5
     -4.39174704295794014666e-04 	 2 1 6 1
     -2.51699056014456504574e-04 	 2 1 6 2
     -2.58809636739995671973e-04 	 2 1 6 3
      1.56598088714573016079e-03 	 2 1 6 4
      3.06603991616758206991e-05 	 2 1 6 5
      1.40757020543088012116e-03 	 2 1 6 6
     -3.54598105098553688895e-04 	 2 1 7 1
     -1.84566170649827694140e-03 	 2 1 7 2
      9.08650524109295889413e-04 	 2 1 7 3
      2.18854141646919740953e-04 	 2 1 7 4
     -1.43671189642729287689e-03 	 2 1 7 5
      5.01903321366655667118e-04 	 2 1 7 6
     -2.09136893319662167320e-03 	 2 1 7 7
      8.47874773734209495266e-04 	 2 1 8 1
     -1.80012818339441211146e-05 	 2 1 8 2
      3.88416222662981954275e-04 	 2 1 8 3
      4.56282806394548324114e-04 	 2 1 8 4
      1.52228851626886848084e-03 	 2 1 8 5
     -4.42440040623673044341e-04 	 2 1 8 6
     -6.58044891791192043586e-05 	 2 1 8 7
     -3.77529041211163447073e-03 	 2 1 8 8
      2.13588238076734243664e-01 	 2 2 1 1
      9.93757162105288454484e-04 	 2 2 2 1
      3.37442226340567752452e-01 	 2 2 2 2
      1.03088026742000331976e-03 	 2 2 3 1
     -1.43029975853122756635e-02 	 2 2 3 2
      1.87549832294612556227e-01 	 2 2 3 3
     -1.10374632568492115660e-03 	 2 2 4 1
      9.61522418687402180559e-03 	 2 2 4 2
     -3.20088866739031340999e-03 	 2 2 4 3
      1.58488585278219878960e-01 	 2 2 4 4
     -2.90874871715113671525e-03 	 2 2 5 1
     -1.48272850329832263372e-02 	 2 2 5 2
      5.40181406191900335273e-03 	 2 2 5 3
     -1.26365053622025445661e-03 	 2 2 5 4
      2.58265290227403798706e-01 	 2 2 5 5
     -1.35525934008645632632e-03 	 2 2 6 1
      1.44736524045700276977e-03 	 2 2 6 2
     -2.75851231900550871411e-04 	 2 2 6 3
      1.13226670101575690314e-02 	 2 2 6 4
     -3.10204532009622285446e-03 	 2 2 6 5
      1.66568421885681522410e-01 	 2 2 6 6
      8.37752477302073500498e-04 	 2 2 7 1
      6.26896912871922635385e-03 	 2 2 7 2
      2.37253301319492564125e-04 	 2 2 7 3
      2.08667909458328448488e-03 	 2 2 7 4
     -2.38947170431459687823e-03 	 2 2 7 5
     -8.73240359927183063676e-05 	 2 2 7 6
      2.07057779341696723829e-01 	 2 2 7 7
     -1.27914431623025646144e-03 	 2 2 8 1
      1.16931045357941288537e-02 	 2 2 8 2
      2.99945001237747347136e-04 	 2 2 8 3
     -5.16053262500127708778e-03 	 2 2 8 4
     -1.24780670090129473110e-02 	 2 2 8 5
      8.05315900619264736157e-04 	 2 2 8 6
      9.42513243174666025259e-05 	 2 2 8 7
      2.26095752757253465326e-01 	 2 2 8 8
     -5.07669401418266441617e-02 	 3 1 1 1
     -2.70200257227201461312e-04 	 3 1 2 1
      1.03088026741999551350e-03 	 3 1 2 2
      2.20643204642731426135e-02 	 3 1 3 1
      5.52033397885630210122e-03 	 3 1 3 2
     -5.81546493039825918014e-02 	 3 1 3 3
     -1.63588731016214286237e-03 	 3 1 4 1
      6.60174572306630280498e-04 	 3 1 4 2
      2.39278875325726664205e-05 	 3 1 4 3
      3.99952589948831815914e-02 	 3 1 4 4
      3.87987090529380660581e-03 	 3 1 5 1
      4.91877012006148792156e-03 	 3 1 5 2
     -4.27542175579617136829e-04 	 3 1 5 3
     -1.03820301401573293100e-03 	 3 1 5 4
     -3.37879880350035926087e-03 	 3 1 5 5
     -7.63654206956996899590e-05 	 3 1 6 1
     -5.25175445528931576777e-04 	 3 1 6 2
     -1.95188831476694876418e-03 	 3 1 6 3
     -2.97517568975458552086e-03 	 3 1 6 4
      5.00619475133849039031e-04 	 3 1 6 5
      3.67371781384517037683e-02 	 3 1 6 6
     -1.79338607168836872141e-02 	 3 1 7 1
     -3.36179359881922388067e-03 	 3 1 7 2
     -5.44732280255008031317e-03 	 3 1 7 3
     -4.46672905162068137417e-04 	 3 1 7 4
     -6.73264466318337700609e-04 	 3 1 7 5
      1.87278932100684038752e-03 	 3 1 7 6
     -4.67552378347205685460e-02 	 3 1 7 7
      2.86956368935853845664e-03 	 3 1 8 1
      5.22013973845238165097e-04 	 3 1 8 2
      1.53389138805360694326e-03 	 3 1 8 3
     -1.39403922917614151757e-03 	 3 1 8 4
      2.27950033382352075170e-03 	 3 1 8 5
      1.34482365671507748256e-03 	 3 1 8 6
      3.34585379878813609159e-04 	 3 1 8 7
      2.62014807736331914456e-02 	 3 1 8 8
     -2.16332004068026696741e-02 	 3 2 1 1
      1.85575002846420839854e-03 	 3 2 2 1
     -1.43029975853122843371e-02 	 3 2 2 2
      5.52033397885630643803e-03 	 3 2 3 1
      1.06156068907217147890e-02 	 3 2 3 2
     -2.88493548480400589795e-02 	 3 2 3 3
     -8.95698554514156707745e-04 	 3 2 4 1
     -3.36499998919416757823e-03 	 3 2 4 2
     -1.15491043437977768463e-03 	 3 2 4 3
      1.19723099654770008538e-02 	 3 2 4 4
      3.36190608494102470896e-03 	 3 2 5 1
      1.20868651560781213694e-02 	 3 2 5 2
      1.99038843636499844167e-03 	 3 2 5 3
      1.82001752208950178490e-04 	 3 2 5 4
     -6.23940996403193979397e-03 	 3 2 5 5
     -3.84758090377310308944e-04 	 3 2 6 1
     -8.93037486032352231281e-04 	 3 2 6 2
     -1.38219577493215155933e-03 	 3 2 6 3
      3.40144461673810025518e-03 	 3 2 6 4
      1.72141809620627531802e-03 	 3 2 6 5
      2.04951294278954559980e-02 	 3 2 6 6
     -6.39520916579635299859e-03 	 3 2 7 1
     -5.63533775946429421611e-03 	 3 2 7 2
      5.84604817720521790364e-04 	 3 2 7 3
      3.00952305236246490071e-04 	 3 2 7 4
     -3.13350839357117230688e-03 	 3 2 7 5
      1.60435222580369548154e-03 	 3 2 7 6
     -2.39439221354386250207e-02 	 3 2 7 7
      2.52264528353230484820e-03 	 3 2 8 1
     -1.18698246415366043954e-03 	 3 2 8 2
      1.60610430418700817282e-03 	 3 2 8 3
      1.18683130951926173700e-03 	 3 2 8 4
      5.86985281503167415085e-03 	 3 2 8 5
      1.79362139628915656393e-04 	 3 2 8 6
      3.19507419745924503129e-04 	 3 2 8 7
     -7.03871314024416203092e-03 	 3 2 8 8
      3.27958454593180126491e-01 	 3 3 1 1
      3.38655640470455782803e-03 	 3 3 2 1
      1.87549832294612472960e-01 	 3 3 2 2
     -5.81546493039827028237e-02 	 3 3 3 1
     -2.88493548480400659184e-02 	 3 3 3 2
      5.52084543348560607967e-01 	 3 3 3 3
      2.68230602658100928185e-03 	 3 3 4 1
     -1.60993652443123299450e-04 	 3 3 4 2
      3.64514343108499495189e-03 	 3 3 4 3
      7.80596787132415287358e-02 	 3 3 4 4
     -7.68406258667582529182e-03 	 3 3 5 1
     -1.26957794467613144934e-02 	 3 3 5 2
     -1.51065439130789206865e-03 	 3 3 5 3
      1.49973658821133792179e-03 	 3 3 5 4
      2.17628046172733874419e-01 	 3 3 5 5
     -3.63928830877148761641e-03 	 3 3 6 1
      3.14701183223090150305e-04 	 3 3 6 2
      9.99850264421380495461e-03 	 3 3 6 3
      1.02033837903718130335e-02 	 3 3 6 4
     -6.05945862026300262337e-03 	 3 3 6 5
      1.03917400332005180341e-01 	 3 3 6 6
      3.93991391907926730154e-02 	 3 3 7 1
      8.84242887993470262631e-03 	 3 3 7 2
      2.01033150420594289298e-02 	 3 3 7 3
      1.81522678646131325336e-03 	 3 3 7 4
      1.13139654830760744142e-05 	 3 3 7 5
     -4.02351694451106786654e-03 	 3 3 7 6
      2.92427290006215090390e-01 	 3 3 7 7
     -2.57085137423945179341e-03 	 3 3 8 1
      3.76642613069178488691e-03 	 3 3 8 2
     -5.53145824798861440036e-03 	 3 3 8 3
     -4.12692829918028490643e-03 	 3 3 8 4
     -4.85105699981963536110e-03 	 3 3 8 5
     -6.25766881966361224188e-03 	 3 3 8 6
     -2.66221716197431040873e-03 	 3 3 8 7
      1.37376123567538283021e-01 	 3 3 8 8
      7.63383211125824839155e-03 	 4 1 1 1
     -4.44360618192304564818e-04 	 4 1 2 1
     -1.10374632568491096510e-03 	 4 1 2 2
     -1.63588731016214719918e-03 	 4 1 3 1
     -8.95698554514156816166e-04 	 4 1 3 2
      2.68230602658101491970e-03 	 4 1 3 3
      2.11463201534245557461e-03 	 4 1 4 1
      3.84897367348711384218e-04 	 4 1 4 2
      9.77999424313057358696e-04 	 4 1 4 3
      3.54422036177384465819e-03 	 4 1 4 4
     -9.00869409889050432559e-04 	 4 1 5 1
     -1.15503972926362372987e-03 	 4 1 5 2
     -3.62800108059617442986e-04 	 4 1 5 3
      1.40992276975107313402e-04 	 4 1 5 4
     -1.05248701185158845782e-03 	 4 1 5 5
      3.33590311407955231703e-04 	 4 1 6 1
      2.15492817716965553900e-04 	 4 1 6 2
      3.21438384323780436229e-04 	 4 1 6 3
     -4.32698260503631059945e-04 	 4 1 6 4
      2.43695773145759209902e-04 	 4 1 6 5
     -4.38795048506641742481e-03 	 4 1 6 6
      1.96747193362831196417e-03 	 4 1 7 1
      7.44653689334629810548e-04 	 4 1 7 2
     -6.44834753433469042450e-05 	 4 1 7 3
     -8.19505085436397534733e-04 	 4 1 7 4
      5.95866332622827952689e-04 	 4 1 7 5
     -5.34017163721021677694e-04 	 4 1 7 6
      5.15500477050930949047e-03 	 4 1 7 7
     -1.20717721697075888385e-03 	 4 1 8 1
     -6.19738801438357946906e-05 	 4 1 8 2
     -4.74248954043253987973e-04 	 4 1 8 3
     -5.16406976589857120812e-04 	 4 1 8 4
     -1.05642689477508763991e-03 	 4 1 8 5
      5.07037419287516711447e-04 	 4 1 8 6
      1.61986705438641126822e-04 	 4 1 8 7
     -3.57807930683300254217e-04 	 4 1 8 8
      4.53227324744756836922e-03 	 4 2 1 1
     -9.90154037333152879305e-04 	 4 2 2 1
      9.61522418687401833615e-03 	 4 2 2 2
      6.60174572306625510008e-04 	 4 2 3 1
     -3.36499998919415370044e-03 	 4 2 3 2
     -1.60993652443132840429e-04 	 4 2 3 3
      3.84897367348713498412e-04 	 4 2 4 1
      3.37896197577052231215e-03 	 4 2 4 2
      8.20669681395077080244e-04 	 4 2 4 3
      9.03635016870841210890e-03 	 4 2 4 4
     -1.33342866474944104008e-03 	 4 2 5 1
     -4.13650953312191642375e-03 	 4 2 5 2
     -6.57019791749337430352e-04 	 4 2 5 3
      3.49464795745656393346e-04 	 4 2 5 4
      2.89310730578526322659e-03 	 4 2 5 5
      4.93013584336664928941e-04 	 4 2 6 1
      1.35852761850636352854e-03 	 4 2 6 2
      7.22724743974871726947e-04 	 4 2 6 3
     -2.03069745529802381939e-03 	 4 2 6 4
     -3.26199703068973372727e-06 	 4 2 6 5
     -1.68282079893838920626e-03 	 4 2 6 6
      4.41411353416128453969e-05 	 4 2 7 1
      2.20139669311962549170e-03 	 4 2 7 2
     -1.14499913766115055114e-03 	 4 2 7 3
     -3.87234176773085399768e-04 	 4 2 7 4
      1.51630798062675378572e-03 	 4 2 7 5
     -8.10199963400402476364e-04 	 4 2 7 6
      4.20911274928978049181e-03 	 4 2 7 7
     -1.15505348529036200138e-03 	 4 2 8 1
      1.24870944313615599847e-03 	 4 2 8 2
     -4.61654854235534449491e-04 	 4 2 8 3
     -1.61908566668359063696e-03 	 4 2 8 4
     -2.60535920013233888645e-03 	 4 2 8 5
      7.61875164991075238055e-04 	 4 2 8 6
      1.13332404084671253439e-05 	 4 2 8 7
      1.23564619202444197360e-02 	 4 2 8 8
     -5.63667221218219424705e-04 	 4 3 1 1
     -3.38516632463608635028e-04 	 4 3 2 1
     -3.20088866739031601208e-03 	 4 3 2 2
      2.39278875325737777277e-05 	 4 3 3 1
     -1.15491043437977443202e-03 	 4 3 3 2
      3.64514343108499321716e-03 	 4 3 3 3
      9.77999424313058659738e-04 	 4 3 4 1
      8.20669681395073719217e-04 	 4 3 4 2
      1.37688045513078682197e-03 	 4 3 4 3
      5.73702265512449072205e-03 	 4 3 4 4
     -4.60140990644692087636e-04 	 4 3 5 1
     -7.90085904602284404968e-04 	 4 3 5 2
     -6.16820520202088890503e-04 	 4 3 5 3
     -9.24387332800165393946e-05 	 4 3 5 4
     -2.41004924522943879753e-03 	 4 3 5 5
      2.14925605636695287674e-04 	 4 3 6 1
      4.48876124589331435694e-04 	 4 3 6 2
      6.87913590076784159030e-04 	 4 3 6 3
     -1.21873246084058849473e-03 	 4 3 6 4
      5.31447986783566435191e-05 	 4 3 6 5
     -3.93337901945892977860e-04 	 4 3 6 6
     -4.05788725032056010918e-04 	 4 3 7 1
      4.26259035143214685872e-04 	 4 3 7 2
     -4.71371754276344993341e-04 	 4 3 7 3
     -4.33990379726675867822e-04 	 4 3 7 4
      6.48279962898337214043e-04 	 4 3 7 5
      1.30914429730734816100e-04 	 4 3 7 6
     -1.88579786375132809478e-03 	 4 3 7 7
     -4.83143791038261700629e-04 	 4 3 8 1
     -2.52925271906361143757e-05 	 4 3 8 2
     -3.04914095872998492948e-04 	 4 3 8 3
     -4.96602399958958272939e-04 	 4 3 8 4
     -5.57705206602114133933e-04 	 4 3 8 5
      2.81307317765146615643e-04 	 4 3 8 6
     -3.33268931510249802937e-05 	 4 3 8 7
      1.09426223456404302786e-03 	 4 3 8 8
      1.11455979822706899296e-01 	 4 4 1 1
     -1.81665744384005190155e-03 	 4 4 2 1
      1.58488585278219823449e-01 	 4 4 2 2
      3.99952589948831677136e-02 	 4 4 3 1
      1.19723099654770251399e-02 	 4 4 3 2
      7.80596787132414732246e-02 	 4 4 3 3
      3.54422036177386027070e-03 	 4 4 4 1
      9.03635016870851272286e-03 	 4 4 4 2
      5.73702265512447510953e-03 	 4 4 4 3
      4.54552002178168379487e-01 	 4 4 4 4
      3.79716185395147926007e-03 	 4 4 5 1
      1.93310261446070254243e-02 	 4 4 5 2
     -3.96368424674683941106e-03 	 4 4 5 3
      1.32155550950445715291e-03 	 4 4 5 4
      1.65899078237131153424e-01 	 4 4 5 5
      3.98698281561586653776e-03 	 4 4 6 1
     -2.16334965914940840701e-03 	 4 4 6 2
     -8.58380911092171058896e-04 	 4 4 6 3
     -1.10193310674500527524e-02 	 4 4 6 4
      1.17423238782122943760e-03 	 4 4 6 5
      3.14481517732313864411e-01 	 4 4 6 6
     -4.62153242954474186011e-02 	 4 4 7 1
     -1.05138884086422284420e-02 	 4 4 7 2
     -1.48108270041101587611e-02 	 4 4 7 3
     -1.98366049468737520173e-03 	 4 4 7 4
     -2.44451716138129613101e-03 	 4 4 7 5
      3.28246635451722107782e-03 	 4 4 7 6
      3.36864666065290752073e-02 	 4 4 7 7
      1.91385955482134507630e-03 	 4 4 8 1
      1.43291694717817552629e-03 	 4 4 8 2
      1.68481147488533139663e-03 	 4 4 8 3
     -1.68680311587224886216e-02 	 4 4 8 4
      6.22917867497768500129e-03 	 4 4 8 5
      9.71964210046780824337e-03 	 4 4 8 6
      1.48336943731262730674e-03 	 4 4 8 7
      2.59364743510578088515e-01 	 4 4 8 8
     -1.75827375026692545035e-02 	 5 1 1 1
      4.49555205437994281296e-04 	 5 1 2 1
     -2.90874871715112587323e-03 	 5 1 2 2
      3.87987090529378665649e-03 	 5 1 3 1
      3.36190608494102340792e-03 	 5 1 3 2
     -7.68406258667578192373e-03 	 5 1 3 3
     -9.00869409889059106177e-04 	 5 1 4 1
     -1.33342866474942954753e-03 	 5 1 4 2
     -4.60140990644687425566e-04 	 5 1 4 3
      3.79716185395147882639e-03 	 5 1 4 4
      6.39073082667146376984e-03 	 5 1 5 1
      6.15730169789912261391e-03 	 5 1 5 2
      1.23789390374604165411e-03 	 5 1 5 3
     -6.11657026698016561585e-04 	 5 1 5 4
     -6.37489433698430404962e-03 	 5 1 5 5
     -8.75267935944404004180e-04 	 5 1 6 1
     -4.35385792212833249923e-04 	 5 1 6 2
     -8.65298276266432387326e-04 	 5 1 6 3
      1.37681370770727966660e-03 	 5 1 6 4
      3.01449382523932417517e-04 	 5 1 6 5
      1.22502945755162302721e-02 	 5 1 6 6
     -5.01576315010815627915e-03 	 5 1 7 1
     -2.81170890601163854516e-03 	 5 1 7 2
      4.12977043037543716658e-04 	 5 1 7 3
      2.17261286713347893419e-04 	 5 1 7 4
     -2.32152739000313513423e-03 	 5 1 7 5
      9.20283148695725042310e-04 	 5 1 7 6
     -1.41440278554125671573e-02 	 5 1 7 7
      2.50881484328558009012e-03 	 5 1 8 1
      2.74337018645802064795e-04 	 5 1 8 2
      8.74687113396052390996e-04 	 5 1 8 3
      4.34102553402336338237e-04 	 5 1 8 4
      4.08629623378230916186e-03 	 5 1 8 5
     -4.89269448951673655707e-04 	 5 1 8 6
     -1.93552120851200540200e-04 	 5 1 8 7
     -3.02253269232365031488e-03 	 5 1 8 8
     -2.46762210066888594551e-02 	 5 2 1 1
      2.63225262648126689252e-03 	 5 2 2 1
     -1.48272850329831881733e-02 	 5 2 2 2
      4.91877012006152001394e-03 	 5 2 3 1
      1.20868651560781283083e-02 	 5 2 3 2
     -1.26957794467613994949e-02 	 5 2 3 3
     -1.15503972926362416355e-03 	 5 2 4 1
     -4.13650953312188086192e-03 	 5 2 4 2
     -7.90085904602282019724e-04 	 5 2 4 3
      1.93310261446070393021e-02 	 5 2 4 4
      6.15730169789909832778e-03 	 5 2 5 1
      2.30436182197212846567e-02 	 5 2 5 2
      2.18769490459692125123e-03 	 5 2 5 3
      4.57588331101455643869e-04 	 5 2 5 4
     -8.54277127529559990315e-03 	 5 2 5 5
     -5.27267805630801428447e-04 	 5 2 6 1
     -8.70182000197260770852e-04 	 5 2 6 2
     -9.52534914654052907237e-04 	 5 2 6 3
      6.16135188130024873121e-03 	 5 2 6 4
      2.37437739356879387240e-03 	 5 2 6 5
      3.27248866715061301202e-02 	 5 2 6 6
     -8.94949042402589170497e-03 	 5 2 7 1
     -8.64865991381019716400e-03 	 5 2 7 2
      2.25958411208093462239e-03 	 5 2 7 3
      5.48185036085641497899e-04 	 5 2 7 4
     -5.45121062412994884794e-03 	 5 2 7 5
      1.91822322504055405024e-03 	 5 2 7 6
     -2.48796547399112166765e-02 	 5 2 7 7
      3.85623794860027882883e-03 	 5 2 8 1
     -1.80525806045590754730e-03 	 5 2 8 2
      1.94357073255675000256e-03 	 5 2 8 3
      7.48794316926561275352e-04 	 5 2 8 4
      9.27692685503785779977e-03 	 5 2 8 5
      4.53164019510204039987e-04 	 5 2 8 6
      9.75645161207075629775e-05 	 5 2 8 7
     -8.37108588552631580071e-03 	 5 2 8 8
      3.71097796821203990830e-03 	 5 3 1 1
      7.07997180430284134972e-04 	 5 3 2 1
      5.40181406191900422009e-03 	 5 3 2 2
     -4.27542175579612095289e-04 	 5 3 3 1
      1.99038843636499410486e-03 	 5 3 3 2
     -1.51065439130787862454e-03 	 5 3 3 3
     -3.62800108059612943547e-04 	 5 3 4 1
     -6.57019791749352826023e-04 	 5 3 4 2
     -6.16820520202089324184e-04 	 5 3 4 3
     -3.96368424674681772701e-03 	 5 3 4 4
      1.23789390374603644994e-03 	 5 3 5 1
      2.18769490459691517970e-03 	 5 3 5 2
      2.85530278006549927475e-03 	 5 3 5 3
     -1.82845016216902605654e-04 	 5 3 5 4
      4.46642209958425951549e-03 	 5 3 5 5
     -6.69589118528279370404e-04 	 5 3 6 1
     -8.19515490300921570091e-05 	 5 3 6 2
     -4.34659974080349638132e-04 	 5 3 6 3
      2.12287696174568753238e-03 	 5 3 6 4
     -2.16071091139389030115e-04 	 5 3 6 5
      1.62781750273728489757e-03 	 5 3 6 6
      1.12173719741696020433e-03 	 5 3 7 1
     -4.17911621268631460445e-04 	 5 3 7 2
      9.69800496938658996605e-04 	 5 3 7 3
      3.31413777877542130648e-04 	 5 3 7 4
     -1.64601065532272907571e-03 	 5 3 7 5
      3.51417101632494656427e-04 	 5 3 7 6
      4.92786942873768042672e-03 	 5 3 7 7
      6.87161423386373313056e-04 	 5 3 8 1
      4.56911047081779504893e-04 	 5 3 8 2
      6.75495065583055719592e-04 	 5 3 8 3
      8.43675956061256044401e-05 	 5 3 8 4
      1.47119590906638749925e-03 	 5 3 8 5
     -5.60500958591837543897e-04 	 5 3 8 6
      2.58509787172593819221e-05 	 5 3 8 7
     -2.24601635676499123209e-03 	 5 3 8 8
      5.80694754920892271775e-04 	 5 4 1 1
      7.64532167176725700828e-05 	 5 4 2 1
     -1.26365053622029500577e-03 	 5 4 2 2
     -1.03820301401574290566e-03 	 5 4 3 1
      1.82001752208945624840e-04 	 5 4 3 2
      1.49973658821135526903e-03 	 5 4 3 3
      1.40992276975108397604e-04 	 5 4 4 1
      3.49464795745631185645e-04 	 5 4 4 2
     -9.24387332800195345031e-05 	 5 4 4 3
      1.32155550950447840328e-03 	 5 4 4 4
     -6.11657026697986312344e-04 	 5 4 5 1
      4.57588331101450873379e-04 	 5 4 5 2
     -1.82845016216917161068e-04 	 5 4 5 3
      1.53278461358123977917e-03 	 5 4 5 4
      7.40731776253269785966e-04 	 5 4 5 5
      5.48571676006151098121e-04 	 5 4 6 1
      8.39534120009925786780e-04 	 5 4 6 2
      4.94233900839434686994e-04 	 5 4 6 3
      5.53536415636165330875e-04 	 5 4 6 4
      1.26473410598881104080e-03 	 5 4 6 5
     -2.20091768796159582833e-03 	 5 4 6 6
      7.66266716348166371242e-04 	 5 4 7 1
     -9.94888616860648477766e-05 	 5 4 7 2
      5.88192546654248745591e-04 	 5 4 7 3
      5.64704348908057264544e-05 	 5 4 7 4
     -1.31567794662608580046e-04 	 5 4 7 5
     -5.25063216250813463888e-04 	 5 4 7 6
      8.37631464276160733230e-04 	 5 4 7 7
     -6.25468882294990331967e-04 	 5 4 8 1
     -4.27649907753213144330e-04 	 5 4 8 2
     -2.81640981927336363829e-04 	 5 4 8 3
      4.04083895518207345757e-04 	 5 4 8 4
     -6.88625046845379139293e-04 	 5 4 8 5
      6.27113741047491055070e-04 	 5 4 8 6
      2.02501158872566908165e-04 	 5 4 8 7
     -3.05459841744510924438e-03 	 5 4 8 8
      2.63834816185721743320e-01 	 5 5 1 1
      4.46401643786995937918e-03 	 5 5 2 1
      2.58265290227403632173e-01 	 5 5 2 2
     -3.37879880350033497474e-03 	 5 5 3 1
     -6.23940996403194326342e-03 	 5 5 3 2
      2.17628046172733458086e-01 	 5 5 3 3
     -1.05248701185159561355e-03 	 5 5 4 1
      2.89310730578528274223e-03 	 5 5 4 2
     -2.41004924522944573642e-03 	 5 5 4 3
      1.65899078237130931379e-01 	 5 5 4 4
     -6.37489433698441073511e-03 	 5 5 5 1
     -8.54277127529550969753e-03 	 5 5 5 2
      4.46642209958429160788e-03 	 5 5 5 3
      7.40731776253193349713e-04 	 5 5 5 4
      3.81877803346647393123e-01 	 5 5 5 5
     -2.93390293558796382348e-03 	 5 5 6 1
     -1.67404481616029035887e-03 	 5 5 6 2
     -8.92787972313718826076e-04 	 5 5 6 3
      1.07104142753834848112e-02 	 5 5 6 4
     -6.56398787026344927159e-03 	 5 5 6 5
      1.97440645862338920447e-01 	 5 5 6 6
      6.52769416335402096613e-03 	 5 5 7 1
      1.72008733178733298590e-03 	 5 5 7 2
      5.37960126693416587455e-04 	 5 5 7 3
      1.92149466971373904592e-03 	 5 5 7 4
     -5.69071532664735743601e-03 	 5 5 7 5
      8.05938708733912561981e-04 	 5 5 7 6
      2.19254121791110950790e-01 	 5 5 7 7
      3.97595691328791848995e-03 	 5 5 8 1
      8.58891346127471297378e-03 	 5 5 8 2
      4.04467920980432910083e-03 	 5 5 8 3
     -8.37984839878324477835e-03 	 5 5 8 4
     -1.10962221971996483072e-02 	 5 5 8 5
     -4.57963659455294224560e-03 	 5 5 8 6
     -2.60534894741360064860e-03 	 5 5 8 7
      2.06753105399427955513e-01 	 5 5 8 8
     -3.71378423211693562030e-04 	 6 1 1 1
     -4.39174704295796454120e-04 	 6 1 2 1
     -1.35525934008646434942e-03 	 6 1 2 2
     -7.63654206956990394377e-05 	 6 1 3 1
     -3.84758090377302394269e-04 	 6 1 3 2
     -3.63928830877148718273e-03 	 6 1 3 3
      3.33590311407950949104e-04 	 6 1 4 1
      4.93013584336671000473e-04 	 6 1 4 2
      2.14925605636697808444e-04 	 6 1 4 3
      3.98698281561590643640e-03 	 6 1 4 4
     -8.75267935944398583169e-04 	 6 1 5 1
     -5.27267805630811836788e-04 	 6 1 5 2
     -6.69589118528282189330e-04 	 6 1 5 3
      5.48571676006154784408e-04 	 6 1 5 4
     -2.93390293558797726758e-03 	 6 1 5 5
      2.86444993067493797190e-03 	 6 1 6 1
      3.12521750278480360367e-04 	 6 1 6 2
      1.29556334734308334182e-03 	 6 1 6 3
     -1.37386880800456547685e-03 	 6 1 6 4
      8.25810234890377178017e-04 	 6 1 6 5
      2.91485612524365047746e-03 	 6 1 6 6
     -3.16148463127285202137e-04 	 6 1 7 1
      3.30783597331426259223e-04 	 6 1 7 2
     -3.69350215011244654463e-04 	 6 1 7 3
     -2.15103914586801221124e-04 	 6 1 7 4
      4.10047240978474506184e-04 	 6 1 7 5
     -1.41104938140696584657e-03 	 6 1 7 6
     -2.71732247589100747026e-03 	 6 1 7 7
     -1.07303595861742021370e-03 	 6 1 8 1
     -2.37727046624143249147e-05 	 6 1 8 2
     -4.92199252935632530076e-04 	 6 1 8 3
      2.79798260897916274345e-04 	 6 1 8 4
     -8.78726227433101136043e-04 	 6 1 8 5
      1.28302662866240646533e-03 	 6 1 8 6
      2.10437263965445941561e-04 	 6 1 8 7
      6.82088558029004643057e-05 	 6 1 8 8
      2.22949152164407006504e-04 	 6 2 1 1
     -2.51699056014461112433e-04 	 6 2 2 1
      1.44736524045701057603e-03 	 6 2 2 2
     -5.25175445528927131549e-04 	 6 2 3 1
     -8.93037486032371855341e-04 	 6 2 3 2
      3.14701183223088632422e-04 	 6 2 3 3
      2.15492817716976612762e-04 	 6 2 4 1
      1.35852761850633317088e-03 	 6 2 4 2
      4.48876124589333929359e-04 	 6 2 4 3
     -2.16334965914941144277e-03 	 6 2 4 4
     -4.35385792212809180635e-04 	 6 2 5 1
     -8.70182000197279744390e-04 	 6 2 5 2
     -8.19515490300929295032e-05 	 6 2 5 3
      8.39534120009926654142e-04 	 6 2 5 4
     -1.67404481616024287081e-03 	 6 2 5 5
      3.12521750278466374159e-04 	 6 2 6 1
      2.42127107816878742869e-03 	 6 2 6 2
      8.56268959306351459468e-04 	 6 2 6 3
     -9.48546513436319157879e-04 	 6 2 6 4
      1.49515653456505225212e-03 	 6 2 6 5
     -1.36963867578717064279e-03 	 6 2 6 6
      5.53542324343009339328e-04 	 6 2 7 1
      7.70671402907806626925e-04 	 6 2 7 2
     -4.40748308418660350626e-05 	 6 2 7 3
     -3.55547105547100901479e-04 	 6 2 7 4
      3.26727688597561530259e-04 	 6 2 7 5
     -6.95962074305453448110e-04 	 6 2 7 6
      4.43851211108486692555e-04 	 6 2 7 7
     -5.08895145397125314539e-04 	 6 2 8 1
      1.62851267386564349830e-04 	 6 2 8 2
     -2.03645203412659484389e-04 	 6 2 8 3
      6.64505902011975550618e-04 	 6 2 8 4
     -6.23376663605315910373e-04 	 6 2 8 5
      3.18874828338094212267e-04 	 6 2 8 6
      3.76084865799941343162e-05 	 6 2 8 7
     -1.81288954752131586598e-03 	 6 2 8 8
      3.70536548945642457004e-03 	 6 3 1 1
     -2.58809636739998978790e-04 	 6 3 2 1
     -2.75851231900552606134e-04 	 6 3 2 2
     -1.95188831476694486106e-03 	 6 3 3 1
     -1.38219577493215459510e-03 	 6 3 3 2
      9.99850264421380321989e-03 	 6 3 3 3
      3.21438384323780002548e-04 	 6 3 4 1
      7.22724743974877581638e-04 	 6 3 4 2
      6.87913590076786002174e-04 	 6 3 4 3
     -8.58380911092195128184e-04 	 6 3 4 4
     -8.65298276266413522208e-04 	 6 3 5 1
     -9.52534914654070471313e-04 	 6 3 5 2
     -4.34659974080349529712e-04 	 6 3 5 3
      4.94233900839436530138e-04 	 6 3 5 4
     -8.92787972313698226234e-04 	 6 3 5 5
      1.29556334734307922185e-03 	 6 3 6 1
      8.56268959306354603654e-04 	 6 3 6 2
      1.98427144237033363169e-03 	 6 3 6 3
     -5.94912871107810626095e-04 	 6 3 6 4
      4.00163253966410222690e-04 	 6 3 6 5
     -7.36753626931273752562e-04 	 6 3 6 6
      1.39288631247357639134e-03 	 6 3 7 1
      7.04720589690649868581e-04 	 6 3 7 2
      4.35200373314214780662e-04 	 6 3 7 3
      2.58338383826423110927e-04 	 6 3 7 4
      6.34661631854983496713e-04 	 6 3 7 5
     -4.12263629906570974910e-04 	 6 3 7 6
      4.13815483173924757859e-03 	 6 3 7 7
     -7.96351811807131980750e-04 	 6 3 8 1
      1.15332400971845515803e-04 	 6 3 8 2
     -4.82024200999587638678e-04 	 6 3 8 3
      3.46444462709909482877e-05 	 6 3 8 4
     -9.48225601003288174826e-04 	 6 3 8 5
      6.85293983895441044876e-04 	 6 3 8 6
      1.59105352341020768719e-04 	 6 3 8 7
     -9.70013966598033640018e-04 	 6 3 8 8
      3.68815144381520873193e-03 	 6 4 1 1
      1.56598088714572690819e-03 	 6 4 2 1
      1.13226670101575221938e-02 	 6 4 2 2
     -2.97517568975458552086e-03 	 6 4 3 1
      3.40144461673812974548e-03 	 6 4 3 2
      1.02033837903717991558e-02 	 6 4 3 3
     -4.32698260503661417606e-04 	 6 4 4 1
     -2.03069745529795443045e-03 	 6 4 4 2
     -1.21873246084058133899e-03 	 6 4 4 3
     -1.10193310674501498969e-02 	 6 4 4 4
      1.37681370770729311070e-03 	 6 4 5 1
      6.16135188130022184300e-03 	 6 4 5 2
      2.12287696174568146085e-03 	 6 4 5 3
      5.53536415636168583482e-04 	 6 4 5 4
      1.07104142753835316487e-02 	 6 4 5 5
     -1.37386880800455832112e-03 	 6 4 6 1
     -9.48546513436285113931e-04 	 6 4 6 2
     -5.94912871107807481909e-04 	 6 4 6 3
      1.30618487165906262820e-02 	 6 4 6 4
      7.19054992223872404579e-04 	 6 4 6 5
     -1.42491604823291552126e-03 	 6 4 6 6
      1.86067010962882579787e-03 	 6 4 7 1
     -2.59555797998559795170e-03 	 6 4 7 2
      3.95955754289471859725e-03 	 6 4 7 3
      8.01398934699490807579e-04 	 6 4 7 4
     -2.95036324072456236298e-03 	 6 4 7 5
      8.29624914567542517951e-04 	 6 4 7 6
      1.20384059840991930468e-02 	 6 4 7 7
      1.36141231567467888355e-03 	 6 4 8 1
      5.85864579194655195511e-04 	 6 4 8 2
      6.40164021860650366696e-04 	 6 4 8 3
      1.18658958569753088599e-03 	 6 4 8 4
      2.22474445645654862747e-03 	 6 4 8 5
     -4.83994367809543199824e-04 	 6 4 8 6
      1.87017693975442556844e-04 	 6 4 8 7
     -6.01407727240367648985e-03 	 6 4 8 8
     -8.43089221066253488579e-03 	 6 5 1 1
      3.06603991616737607149e-05 	 6 5 2 1
     -3.10204532009624453850e-03 	 6 5 2 2
      5.00619475133850665334e-04 	 6 5 3 1
      1.72141809620629049685e-03 	 6 5 3 2
     -6.05945862026301389908e-03 	 6 5 3 3
      2.43695773145751186806e-04 	 6 5 4 1
     -3.26199703066769731812e-06 	 6 5 4 2
      5.31447986783575515384e-05 	 6 5 4 3
      1.17423238782130229599e-03 	 6 5 4 4
      3.01449382523938217999e-04 	 6 5 5 1
      2.37437739356877218835e-03 	 6 5 5 2
     -2.16071091139388677749e-04 	 6 5 5 3
      1.26473410598881364289e-03 	 6 5 5 4
     -6.56398787026345794521e-03 	 6 5 5 5
      8.25810234890379129581e-04 	 6 5 6 1
      1.49515653456507220144e-03 	 6 5 6 2
      4.00163253966417378424e-04 	 6 5 6 3
      7.19054992223879993994e-04 	 6 5 6 4
      3.60199907771849466009e-03 	 6 5 6 5
      3.41432637961127608689e-03 	 6 5 6 6
     -1.44740323487027242044e-03 	 6 5 7 1
     -1.28128693205062501800e-03 	 6 5 7 2
      4.78593733034869380297e-04 	 6 5 7 3
     -2.27660944251157352147e-04 	 6 5 7 4
     -7.53497300092704266200e-04 	 6 5 7 5
     -2.12744857440753769307e-04 	 6 5 7 6
     -7.85807593157555710206e-03 	 6 5 7 7
     -3.36626874174174479937e-04 	 6 5 8 1
     -4.43530746567185761488e-04 	 6 5 8 2
     -1.51167221068564615848e-04 	 6 5 8 3
      1.12584521380340607001e-03 	 6 5 8 4
     -4.79038188108361559503e-05 	 6 5 8 5
      1.69290496353298566996e-03 	 6 5 8 6
      3.27487464690912489368e-04 	 6 5 8 7
     -4.31899429387742807979e-03 	 6 5 8 8
      1.24858713915139293849e-01 	 6 6 1 1
      1.40757020543089443262e-03 	 6 6 2 1
      1.66568421885681577921e-01 	 6 6 2 2
      3.67371781384517176461e-02 	 6 6 3 1
      2.04951294278954421202e-02 	 6 6 3 2
      1.03917400332005069319e-01 	 6 6 3 3
     -4.38795048506637058727e-03 	 6 6 4 1
     -1.68282079893849285598e-03 	 6 6 4 2
     -3.93337901945886906328e-04 	 6 6 4 3
      3.14481517732314197477e-01 	 6 6 4 4
      1.22502945755162233332e-02 	 6 6 5 1
      3.27248866715062064481e-02 	 6 6 5 2
      1.62781750273729834168e-03 	 6 6 5 3
     -2.20091768796157761373e-03 	 6 6 5 4
      1.97440645862338781669e-01 	 6 6 5 5
      2.91485612524362792605e-03 	 6 6 6 1
     -1.36963867578720533726e-03 	 6 6 6 2
     -7.36753626931305194425e-04 	 6 6 6 3
     -1.42491604823316553828e-03 	 6 6 6 4
      3.41432637961126697959e-03 	 6 6 6 5
      4.32651529349279861947e-01 	 6 6 6 6
     -4.49266430669856969837e-02 	 6 6 7 1
     -1.67867311863230672664e-02 	 6 6 7 2
     -8.40886202883730886348e-03 	 6 6 7 3
      5.98449747215686923829e-04 	 6 6 7 4
     -9.93157103939132368531e-03 	 6 6 7 5
      4.27545140846379272820e-03 	 6 6 7 6
      5.09456782345308334392e-02 	 6 6 7 7
      1.29351620729615830047e-02 	 6 6 8 1
      2.63039892272506469623e-03 	 6 6 8 2
      6.84514095401413114050e-03 	 6 6 8 3
     -6.37002151833124859864e-03 	 6 6 8 4
      2.03554251944246672457e-02 	 6 6 8 5
      5.34684376637311383623e-03 	 6 6 8 6
     -8.07146105795648947760e-04 	 6 6 8 7
      2.09007824244740514352e-01 	 6 6 8 8
      5.97846491827278697651e-02 	 7 1 1 1
     -3.54598105098572770853e-04 	 7 1 2 1
      8.37752477302053551178e-04 	 7 1 2 2
     -1.79338607168836941530e-02 	 7 1 3 1
     -6.39520916579633825344e-03 	 7 1 3 2
      3.93991391907926730154e-02 	 7 1 3 3
      1.96747193362831586730e-03 	 7 1 4 1
      4.41411353416219526952e-05 	 7 1 4 2
     -4.05788725032057257750e-04 	 7 1 4 3
     -4.62153242954473908455e-02 	 7 1 4 4
     -5.01576315010814934026e-03 	 7 1 5 1
     -8.94949042402588823553e-03 	 7 1 5 2
      1.12173719741695630120e-03 	 7 1 5 3
      7.66266716348154119758e-04 	 7 1 5 4
      6.52769416335404958907e-03 	 7 1 5 5
     -3.16148463127286665809e-04 	 7 1 6 1
      5.53542324343006195142e-04 	 7 1 6 2
      1.39288631247357855975e-03 	 7 1 6 3
      1.86067010962882362947e-03 	 7 1 6 4
     -1.44740323487026201210e-03 	 7 1 6 5
     -4.49266430669856692282e-02 	 7 1 6 6
      2.67717149316257438385e-02 	 7 1 7 1
      6.50836062526253048000e-03 	 7 1 7 2
      4.75735604410571291667e-03 	 7 1 7 3
      2.07616753938950589827e-04 	 7 1 7 4
      3.31681587380899377954e-03 	 7 1 7 5
     -3.19338845498184312893e-03 	 7 1 7 6
      8.39330886173337842315e-02 	 7 1 7 7
     -3.62769350903220221677e-03 	 7 1 8 1
     -1.19353940691618452992e-04 	 7 1 8 2
     -1.01411199612304369147e-03 	 7 1 8 3
      6.53942716179336234507e-04 	 7 1 8 4
     -3.83938619469005202808e-03 	 7 1 8 5
     -1.83467344533183758515e-03 	 7 1 8 6
     -3.01549787162709928556e-04 	 7 1 8 7
     -2.48802133675966596904e-02 	 7 1 8 8
      1.61664801010660899583e-02 	 7 2 1 1
     -1.84566170649826718358e-03 	 7 2 2 1
      6.26896912871919773091e-03 	 7 2 2 2
     -3.36179359881921607442e-03 	 7 2 3 1
     -5.63533775946429768555e-03 	 7 2 3 2
      8.84242887993468874852e-03 	 7 2 3 3
      7.44653689334630244229e-04 	 7 2 4 1
      2.20139669311961811912e-03 	 7 2 4 2
      4.26259035143215553234e-04 	 7 2 4 3
     -1.05138884086422162989e-02 	 7 2 4 4
     -2.81170890601164808614e-03 	 7 2 5 1
     -8.64865991381020063344e-03 	 7 2 5 2
     -4.17911621268628641519e-04 	 7 2 5 3
     -9.94888616860632756835e-05 	 7 2 5 4
      1.72008733178729352094e-03 	 7 2 5 5
      3.30783597331424741340e-04 	 7 2 6 1
      7.70671402907807277446e-04 	 7 2 6 2
      7.04720589690649218059e-04 	 7 2 6 3
     -2.59555797998560012010e-03 	 7 2 6 4
     -1.28128693205062631905e-03 	 7 2 6 5
     -1.67867311863230637969e-02 	 7 2 6 6
      6.50836062526253741889e-03 	 7 2 7 1
      6.52502261929559842363e-03 	 7 2 7 2
     -2.21010686520107363894e-04 	 7 2 7 3
     -5.02266706159073834242e-04 	 7 2 7 4
      3.95929655426476012625e-03 	 7 2 7 5
     -1.88026742054436726143e-03 	 7 2 7 6
      2.99581546454841460281e-02 	 7 2 7 7
     -2.07383626004775754176e-03 	 7 2 8 1
      7.58218980095271824146e-04 	 7 2 8 2
     -8.68755137163772770716e-04 	 7 2 8 3
     -8.40400116750596865023e-04 	 7 2 8 4
     -4.02347819702797426800e-03 	 7 2 8 5
     -8.11827900240852232995e-05 	 7 2 8 6
     -5.57336373047823146641e-05 	 7 2 8 7
      2.86401166681849025583e-03 	 7 2 8 8
      5.72036780326813740910e-03 	 7 3 1 1
      9.08650524109299575701e-04 	 7 3 2 1
      2.37253301319480204221e-04 	 7 3 2 2
     -5.44732280255008638470e-03 	 7 3 3 1
      5.84604817720514851470e-04 	 7 3 3 2
      2.01033150420594636243e-02 	 7 3 3 3
     -6.44834753433478258169e-05 	 7 3 4 1
     -1.14499913766115228586e-03 	 7 3 4 2
     -4.71371754276344939131e-04 	 7 3 4 3
     -1.48108270041101622305e-02 	 7 3 4 4
      4.12977043037542307195e-04 	 7 3 5 1
      2.25958411208093418870e-03 	 7 3 5 2
      9.69800496938662140792e-04 	 7 3 5 3
      5.88192546654254166602e-04 	 7 3 5 4
      5.37960126693418864280e-04 	 7 3 5 5
     -3.69350215011245684455e-04 	 7 3 6 1
     -4.40748308418584591999e-05 	 7 3 6 2
      4.35200373314217274327e-04 	 7 3 6 3
      3.95955754289471599516e-03 	 7 3 6 4
      4.78593733034862766663e-04 	 7 3 6 5
     -8.40886202883731927182e-03 	 7 3 6 6
      4.75735604410571638612e-03 	 7 3 7 1
     -2.21010686520107363894e-04 	 7 3 7 2
      4.81416124751877366750e-03 	 7 3 7 3
      3.00917315028735457907e-04 	 7 3 7 4
     -9.54487114347151712965e-04 	 7 3 7 5
     -3.74791688983153268439e-04 	 7 3 7 6
      2.12871946848931341278e-02 	 7 3 7 7
      1.95739258223182424103e-04 	 7 3 8 1
     -2.03379282780503554354e-04 	 7 3 8 2
     -7.25588787348941408138e-05 	 7 3 8 3
      7.95804882582342603715e-04 	 7 3 8 4
      1.10129694015014857611e-03 	 7 3 8 5
     -4.68607700577312316290e-04 	 7 3 8 6
      1.48300117729567061675e-04 	 7 3 8 7
     -1.24507354270672002811e-02 	 7 3 8 8
      1.47449940661594034591e-03 	 7 4 1 1
      2.18854141646918439910e-04 	 7 4 2 1
      2.08667909458327711231e-03 	 7 4 2 2
     -4.46672905162070360031e-04 	 7 4 3 1
      3.00952305236248333214e-04 	 7 4 3 2
      1.81522678646130935023e-03 	 7 4 3 3
     -8.19505085436400570499e-04 	 7 4 4 1
     -3.87234176773076671941e-04 	 7 4 4 2
     -4.33990379726673319947e-04 	 7 4 4 3
     -1.98366049468740035522e-03 	 7 4 4 4
      2.17261286713356295986e-04 	 7 4 5 1
      5.48185036085639112655e-04 	 7 4 5 2
      3.31413777877539691193e-04 	 7 4 5 3
      5.64704348908040865986e-05 	 7 4 5 4
      1.92149466971375942892e-03 	 7 4 5 5
     -2.15103914586797697467e-04 	 7 4 6 1
     -3.55547105547103720405e-04 	 7 4 6 2
      2.58338383826423544608e-04 	 7 4 6 3
      8.01398934699494819127e-04 	 7 4 6 4
     -2.27660944251151985346e-04 	 7 4 6 5
      5.98449747215684755425e-04 	 7 4 6 6
      2.07616753938952107710e-04 	 7 4 7 1
     -5.02266706159075135285e-04 	 7 4 7 2
      3.00917315028736542110e-04 	 7 4 7 3
      1.02904061974613369838e-03 	 7 4 7 4
     -5.08217006737720993458e-04 	 7 4 7 5
      7.29973952456466207428e-04 	 7 4 7 6
     -2.42235298035360212959e-04 	 7 4 7 7
      2.84474483147516244656e-04 	 7 4 8 1
      7.57262014044852759052e-06 	 7 4 8 2
      8.05417910766553269992e-05 	 7 4 8 3
      1.90898208172680049731e-04 	 7 4 8 4
      2.42100340077091300602e-04 	 7 4 8 5
     -4.17224383219191909404e-05 	 7 4 8 6
     -9.00072217591919767482e-05 	 7 4 8 7
     -7.23532432111268191798e-05 	 7 4 8 8
      3.85601453242675291586e-03 	 7 5 1 1
     -1.43671189642730805572e-03 	 7 5 2 1
     -2.38947170431458343412e-03 	 7 5 2 2
     -6.73264466318354072062e-04 	 7 5 3 1
     -3.13350839357116276590e-03 	 7 5 3 2
      1.13139654830830133081e-05 	 7 5 3 3
      5.95866332622829470572e-04 	 7 5 4 1
      1.51630798062676766351e-03 	 7 5 4 2
      6.48279962898338189825e-04 	 7 5 4 3
     -2.44451716138127444697e-03 	 7 5 4 4
     -2.32152739000313339951e-03 	 7 5 5 1
     -5.45121062412993150070e-03 	 7 5 5 2
     -1.64601065532273146096e-03 	 7 5 5 3
     -1.31567794662615735780e-04 	 7 5 5 4
     -5.69071532664736784435e-03 	 7 5 5 5
      4.10047240978477216689e-04 	 7 5 6 1
      3.26727688597554970836e-04 	 7 5 6 2
      6.34661631854979702005e-04 	 7 5 6 3
     -2.95036324072457016923e-03 	 7 5 6 4
     -7.53497300092692990497e-04 	 7 5 6 5
     -9.93157103939130633807e-03 	 7 5 6 6
      3.31681587380897990175e-03 	 7 5 7 1
      3.95929655426476012625e-03 	 7 5 7 2
     -9.54487114347150195082e-04 	 7 5 7 3
     -5.08217006737723378702e-04 	 7 5 7 4
      4.83527238588866807578e-03 	 7 5 7 5
     -1.13410325359426409839e-03 	 7 5 7 6
      1.79322718301815689501e-02 	 7 5 7 7
     -1.48416335193063170413e-03 	 7 5 8 1
     -9.94187024137613403665e-05 	 7 5 8 2
     -5.30005276176328718983e-04 	 7 5 8 3
     -6.22199023482352927064e-04 	 7 5 8 4
     -2.69448480437072326876e-03 	 7 5 8 5
      2.13089374259455775458e-04 	 7 5 8 6
      3.71950847976313856390e-04 	 7 5 8 7
      2.69383766307191695882e-03 	 7 5 8 8
     -6.42641681483935908042e-03 	 7 6 1 1
      5.01903321366654149235e-04 	 7 6 2 1
     -8.73240359927126685163e-05 	 7 6 2 2
      1.87278932100684233908e-03 	 7 6 3 1
      1.60435222580369244577e-03 	 7 6 3 2
     -4.02351694451105485612e-03 	 7 6 3 3
     -5.34017163721018099827e-04 	 7 6 4 1
     -8.10199963400412125764e-04 	 7 6 4 2
      1.30914429730731915859e-04 	 7 6 4 3
      3.28246635451723842505e-03 	 7 6 4 4
      9.20283148695721356022e-04 	 7 6 5 1
      1.91822322504054993027e-03 	 7 6 5 2
      3.51417101632495198528e-04 	 7 6 5 3
     -5.25063216250809127079e-04 	 7 6 5 4
      8.05938708733927307130e-04 	 7 6 5 5
     -1.41104938140697170126e-03 	 7 6 6 1
     -6.95962074305446183956e-04 	 7 6 6 2
     -4.12263629906567939144e-04 	 7 6 6 3
      8.29624914567537964302e-04 	 7 6 6 4
     -2.12744857440762226083e-04 	 7 6 6 5
      4.27545140846378665667e-03 	 7 6 6 6
     -3.19338845498184052685e-03 	 7 6 7 1
     -1.88026742054436899615e-03 	 7 6 7 2
     -3.74791688983154732111e-04 	 7 6 7 3
      7.29973952456467183210e-04 	 7 6 7 4
     -1.13410325359426279734e-03 	 7 6 7 5
      2.59886781973469498455e-03 	 7 6 7 6
     -1.67529837702498143881e-02 	 7 6 7 7
      9.81945037056851204038e-04 	 7 6 8 1
     -1.01023445029440353494e-04 	 7 6 8 2
      5.73612332030567573585e-04 	 7 6 8 3
      1.06794505599931124819e-04 	 7 6 8 4
      1.03286919081660910277e-03 	 7 6 8 5
     -3.26822171168653411409e-04 	 7 6 8 6
      1.21291123530880201381e-05 	 7 6 8 7
      1.21240772529567224398e-03 	 7 6 8 8
      3.55140864152135582454e-01 	 7 7 1 1
     -2.09136893319664032148e-03 	 7 7 2 1
      2.07057779341696557296e-01 	 7 7 2 2
     -4.67552378347205963016e-02 	 7 7 3 1
     -2.39439221354386111429e-02 	 7 7 3 2
      2.92427290006215145901e-01 	 7 7 3 3
      5.15500477050932076617e-03 	 7 7 4 1
      4.20911274928977181820e-03 	 7 7 4 2
     -1.88579786375133026319e-03 	 7 7 4 3
      3.36864666065290196961e-02 	 7 7 4 4
     -1.41440278554125688920e-02 	 7 7 5 1
     -2.48796547399112201460e-02 	 7 7 5 2
      4.92786942873767262047e-03 	 7 7 5 3
      8.37631464276149782788e-04 	 7 7 5 4
      2.19254121791111200590e-01 	 7 7 5 5
     -2.71732247589101787860e-03 	 7 7 6 1
      4.43851211108503280849e-04 	 7 7 6 2
      4.13815483173925278276e-03 	 7 7 6 3
      1.20384059840991583523e-02 	 7 7 6 4
     -7.85807593157554842844e-03 	 7 7 6 5
      5.09456782345307779281e-02 	 7 7 6 6
      8.39330886173337703537e-02 	 7 7 7 1
      2.99581546454841217419e-02 	 7 7 7 2
      2.12871946848931167806e-02 	 7 7 7 3
     -2.42235298035362164523e-04 	 7 7 7 4
      1.79322718301816175224e-02 	 7 7 7 5
     -1.67529837702498109187e-02 	 7 7 7 6
      6.30721417108244031269e-01 	 7 7 7 7
     -9.41703742220603018387e-03 	 7 7 8 1
      4.98921516080910038005e-03 	 7 7 8 2
     -2.16330475842937660150e-03 	 7 7 8 3
     -6.05928429178035320157e-03 	 7 7 8 4
     -1.33316473979855371762e-02 	 7 7 8 5
     -4.62703034987605333478e-03 	 7 7 8 6
     -3.40316541881918472462e-04 	 7 7 8 7
      1.28464756560193377188e-01 	 7 7 8 8
     -1.11254523066689203770e-02 	 8 1 1 1
      8.47874773734204074255e-04 	 8 1 2 1
     -1.27914431623022111645e-03 	 8 1 2 2
      2.86956368935852804830e-03 	 8 1 3 1
      2.52264528353230701660e-03 	 8 1 3 2
     -2.57085137423941666526e-03 	 8 1 3 3
     -1.20717721697075801648e-03 	 8 1 4 1
     -1.15505348529038390226e-03 	 8 1 4 2
     -4.83143791038265603757e-04 	 8 1 4 3
      1.91385955482131515232e-03 	 8 1 4 4
      2.50881484328559179950e-03 	 8 1 5 1
      3.85623794860024456804e-03 	 8 1 5 2
      6.87161423386371469912e-04 	 8 1 5 3
     -6.25468882294953794354e-04 	 8 1 5 4
      3.97595691328798267472e-03 	 8 1 5 5
     -1.07303595861742606839e-03 	 8 1 6 1
     -5.08895145397107208363e-04 	 8 1 6 2
     -7.96351811807131872330e-04 	 8 1 6 3
      1.36141231567468408772e-03 	 8 1 6 4
     -3.36626874174193561895e-04 	 8 1 6 5
      1.29351620729615517796e-02 	 8 1 6 6
     -3.62769350903220351781e-03 	 8 1 7 1
     -2.07383626004774800078e-03 	 8 1 7 2
      1.95739258223179388337e-04 	 8 1 7 3
      2.84474483147514564142e-04 	 8 1 7 4
     -1.48416335193063885986e-03 	 8 1 7 5
      9.81945037056846650389e-04 	 8 1 7 6
     -9.41703742220600589774e-03 	 8 1 7 7
      5.39607720504745123208e-03 	 8 1 8 1
     -4.57869942348159970728e-04 	 8 1 8 2
      2.48725755152060488962e-03 	 8 1 8 3
     -6.03308225788208948468e-05 	 8 1 8 4
      3.93814738112546920690e-03 	 8 1 8 5
     -1.32858849337447746178e-03 	 8 1 8 6
     -1.54849763335638689228e-03 	 8 1 8 7
     -5.65864253581962062950e-03 	 8 1 8 8
      5.37559097090688480652e-03 	 8 2 1 1
     -1.80012818339277598262e-05 	 8 2 2 1
      1.16931045357941462010e-02 	 8 2 2 2
      5.22013973845249874481e-04 	 8 2 3 1
     -1.18698246415366846264e-03 	 8 2 3 2
      3.76642613069173241153e-03 	 8 2 3 3
     -6.19738801438541719174e-05 	 8 2 4 1
      1.24870944313621042542e-03 	 8 2 4 2
     -2.52925271906078471922e-05 	 8 2 4 3
      1.43291694717829131908e-03 	 8 2 4 4
      2.74337018645741403684e-04 	 8 2 5 1
     -1.80525806045576941994e-03 	 8 2 5 2
      4.56911047081812681479e-04 	 8 2 5 3
     -4.27649907753294730543e-04 	 8 2 5 4
      8.58891346127451868475e-03 	 8 2 5 5
     -2.37727046624109096778e-05 	 8 2 6 1
      1.62851267386540822643e-04 	 8 2 6 2
      1.15332400971829388296e-04 	 8 2 6 3
      5.85864579194666904895e-04 	 8 2 6 4
     -4.43530746567160011687e-04 	 8 2 6 5
      2.63039892272507770665e-03 	 8 2 6 6
     -1.19353940691637968631e-04 	 8 2 7 1
      7.58218980095275944114e-04 	 8 2 7 2
     -2.03379282780491465500e-04 	 8 2 7 3
      7.57262014043616345059e-06 	 8 2 7 4
     -9.94187024137709355557e-05 	 8 2 7 5
     -1.01023445029420431279e-04 	 8 2 7 6
      4.98921516080909864532e-03 	 8 2 7 7
     -4.57869942348151730792e-04 	 8 2 8 1
      4.54786486757542511572e-03 	 8 2 8 2
     -2.58057881473587548329e-04 	 8 2 8 3
      2.25956479611620793518e-04 	 8 2 8 4
     -1.43512816487178715419e-03 	 8 2 8 5
      3.20973549557272333889e-05 	 8 2 8 6
      6.34362053665520861682e-05 	 8 2 8 7
      1.16371217439247727488e-02 	 8 2 8 8
     -9.71127189253689557247e-04 	 8 3 1 1
      3.88416222662983905839e-04 	 8 3 2 1
      2.99945001237716230534e-04 	 8 3 2 2
      1.53389138805361409899e-03 	 8 3 3 1
      1.60610430418700665493e-03 	 8 3 3 2
     -5.53145824798862047189e-03 	 8 3 3 3
     -4.74248954043250518526e-04 	 8 3 4 1
     -4.61654854235535154223e-04 	 8 3 4 2
     -3.04914095872999089260e-04 	 8 3 4 3
      1.68481147488536240481e-03 	 8 3 4 4
      8.74687113396042091075e-04 	 8 3 5 1
      1.94357073255676344667e-03 	 8 3 5 2
      6.75495065583058538518e-04 	 8 3 5 3
     -2.81640981927341134319e-04 	 8 3 5 4
      4.04467920980431175360e-03 	 8 3 5 5
     -4.92199252935632421656e-04 	 8 3 6 1
     -2.03645203412665718552e-04 	 8 3 6 2
     -4.82024200999589102351e-04 	 8 3 6 3
      6.40164021860646246728e-04 	 8 3 6 4
     -1.51167221068562772704e-04 	 8 3 6 5
      6.84514095401412333425e-03 	 8 3 6 6
     -1.01411199612304152307e-03 	 8 3 7 1
     -8.68755137163771361253e-04 	 8 3 7 2
     -7.25588787348956722493e-05 	 8 3 7 3
      8.05417910766544325324e-05 	 8 3 7 4
     -5.30005276176330236866e-04 	 8 3 7 5
      5.73612332030569741989e-04 	 8 3 7 6
     -2.16330475842936792788e-03 	 8 3 7 7
      2.48725755152060879274e-03 	 8 3 8 1
     -2.58057881473603377680e-04 	 8 3 8 2
      1.83566513908392015854e-03 	 8 3 8 3
     -1.24964038492325678429e-04 	 8 3 8 4
      1.67283676625248922155e-03 	 8 3 8 5
     -5.72976775371252444388e-04 	 8 3 8 6
     -7.00037102005820707253e-04 	 8 3 8 7
     -2.10417798978439554713e-03 	 8 3 8 8
     -8.49479979843478262558e-03 	 8 4 1 1
      4.56282806394532332132e-04 	 8 4 2 1
     -5.16053262500123805651e-03 	 8 4 2 2
     -1.39403922917615756376e-03 	 8 4 3 1
      1.18683130951926433909e-03 	 8 4 3 2
     -4.12692829918025454877e-03 	 8 4 3 3
     -5.16406976589824594746e-04 	 8 4 4 1
     -1.61908566668365352069e-03 	 8 4 4 2
     -4.96602399958983751690e-04 	 8 4 4 3
     -1.68680311587224296410e-02 	 8 4 4 4
      4.34102553402391957808e-04 	 8 4 5 1
      7.48794316926526038782e-04 	 8 4 5 2
      8.43675956060881994652e-05 	 8 4 5 3
      4.04083895518237811838e-04 	 8 4 5 4
     -8.37984839878317712414e-03 	 8 4 5 5
      2.79798260897895078193e-04 	 8 4 6 1
      6.64505902011981296890e-04 	 8 4 6 2
      3.46444462710069673748e-05 	 8 4 6 3
      1.18658958569756948359e-03 	 8 4 6 4
      1.12584521380337332710e-03 	 8 4 6 5
     -6.37002151833138390707e-03 	 8 4 6 6
      6.53942716179350545976e-04 	 8 4 7 1
     -8.40400116750604020757e-04 	 8 4 7 2
      7.95804882582338483747e-04 	 8 4 7 3
      1.90898208172690593597e-04 	 8 4 7 4
     -6.22199023482344361867e-04 	 8 4 7 5
      1.06794505599921881996e-04 	 8 4 7 6
     -6.05928429178033932379e-03 	 8 4 7 7
     -6.03308225788002136904e-05 	 8 4 8 1
      2.25956479611570811798e-04 	 8 4 8 2
     -1.24964038492348040099e-04 	 8 4 8 3
      6.52417392630286023525e-03 	 8 4 8 4
      4.76526227907323233178e-04 	 8 4 8 5
     -6.06312837795597563834e-04 	 8 4 8 6
      1.06116096236235992497e-04 	 8 4 8 7
     -1.82177009387584354361e-02 	 8 4 8 8
     -1.16603710246144624818e-02 	 8 5 1 1
      1.52228851626885525357e-03 	 8 5 2 1
     -1.24780670090129715971e-02 	 8 5 2 2
      2.27950033382350427183e-03 	 8 5 3 1
      5.86985281503168282446e-03 	 8 5 3 2
     -4.85105699981958939093e-03 	 8 5 3 3
     -1.05642689477507788209e-03 	 8 5 4 1
     -2.60535920013238008613e-03 	 8 5 4 2
     -5.57705206602127035939e-04 	 8 5 4 3
      6.22917867497764857210e-03 	 8 5 4 4
      4.08629623378234298897e-03 	 8 5 5 1
      9.27692685503775371636e-03 	 8 5 5 2
      1.47119590906637730775e-03 	 8 5 5 3
     -6.88625046845307039849e-04 	 8 5 5 4
     -1.10962221971994418751e-02 	 8 5 5 5
     -8.78726227433111761224e-04 	 8 5 6 1
     -6.23376663605292383186e-04 	 8 5 6 2
     -9.48225601003286440102e-04 	 8 5 6 3
      2.22474445645654342330e-03 	 8 5 6 4
     -4.79038188108813671809e-05 	 8 5 6 5
      2.03554251944246464290e-02 	 8 5 6 6
     -3.83938619469005116072e-03 	 8 5 7 1
     -4.02347819702796385966e-03 	 8 5 7 2
      1.10129694015013686673e-03 	 8 5 7 3
      2.42100340077094553209e-04 	 8 5 7 4
     -2.69448480437073150870e-03 	 8 5 7 5
      1.03286919081659479130e-03 	 8 5 7 6
     -1.33316473979855076859e-02 	 8 5 7 7
      3.93814738112545879856e-03 	 8 5 8 1
     -1.43512816487177371008e-03 	 8 5 8 2
      1.67283676625248466791e-03 	 8 5 8 3
      4.76526227907284418740e-04 	 8 5 8 4
      1.00302684327317793989e-02 	 8 5 8 5
     -1.54495699617587974040e-03 	 8 5 8 6
     -3.97590551897300016355e-04 	 8 5 8 7
     -1.60010582361890633940e-02 	 8 5 8 8
     -4.60019306991453057892e-03 	 8 6 1 1
     -4.42440040623663720203e-04 	 8 6 2 1
      8.05315900619263435115e-04 	 8 6 2 2
      1.34482365671508138569e-03 	 8 6 3 1
      1.79362139628913108517e-04 	 8 6 3 2
     -6.25766881966362178286e-03 	 8 6 3 3
      5.07037419287492642159e-04 	 8 6 4 1
      7.61875164991131724988e-04 	 8 6 4 2
      2.81307317765156807143e-04 	 8 6 4 3
      9.71964210046777528362e-03 	 8 6 4 4
     -4.89269448951691436622e-04 	 8 6 5 1
      4.53164019510179753858e-04 	 8 6 5 2
     -5.60500958591818353519e-04 	 8 6 5 3
      6.27113741047481188830e-04 	 8 6 5 4
     -4.57963659455294918449e-03 	 8 6 5 5
      1.28302662866241643999e-03 	 8 6 6 1
      3.18874828338120829430e-04 	 8 6 6 2
      6.85293983895442345919e-04 	 8 6 6 3
     -4.83994367809609336156e-04 	 8 6 6 4
      1.69290496353299022361e-03 	 8 6 6 5
      5.34684376637322052173e-03 	 8 6 6 6
     -1.83467344533184669245e-03 	 8 6 7 1
     -8.11827900240869580230e-05 	 8 6 7 2
     -4.68607700577308304742e-04 	 8 6 7 3
     -4.17224383219214609887e-05 	 8 6 7 4
      2.13089374259455287567e-04 	 8 6 7 5
     -3.26822171168648640920e-04 	 8 6 7 6
     -4.62703034987605333478e-03 	 8 6 7 7
     -1.32858849337450001318e-03 	 8 6 8 1
      3.20973549557817009956e-05 	 8 6 8 2
     -5.72976775371238783441e-04 	 8 6 8 3
     -6.06312837795624235207e-04 	 8 6 8 4
     -1.54495699617592028956e-03 	 8 6 8 5
      3.10165964087972872640e-03 	 8 6 8 6
      4.26519895316673270953e-04 	 8 6 8 7
      8.36409917604298905336e-03 	 8 6 8 8
     -3.01799676801928033754e-03 	 8 7 1 1
     -6.58044891791199361951e-05 	 8 7 2 1
      9.42513243174861723751e-05 	 8 7 2 2
      3.34585379878811874435e-04 	 8 7 3 1
      3.19507419745921087892e-04 	 8 7 3 2
     -2.66221716197430346984e-03 	 8 7 3 3
      1.61986705438639121048e-04 	 8 7 4 1
      1.13332404084659598266e-05 	 8 7 4 2
     -3.33268931510257256827e-05 	 8 7 4 3
      1.48336943731261472999e-03 	 8 7 4 4
     -1.93552120851201136511e-04 	 8 7 5 1
      9.75645161207018844687e-05 	 8 7 5 2
      2.58509787172604186905e-05 	 8 7 5 3
      2.02501158872570160771e-04 	 8 7 5 4
     -2.60534894741359501075e-03 	 8 7 5 5
      2.10437263965445345250e-04 	 8 7 6 1
      3.76084865799997044048e-05 	 8 7 6 2
      1.59105352341021690291e-04 	 8 7 6 3
      1.87017693975435048744e-04 	 8 7 6 4
      3.27487464690907718878e-04 	 8 7 6 5
     -8.07146105795634853132e-04 	 8 7 6 6
     -3.01549787162717030081e-04 	 8 7 7 1
     -5.57336373047820503898e-05 	 8 7 7 2
      1.48300117729570097441e-04 	 8 7 7 3
     -9.00072217591920445108e-05 	 8 7 7 4
      3.71950847976311254305e-04 	 8 7 7 5
      1.21291123530869664291e-05 	 8 7 7 6
     -3.40316541881928663962e-04 	 8 7 7 7
     -1.54849763335638515756e-03 	 8 7 8 1
      6.34362053665588624318e-05 	 8 7 8 2
     -7.00037102005820924093e-04 	 8 7 8 3
      1.06116096236221166033e-04 	 8 7 8 4
     -3.97590551897300558456e-04 	 8 7 8 5
      4.26519895316680968788e-04 	 8 7 8 6
      1.22480477261106986651e-03 	 8 7 8 7
      9.84147630780650255200e-04 	 8 7 8 8
      1.77791998929704042620e-01 	 8 8 1 1
     -3.77529041211166396103e-03 	 8 8 2 1
      2.26095752757253909415e-01 	 8 8 2 2
      2.62014807736331983845e-02 	 8 8 3 1
     -7.03871314024418805178e-03 	 8 8 3 2
      1.37376123567538449555e-01 	 8 8 3 3
     -3.57807930683251356700e-04 	 8 8 4 1
      1.23564619202443815721e-02 	 8 8 4 2
      1.09426223456399467245e-03 	 8 8 4 3
      2.59364743510577699936e-01 	 8 8 4 4
     -3.02253269232348204670e-03 	 8 8 5 1
     -8.37108588552655866200e-03 	 8 8 5 2
     -2.24601635676506495784e-03 	 8 8 5 3
     -3.05459841744501903876e-03 	 8 8 5 4
      2.06753105399428038780e-01 	 8 8 5 5
      6.82088558028545212386e-05 	 8 8 6 1
     -1.81288954752126425796e-03 	 8 8 6 2
     -9.70013966597988754048e-04 	 8 8 6 3
     -6.01407727240369296973e-03 	 8 8 6 4
     -4.31899429387749833609e-03 	 8 8 6 5
      2.09007824244740708641e-01 	 8 8 6 6
     -2.48802133675966319348e-02 	 8 8 7 1
      2.86401166681846857179e-03 	 8 8 7 2
     -1.24507354270672020158e-02 	 8 8 7 3
     -7.23532432111095939178e-05 	 8 8 7 4
      2.69383766307193560710e-03 	 8 8 7 5
      1.21240772529565294519e-03 	 8 8 7 6
      1.28464756560193377188e-01 	 8 8 7 7
     -5.65864253581961022116e-03 	 8 8 8 1
      1.16371217439247449932e-02 	 8 8 8 2
     -2.10417798978442937424e-03 	 8 8 8 3
     -1.82177009387585811528e-02 	 8 8 8 4
     -1.60010582361890182912e-02 	 8 8 8 5
      8.36409917604312262707e-03 	 8 8 8 6
      9.84147630780680829701e-04 	 8 8 8 7
      3.81740433383848332127e-01 	 8 8 8 8
     -2.27636252805782568487e+00 	 1 1 0 0
     -2.31355508516804982133e-02 	 1 2 0 0
     -1.71212944650971199412e-01 	 1 3 0 0
     -6.48079409626250730475e-03 	 1 4 0 0
      1.76814305169513852345e-01 	 1 5 0 0
     -1.24225185438372239671e-02 	 1 6 0 0
      1.87458383927374461209e-01 	 1 7 0 0
      5.56877480298868625386e-03 	 1 8 0 0
     -2.31355508516766852911e-02 	 2 1 0 0
     -1.88118954180411890320e+00 	 2 2 0 0
      2.17977829154423659308e-02 	 2 3 0 0
     -3.78547646762905365403e-02 	 2 4 0 0
     -1.65390959940103110526e-01 	 2 5 0 0
      2.17894356436852433545e-02 	 2 6 0 0
     -2.66527880307446951580e-02 	 2 7 0 0
     -1.80502244878055911892e-01 	 2 8 0 0
     -1.71212944650967507920e-01 	 3 1 0 0
      2.17977829154819210955e-02 	 3 2 0 0
     -2.15038925068938890917e+00 	 3 3 0 0
      5.24577287136687199498e-03 	 3 4 0 0
     -9.70662230894919677432e-04 	 3 5 0 0
     -2.14770503342431688665e-02 	 3 6 0 0
     -5.39063320370630483236e-02 	 3 7 0 0
      1.93913287078204595731e-03 	 3 8 0 0
     -6.48079409626236158798e-03 	 4 1 0 0
     -3.78547646762894263173e-02 	 4 2 0 0
      5.24577287136154205710e-03 	 4 3 0 0
     -1.62919451637650092302e+00 	 4 4 0 0
      2.04263880187936048768e-03 	 4 5 0 0
     -1.93292059121548565059e-01 	 4 6 0 0
     -3.79911454444518351808e-03 	 4 7 0 0
      2.02369879610995812014e-01 	 4 8 0 0
      1.76814305169561314379e-01 	 5 1 0 0
     -1.65390959940074244727e-01 	 5 2 0 0
     -9.70662230881169825480e-04 	 5 3 0 0
      2.04263880187174722003e-03 	 5 4 0 0
     -2.00507087440569398140e+00 	 5 5 0 0
      9.33749313436016588341e-03 	 5 6 0 0
     -3.00001006412478924898e-03 	 5 7 0 0
      5.29578403287260246479e-02 	 5 8 0 0
     -1.24225185438524895337e-02 	 6 1 0 0
      2.17894356436831859725e-02 	 6 2 0 0
     -2.14770503342421835435e-02 	 6 3 0 0
     -1.93292059121552201040e-01 	 6 4 0 0
      9.33749313438056796621e-03 	 6 5 0 0
     -1.67747615548327555501e+00 	 6 6 0 0
      2.02966045263921687769e-02 	 6 7 0 0
     -2.01819481602743787396e-02 	 6 8 0 0
      1.87458383927379068634e-01 	 7 1 0 0
     -2.66527880307457325226e-02 	 7 2 0 0
     -5.39063320370510856705e-02 	 7 3 0 0
     -3.79911454444561719895e-03 	 7 4 0 0
     -3.00001006409628340546e-03 	 7 5 0 0
      2.02966045263882136074e-02 	 7 6 0 0
     -2.13172972375524460986e+00 	 7 7 0 0
      4.21533010180908870868e-03 	 7 8 0 0
      5.56877480301395163392e-03 	 8 1 0 0
     -1.80502244878070733369e-01 	 8 2 0 0
      1.93913287078898485122e-03 	 8 3 0 0
      2.02369879611018543830e-01 	 8 4 0 0
      5.29578403286972698716e-02 	 8 5 0 0
     -2.01819481602615972970e-02 	 8 6 0 0
      4.21533010180412046064e-03 	 8 7 0 0
     -1.77410897004271306265e+00 	 8 8 0 0
     -2.99451247214001068642e+03 	 0 0 0 0
