 # Printing electron repulsion integrals in spatial MO basis
      6.12248650746247791155e-01 	 1 1 1 1
     -5.66394534623535818307e-03 	 1 1 2 1
      1.68305562151567861262e-01 	 1 1 2 2
      2.21328514417885955506e-03 	 1 1 3 1
     -8.23576221392577898818e-04 	 1 1 3 2
      1.17224707064993632910e-01 	 1 1 3 3
      5.31690327686199729756e-03 	 1 1 4 1
      1.27617241213884443328e-03 	 1 1 4 2
     -4.21964049344411031277e-04 	 1 1 4 3
      3.29833616132024665113e-01 	 1 1 4 4
     -4.62248463580100174553e-02 	 1 1 5 1
     -7.10967489584767887989e-03 	 1 1 5 2
      8.48805355553344039084e-04 	 1 1 5 3
     -3.78024034352270488918e-03 	 1 1 5 4
      2.44727592841278596136e-01 	 1 1 5 5
      9.66038522015257028475e-03 	 1 1 6 1
      4.86449857737122990514e-03 	 1 1 6 2
      1.29173701256879696481e-03 	 1 1 6 3
      9.81553398786231233453e-03 	 1 1 6 4
      2.58128316883091159240e-02 	 1 1 6 5
      1.76083042053147675876e-01 	 1 1 6 6
     -3.72115514334884480915e-03 	 1 1 7 1
     -3.10166803054017512289e-03 	 1 1 7 2
      1.16260640600299885485e-03 	 1 1 7 3
      1.43045926148648791520e-02 	 1 1 7 4
      1.08808849518534228595e-02 	 1 1 7 5
     -1.17553515837088076723e-02 	 1 1 7 6
      3.26096176929705272585e-01 	 1 1 7 7
      2.48063285110791537091e-02 	 1 1 8 1
      8.07139425953441562445e-03 	 1 1 8 2
     -4.65440922294612930820e-04 	 1 1 8 3
      2.22654236810559741019e-03 	 1 1 8 4
      1.43342959642041578583e-02 	 1 1 8 5
      4.35747909556957226107e-03 	 1 1 8 6
     -1.57849964928065042945e-03 	 1 1 8 7
      1.39475437245003913711e-01 	 1 1 8 8
      9.72477467060583675162e-03 	 1 1 9 1
      3.64417824105747658464e-03 	 1 1 9 2
     -4.31818403684864065162e-04 	 1 1 9 3
      8.43113115684111964765e-03 	 1 1 9 4
      1.27747226878256511101e-02 	 1 1 9 5
     -1.46594264404674586542e-03 	 1 1 9 6
     -1.09081900891196108966e-02 	 1 1 9 7
      1.80226385997015099184e-03 	 1 1 9 8
      1.90954485829606002145e-01 	 1 1 9 9
     -5.66394534623535384626e-03 	 2 1 1 1
      1.58881718589040589647e-03 	 2 1 2 1
     -2.63029487234522430308e-03 	 2 1 2 2
     -1.55390663975452461044e-04 	 2 1 3 1
     -7.13027482942576556731e-05 	 2 1 3 2
      1.80516378827016174633e-04 	 2 1 3 3
     -2.24849146928569735594e-04 	 2 1 4 1
     -1.85994017101841544294e-04 	 2 1 4 2
      4.73067959164524053464e-05 	 2 1 4 3
     -2.92895878884176811760e-03 	 2 1 4 4
      3.76511395668153460957e-04 	 2 1 5 1
      9.14531703094591122763e-04 	 2 1 5 2
     -3.85463110104351043723e-05 	 2 1 5 3
     -8.76956679273585836291e-05 	 2 1 5 4
     -2.88530149190223883168e-03 	 2 1 5 5
      3.95020839773512226403e-04 	 2 1 6 1
     -1.82568276187341772777e-04 	 2 1 6 2
     -6.60695904189148428996e-05 	 2 1 6 3
     -9.15710157156724340120e-06 	 2 1 6 4
     -1.18828687428056347264e-05 	 2 1 6 5
     -1.82447378216364186447e-03 	 2 1 6 6
      1.92902546650143476856e-04 	 2 1 7 1
      1.18612528386269710612e-04 	 2 1 7 2
     -2.94789262621075432390e-05 	 2 1 7 3
     -1.49472874649536114928e-04 	 2 1 7 4
     -4.26735913705307879393e-05 	 2 1 7 5
      4.46783103623162735800e-07 	 2 1 7 6
     -3.34601496418269637664e-03 	 2 1 7 7
     -1.57020094366112239080e-04 	 2 1 8 1
     -1.08128773018835422880e-03 	 2 1 8 2
     -4.56009837779699662703e-05 	 2 1 8 3
      4.50024289383364289830e-05 	 2 1 8 4
     -4.15054051408073857062e-04 	 2 1 8 5
     -5.68436939770273106059e-05 	 2 1 8 6
     -4.59622014861546561914e-05 	 2 1 8 7
     -3.36427637001302480557e-03 	 2 1 8 8
      1.78495090785651190938e-04 	 2 1 9 1
     -3.95313403081011982988e-04 	 2 1 9 2
      1.78680456633971466535e-07 	 2 1 9 3
     -1.92361797553617763345e-04 	 2 1 9 4
      1.86951819053199320367e-04 	 2 1 9 5
     -3.19971774793970155392e-05 	 2 1 9 6
      2.14911786499597114814e-04 	 2 1 9 7
      2.36701905349750351066e-04 	 2 1 9 8
     -3.40654527304597512516e-03 	 2 1 9 9
      1.68305562151567722484e-01 	 2 2 1 1
     -2.63029487234525899755e-03 	 2 2 2 1
      2.98556253250024328239e-01 	 2 2 2 2
     -2.43955987710483217625e-04 	 2 2 3 1
      1.34644827752439439662e-03 	 2 2 3 2
      1.77916347768844795851e-01 	 2 2 3 3
      7.08080360229676963012e-04 	 2 2 4 1
     -1.63333867806867501400e-03 	 2 2 4 2
     -5.15201627680643480054e-06 	 2 2 4 3
      1.46165622309332637885e-01 	 2 2 4 4
      7.51534472308133024571e-03 	 2 2 5 1
     -6.56005220401277913678e-03 	 2 2 5 2
      5.16161243828717314873e-04 	 2 2 5 3
      5.61118678606662042718e-03 	 2 2 5 4
      2.35855072977498303466e-01 	 2 2 5 5
     -5.30216511503988664755e-03 	 2 2 6 1
      4.77574686001167817567e-03 	 2 2 6 2
      2.32790275359196028454e-04 	 2 2 6 3
     -6.40312304786493178416e-03 	 2 2 6 4
     -8.42647732556242416713e-03 	 2 2 6 5
      2.27715548769381354033e-01 	 2 2 6 6
     -1.90907645881483139898e-03 	 2 2 7 1
     -2.88307465374636456151e-03 	 2 2 7 2
     -2.98406809878884308508e-04 	 2 2 7 3
     -5.28266866934730666000e-03 	 2 2 7 4
     -7.46338389287360803176e-03 	 2 2 7 5
      5.75104359538702002153e-03 	 2 2 7 6
      1.50336720698815567987e-01 	 2 2 7 7
     -2.71313594725401674435e-03 	 2 2 8 1
      3.48844178042694843742e-03 	 2 2 8 2
     -2.16345275722771223596e-04 	 2 2 8 3
     -1.34427439595030066150e-03 	 2 2 8 4
     -6.58640962925939881141e-04 	 2 2 8 5
     -2.79951236156969918839e-03 	 2 2 8 6
      2.40252273456845969607e-03 	 2 2 8 7
      2.59553118716840169888e-01 	 2 2 8 8
     -4.95684870031059491430e-03 	 2 2 9 1
     -3.04665197153149635775e-03 	 2 2 9 2
      8.82464977347835488088e-04 	 2 2 9 3
     -2.18953154159478788343e-03 	 2 2 9 4
     -1.12264396091846692383e-02 	 2 2 9 5
      4.45838196688574592286e-03 	 2 2 9 6
      5.74936792991672610681e-03 	 2 2 9 7
     -2.35478038587105462098e-03 	 2 2 9 8
      2.40157647279757108238e-01 	 2 2 9 9
      2.21328514417886215715e-03 	 3 1 1 1
     -1.55390663975448476601e-04 	 3 1 2 1
     -2.43955987710489505997e-04 	 3 1 2 2
      1.71176935297693286805e-04 	 3 1 3 1
      1.30648672238399088212e-04 	 3 1 3 2
      1.26088113960228127841e-03 	 3 1 3 3
      6.30257347808216641938e-05 	 3 1 4 1
      7.07920135865052347745e-05 	 3 1 4 2
      9.05297712828794691811e-05 	 3 1 4 3
      1.00355395197226503375e-03 	 3 1 4 4
     -2.27295411814106847843e-04 	 3 1 5 1
      6.52259381661286861270e-06 	 3 1 5 2
     -6.48572066326834632734e-05 	 3 1 5 3
      1.18124547674950203599e-05 	 3 1 5 4
      2.79144162847351593338e-04 	 3 1 5 5
      5.87431266445950945736e-06 	 3 1 6 1
     -9.62535384164821630239e-05 	 3 1 6 2
      6.29470544819581894012e-05 	 3 1 6 3
      5.15124353753605913235e-05 	 3 1 6 4
     -5.11412986744245789744e-05 	 3 1 6 5
      2.43820049594221151951e-04 	 3 1 6 6
     -9.39453922474718681275e-06 	 3 1 7 1
     -2.35242846135109719933e-06 	 3 1 7 2
      5.24098080546632672959e-05 	 3 1 7 3
      8.84351200266864957700e-05 	 3 1 7 4
     -4.00309014422959183964e-05 	 3 1 7 5
      4.82695653367842118141e-06 	 3 1 7 6
      6.03490341971809414641e-04 	 3 1 7 7
      1.40296116615980205004e-04 	 3 1 8 1
      7.70975955719337678086e-06 	 3 1 8 2
     -2.57368378327964828552e-04 	 3 1 8 3
      1.24488004450905079664e-05 	 3 1 8 4
      1.11398163423606183465e-04 	 3 1 8 5
     -3.79372130590435789567e-05 	 3 1 8 6
      3.37896606807581528393e-06 	 3 1 8 7
      6.55639048259015451772e-04 	 3 1 8 8
     -4.70421747469977163643e-05 	 3 1 9 1
     -1.01922356032145298228e-05 	 3 1 9 2
     -1.78975407290341887888e-04 	 3 1 9 3
     -7.84680451355921173336e-06 	 3 1 9 4
     -8.98016025637300214406e-05 	 3 1 9 5
      2.89684776704124553046e-05 	 3 1 9 6
     -1.25014926934569176698e-05 	 3 1 9 7
      9.47335469419235845587e-05 	 3 1 9 8
     -5.76666688480514878952e-04 	 3 1 9 9
     -8.23576221392580717744e-04 	 3 2 1 1
     -7.13027482942547012222e-05 	 3 2 2 1
      1.34644827752439309558e-03 	 3 2 2 2
      1.30648672238399115317e-04 	 3 2 3 1
      1.42595620330921921126e-03 	 3 2 3 2
      1.95269333685799996447e-03 	 3 2 3 3
     -2.02838519614571373341e-05 	 3 2 4 1
      3.34268418154398265539e-05 	 3 2 4 2
      4.57408814003419650351e-04 	 3 2 4 3
      1.87551837052191594686e-03 	 3 2 4 4
      1.47925920625002451292e-04 	 3 2 5 1
     -9.49728145198054369940e-04 	 3 2 5 2
     -1.03891716671666217763e-05 	 3 2 5 3
     -1.72762504819973851953e-04 	 3 2 5 4
     -3.03636346643717559834e-03 	 3 2 5 5
     -8.34489556309842890223e-05 	 3 2 6 1
      5.39754956292820683647e-04 	 3 2 6 2
     -6.42287202935467867009e-04 	 3 2 6 3
      1.42597584862634634641e-05 	 3 2 6 4
     -6.92460165939892029544e-04 	 3 2 6 5
     -1.33824982321275416305e-03 	 3 2 6 6
      1.32898328644271817569e-04 	 3 2 7 1
     -1.09450629442993716380e-04 	 3 2 7 2
      2.57206090298485109957e-04 	 3 2 7 3
      1.62633182192134506921e-04 	 3 2 7 4
      1.98692231740252246621e-04 	 3 2 7 5
     -3.57118405289891943655e-05 	 3 2 7 6
      8.96142294176579526019e-04 	 3 2 7 7
      2.74404031038485052459e-04 	 3 2 8 1
      1.07972520266449092279e-04 	 3 2 8 2
     -4.03704638308781057782e-04 	 3 2 8 3
      2.90427671081063606007e-04 	 3 2 8 4
      1.21954208539693805631e-04 	 3 2 8 5
     -5.06592443050157261938e-04 	 3 2 8 6
     -3.65493847381357403296e-04 	 3 2 8 7
      5.71672296710250878865e-03 	 3 2 8 8
      9.14641860804360029655e-05 	 3 2 9 1
      2.30034845270042707759e-04 	 3 2 9 2
      2.71560192388811487939e-04 	 3 2 9 3
      5.48528448507064865318e-05 	 3 2 9 4
      2.56301530271417932899e-04 	 3 2 9 5
     -9.87502224272760890976e-05 	 3 2 9 6
     -1.57683010826069710435e-04 	 3 2 9 7
     -2.58574108484058129941e-04 	 3 2 9 8
     -2.89250982667860765188e-03 	 3 2 9 9
      1.17224707064993660666e-01 	 3 3 1 1
      1.80516378827014683855e-04 	 3 3 2 1
      1.77916347768844768096e-01 	 3 3 2 2
      1.26088113960228236261e-03 	 3 3 3 1
      1.95269333685800430128e-03 	 3 3 3 2
      4.49822833555532985983e-01 	 3 3 3 3
     -5.52174761380012533649e-04 	 3 3 4 1
      3.49802184745208943548e-03 	 3 3 4 2
     -3.07258062356989124653e-04 	 3 3 4 3
      1.03588904364691411497e-01 	 3 3 4 4
      2.17298242618048104841e-03 	 3 3 5 1
     -5.22746907375903728521e-03 	 3 3 5 2
      3.07061491504968461785e-03 	 3 3 5 3
     -3.32389273813899876597e-04 	 3 3 5 4
      1.47075983366991208667e-01 	 3 3 5 5
     -5.93564927774604847270e-04 	 3 3 6 1
      3.29876272446692981113e-03 	 3 3 6 2
     -2.66792321777425435469e-03 	 3 3 6 3
     -4.82108608370106390961e-03 	 3 3 6 4
     -1.34438831295986011699e-02 	 3 3 6 5
      1.82855378082228708925e-01 	 3 3 6 6
      1.08894138723255608746e-03 	 3 3 7 1
      3.36662515339988073146e-03 	 3 3 7 2
     -2.54397186402197778531e-04 	 3 3 7 3
      8.77323141510982784652e-04 	 3 3 7 4
     -8.87367983929079071417e-04 	 3 3 7 5
      7.74528233830029753243e-03 	 3 3 7 6
      1.15834255429577648311e-01 	 3 3 7 7
     -3.31218677750065451995e-03 	 3 3 8 1
     -7.41349093742948712753e-04 	 3 3 8 2
     -3.46739248633401529048e-03 	 3 3 8 3
     -2.23017254856220769471e-03 	 3 3 8 4
      2.71708160846583293702e-03 	 3 3 8 5
      7.19122534109932595899e-04 	 3 3 8 6
     -1.16411810889127339576e-03 	 3 3 8 7
      2.00962086965951941542e-01 	 3 3 8 8
     -2.45860852794570075922e-03 	 3 3 9 1
      2.34661788739148891025e-03 	 3 3 9 2
      1.28370888083622811636e-03 	 3 3 9 3
      1.36141185014883591168e-04 	 3 3 9 4
      1.01748329435288227540e-02 	 3 3 9 5
     -1.96618132267762056598e-02 	 3 3 9 6
     -2.69544860362788468375e-03 	 3 3 9 7
      4.48989748656590265813e-03 	 3 3 9 8
      1.99813417801109893812e-01 	 3 3 9 9
      5.31690327686199903229e-03 	 4 1 1 1
     -2.24849146928574289243e-04 	 4 1 2 1
      7.08080360229662976804e-04 	 4 1 2 2
      6.30257347808212982756e-05 	 4 1 3 1
     -2.02838519614616367732e-05 	 4 1 3 2
     -5.52174761380007221058e-04 	 4 1 3 3
      4.58086227765590586064e-03 	 4 1 4 1
      3.73358881093015942693e-04 	 4 1 4 2
     -1.28204111310553213482e-05 	 4 1 4 3
      1.28587963310142650714e-02 	 4 1 4 4
      1.09628694307504855510e-04 	 4 1 5 1
      6.44617254894399205507e-04 	 4 1 5 2
     -5.88601440745268607952e-05 	 4 1 5 3
      1.49312957542071400195e-04 	 4 1 5 4
      2.97996395306029211378e-03 	 4 1 5 5
      5.34373296518053588107e-04 	 4 1 6 1
     -4.38915824472369616067e-04 	 4 1 6 2
     -2.06814344813057517146e-05 	 4 1 6 3
      6.37235963865141882487e-04 	 4 1 6 4
     -4.66713665856450545238e-04 	 4 1 6 5
      3.94751352892180364107e-03 	 4 1 6 6
      1.05508525118539462674e-03 	 4 1 7 1
     -2.18154713581628924811e-04 	 4 1 7 2
      2.95287196319266257035e-05 	 4 1 7 3
      5.40320273870317432929e-04 	 4 1 7 4
     -1.06683236919029311718e-03 	 4 1 7 5
      1.89847862682663979421e-04 	 4 1 7 6
     -1.22640622600655156173e-03 	 4 1 7 7
      4.87411865989283415307e-04 	 4 1 8 1
      3.61028719510318675447e-04 	 4 1 8 2
      4.25494805734119658429e-05 	 4 1 8 3
      2.83019597480229810268e-04 	 4 1 8 4
     -2.39856482354949644958e-04 	 4 1 8 5
     -2.22463385396383915311e-04 	 4 1 8 6
      3.97201898633842815332e-04 	 4 1 8 7
      1.02329936661046147321e-03 	 4 1 8 8
     -2.86208928610983607925e-04 	 4 1 9 1
     -1.14908340386551076611e-04 	 4 1 9 2
      7.17528110897025224284e-05 	 4 1 9 3
      2.35654697497274961439e-04 	 4 1 9 4
     -1.17936364493283207810e-03 	 4 1 9 5
      9.96579154325074245344e-04 	 4 1 9 6
      6.33405333846937478558e-04 	 4 1 9 7
      5.04778587016120930918e-04 	 4 1 9 8
     -2.68633123757003615308e-04 	 4 1 9 9
      1.27617241213883489230e-03 	 4 2 1 1
     -1.85994017101843495858e-04 	 4 2 2 1
     -1.63333867806868412130e-03 	 4 2 2 2
      7.07920135865056549028e-05 	 4 2 3 1
      3.34268418154406464818e-05 	 4 2 3 2
      3.49802184745208856811e-03 	 4 2 3 3
      3.73358881093012798507e-04 	 4 2 4 1
      1.67186210177393355242e-03 	 4 2 4 2
      1.45588300429589777730e-04 	 4 2 4 3
      6.28037957649083596751e-03 	 4 2 4 4
      1.75526377097324604948e-05 	 4 2 5 1
      9.15048245827047531699e-04 	 4 2 5 2
      2.67981310088379061200e-06 	 4 2 5 3
      1.79134589518485822087e-04 	 4 2 5 4
      1.39912715344885996496e-03 	 4 2 5 5
      1.05476225070821766371e-05 	 4 2 6 1
     -1.04019640468509962615e-03 	 4 2 6 2
     -6.81683489033452092104e-05 	 4 2 6 3
      2.45148770075088160737e-04 	 4 2 6 4
     -7.95576173057635917078e-04 	 4 2 6 5
      2.36799490259986160703e-03 	 4 2 6 6
     -1.76302387033109290342e-04 	 4 2 7 1
     -5.81618823714744417365e-04 	 4 2 7 2
      4.41400710223670519655e-05 	 4 2 7 3
      1.74881134731233895416e-04 	 4 2 7 4
     -7.90407817296291865562e-04 	 4 2 7 5
      2.28555817131287543212e-04 	 4 2 7 6
     -2.85714182936123445983e-05 	 4 2 7 7
      1.43147240792350648230e-04 	 4 2 8 1
      3.86398056425931617826e-04 	 4 2 8 2
      2.53013539478111378479e-05 	 4 2 8 3
      7.71934604021646019790e-06 	 4 2 8 4
     -2.73466046296333615585e-04 	 4 2 8 5
     -1.09707961382449843604e-04 	 4 2 8 6
      1.33371842894151713824e-04 	 4 2 8 7
      4.92932082543286079028e-04 	 4 2 8 8
     -3.80449543954700715887e-04 	 4 2 9 1
     -2.90948807015260844499e-04 	 4 2 9 2
      1.19716754471111701719e-04 	 4 2 9 3
      1.19331836134150726819e-04 	 4 2 9 4
     -1.25455565126646184648e-03 	 4 2 9 5
      6.29908948121572342255e-04 	 4 2 9 6
      3.67305934817273728021e-04 	 4 2 9 7
      5.55474021557013689608e-04 	 4 2 9 8
     -1.35757018792028501947e-03 	 4 2 9 9
     -4.21964049344407941301e-04 	 4 3 1 1
      4.73067959164525340954e-05 	 4 3 2 1
     -5.15201627680190063317e-06 	 4 3 2 2
      9.05297712828803500954e-05 	 4 3 3 1
      4.57408814003419650351e-04 	 4 3 3 2
     -3.07258062356981426818e-04 	 4 3 3 3
     -1.28204111310542998264e-05 	 4 3 4 1
      1.45588300429589100103e-04 	 4 3 4 2
      7.26211611995643984731e-04 	 4 3 4 3
     -1.12128332541935448602e-03 	 4 3 4 4
      4.20189092528476727155e-05 	 4 3 5 1
      3.66517662028268035950e-05 	 4 3 5 2
     -5.50567815012212356893e-05 	 4 3 5 3
     -5.37809909357401174789e-05 	 4 3 5 4
     -1.94218825007688619374e-04 	 4 3 5 5
     -9.02215978359884562788e-06 	 4 3 6 1
      1.72576613159586456545e-07 	 4 3 6 2
     -4.62700590064884077855e-04 	 4 3 6 3
     -4.46914394428609210164e-05 	 4 3 6 4
     -6.60102444657302789245e-05 	 4 3 6 5
     -1.46930804126033396967e-04 	 4 3 6 6
      1.72408164875547900057e-05 	 4 3 7 1
      3.64488117065670875127e-05 	 4 3 7 2
      2.37931512567458945239e-04 	 4 3 7 3
     -3.32219257974396842334e-07 	 4 3 7 4
     -1.08899491179212600282e-05 	 4 3 7 5
      3.02877103447698284050e-05 	 4 3 7 6
     -3.41523180576214506650e-04 	 4 3 7 7
     -4.85064983621854606976e-06 	 4 3 8 1
     -1.42444100977659905677e-05 	 4 3 8 2
     -3.42003062792360027888e-04 	 4 3 8 3
     -5.18296998373590179165e-05 	 4 3 8 4
     -1.57143286978262127309e-05 	 4 3 8 5
      4.83012097329826465891e-05 	 4 3 8 6
      6.50820844198719850195e-06 	 4 3 8 7
     -1.74964203656602894235e-04 	 4 3 8 8
      1.10875441394896539306e-05 	 4 3 9 1
     -3.01649365964319596972e-05 	 4 3 9 2
     -2.88069317867938970456e-05 	 4 3 9 3
      4.67957480887977854433e-05 	 4 3 9 4
      7.20954643049239829282e-05 	 4 3 9 5
     -2.78404247845451669117e-06 	 4 3 9 6
      1.54656780293154848640e-05 	 4 3 9 7
     -3.35545171052490328093e-05 	 4 3 9 8
      4.08486702361220946518e-05 	 4 3 9 9
      3.29833616132024332046e-01 	 4 4 1 1
     -2.92895878884176725024e-03 	 4 4 2 1
      1.46165622309332721152e-01 	 4 4 2 2
      1.00355395197226763583e-03 	 4 4 3 1
      1.87551837052191746474e-03 	 4 4 3 2
      1.03588904364691522519e-01 	 4 4 3 3
      1.28587963310141679268e-02 	 4 4 4 1
      6.28037957649084550849e-03 	 4 4 4 2
     -1.12128332541934841449e-03 	 4 4 4 3
      6.83204138702862784349e-01 	 4 4 4 4
     -2.05421925723096622518e-02 	 4 4 5 1
     -4.71064634256943785134e-03 	 4 4 5 2
     -4.37179618526426958750e-04 	 4 4 5 3
     -1.15575494855145489981e-02 	 4 4 5 4
      1.84265571748218337511e-01 	 4 4 5 5
      7.34023651170621037332e-03 	 4 4 6 1
      2.85693024522783514674e-03 	 4 4 6 2
      6.94796577649473738950e-04 	 4 4 6 3
      2.12032659391256927961e-02 	 4 4 6 4
      1.51999525628860286675e-02 	 4 4 6 5
      1.59886897830327945336e-01 	 4 4 6 6
      1.24924690513977419346e-03 	 4 4 7 1
     -1.73216889293379664068e-03 	 4 4 7 2
      1.12851011823676293175e-03 	 4 4 7 3
      1.60557986544375280724e-02 	 4 4 7 4
      3.11297714634054846494e-03 	 4 4 7 5
     -7.06004814550758794112e-03 	 4 4 7 6
      2.12550867507222157604e-01 	 4 4 7 7
      1.10205523164086695298e-02 	 4 4 8 1
      6.36829926506289611954e-03 	 4 4 8 2
     -7.50673408202193279820e-04 	 4 4 8 3
      7.76031132322493790582e-03 	 4 4 8 4
      6.65157887768160101249e-03 	 4 4 8 5
      1.10714440134950854212e-03 	 4 4 8 6
      3.68500941235766043668e-04 	 4 4 8 7
      1.19175241788419095101e-01 	 4 4 8 8
      2.98276057436574039763e-03 	 4 4 9 1
      4.37438013062621186555e-03 	 4 4 9 2
      1.05090368395893457749e-03 	 4 4 9 3
      2.04374779691284709504e-02 	 4 4 9 4
      4.39071999661411974808e-03 	 4 4 9 5
      1.44743183447528975770e-03 	 4 4 9 6
     -3.77250867634435068862e-03 	 4 4 9 7
      2.36080681007351696199e-03 	 4 4 9 8
      1.46577948273681313296e-01 	 4 4 9 9
     -4.62248463580101215387e-02 	 5 1 1 1
      3.76511395668134650049e-04 	 5 1 2 1
      7.51534472308133284779e-03 	 5 1 2 2
     -2.27295411814106793633e-04 	 5 1 3 1
      1.47925920625003996280e-04 	 5 1 3 2
      2.17298242618046543589e-03 	 5 1 3 3
      1.09628694307495572029e-04 	 5 1 4 1
      1.75526377097329043401e-05 	 5 1 4 2
      4.20189092528467443674e-05 	 5 1 4 3
     -2.05421925723096795990e-02 	 5 1 4 4
      1.07585052381487661366e-02 	 5 1 5 1
      2.56358155290749029770e-03 	 5 1 5 2
     -3.34539395742398720443e-04 	 5 1 5 3
      2.41421058443146629643e-03 	 5 1 5 4
     -1.48348620896483502501e-02 	 5 1 5 5
     -7.94158909299133813735e-04 	 5 1 6 1
     -1.16471411277962923897e-03 	 5 1 6 2
     -2.91757282809746289285e-04 	 5 1 6 3
     -2.17617951626485105557e-03 	 5 1 6 4
     -8.51613670333962492764e-03 	 5 1 6 5
      3.29160099374471021294e-03 	 5 1 6 6
     -2.40981020611687814540e-04 	 5 1 7 1
     -2.41719959710337263482e-04 	 5 1 7 2
     -2.16536498196692723086e-04 	 5 1 7 3
     -2.40454736237245966443e-03 	 5 1 7 4
     -4.53326589342330742161e-03 	 5 1 7 5
      2.22793940397480192198e-03 	 5 1 7 6
     -1.97442628469865349983e-02 	 5 1 7 7
     -2.15839462404750995900e-03 	 5 1 8 1
     -1.12413715810159311158e-03 	 5 1 8 2
      1.69487378244930262218e-04 	 5 1 8 3
     -3.44833882655584374535e-04 	 5 1 8 4
     -5.50948225109455704679e-03 	 5 1 8 5
     -1.70633371220631300386e-03 	 5 1 8 6
      4.33773187700804479724e-04 	 5 1 8 7
      1.17919807866616460634e-02 	 5 1 8 8
     -7.62345600035362535793e-04 	 5 1 9 1
     -1.38422753580068965025e-03 	 5 1 9 2
      2.73746402320084369821e-04 	 5 1 9 3
     -2.06819040999888523538e-03 	 5 1 9 4
     -7.55504808161553461504e-03 	 5 1 9 5
      3.14889950871045324471e-03 	 5 1 9 6
      3.06762451731831331872e-03 	 5 1 9 7
     -1.74626853361328288538e-04 	 5 1 9 8
     -2.35948168695152742450e-03 	 5 1 9 9
     -7.10967489584766326738e-03 	 5 2 1 1
      9.14531703094590472242e-04 	 5 2 2 1
     -6.56005220401280602499e-03 	 5 2 2 2
      6.52259381661318032083e-06 	 5 2 3 1
     -9.49728145198057405706e-04 	 5 2 3 2
     -5.22746907375899651921e-03 	 5 2 3 3
      6.44617254894399747608e-04 	 5 2 4 1
      9.15048245827047098018e-04 	 5 2 4 2
      3.66517662028255025524e-05 	 5 2 4 3
     -4.71064634256945693330e-03 	 5 2 4 4
      2.56358155290749723659e-03 	 5 2 5 1
      1.17851974535831231783e-02 	 5 2 5 2
     -6.23932430909330138641e-04 	 5 2 5 3
      2.57345646439193376925e-03 	 5 2 5 4
      1.08999915173236074963e-03 	 5 2 5 5
     -4.98532413771273961133e-04 	 5 2 6 1
     -4.11072182984735783745e-03 	 5 2 6 2
     -1.68224260314421461115e-04 	 5 2 6 3
     -1.02517621434280244326e-03 	 5 2 6 4
     -4.25282965000746762674e-03 	 5 2 6 5
      5.66371054270482527510e-03 	 5 2 6 6
     -8.66160721492867987509e-04 	 5 2 7 1
     -6.89916349590153862338e-04 	 5 2 7 2
     -2.63790989126582621905e-05 	 5 2 7 3
     -1.12421023025776126159e-03 	 5 2 7 4
     -4.38728696013518642410e-03 	 5 2 7 5
      1.70426597546752657888e-03 	 5 2 7 6
     -5.11574865244166128442e-03 	 5 2 7 7
     -2.70200677442807371282e-04 	 5 2 8 1
      2.45334527014427120192e-05 	 5 2 8 2
      3.40186542850861347708e-04 	 5 2 8 3
     -6.06653031663301070889e-04 	 5 2 8 4
     -2.36014287694790705560e-03 	 5 2 8 5
     -6.92083074370120543070e-04 	 5 2 8 6
      1.05519309400307252991e-03 	 5 2 8 7
     -9.07862668243433965629e-06 	 5 2 8 8
     -1.52319989683950308967e-03 	 5 2 9 1
     -2.36548154529109657188e-03 	 5 2 9 2
      3.25717107074642581036e-05 	 5 2 9 3
     -2.23262593969596754087e-03 	 5 2 9 4
     -7.39817374468829374451e-03 	 5 2 9 5
      5.89614593820781632966e-03 	 5 2 9 6
      3.08888777033974881725e-03 	 5 2 9 7
      1.89994389305017555118e-03 	 5 2 9 8
     -5.29911969398292638511e-03 	 5 2 9 9
      8.48805355553343713823e-04 	 5 3 1 1
     -3.85463110104292903382e-05 	 5 3 2 1
      5.16161243828716122251e-04 	 5 3 2 2
     -6.48572066326851302343e-05 	 5 3 3 1
     -1.03891716671645329930e-05 	 5 3 3 2
      3.07061491504969849564e-03 	 5 3 3 3
     -5.88601440745284938748e-05 	 5 3 4 1
      2.67981310088282287686e-06 	 5 3 4 2
     -5.50567815012196568199e-05 	 5 3 4 3
     -4.37179618526419803016e-04 	 5 3 4 4
     -3.34539395742401918839e-04 	 5 3 5 1
     -6.23932430909329379699e-04 	 5 3 5 2
      6.21760000522434482136e-04 	 5 3 5 3
     -1.77968763177462253747e-04 	 5 3 5 4
      1.77250123918412704274e-03 	 5 3 5 5
     -4.96490997989751329925e-05 	 5 3 6 1
      1.06117133301136243101e-04 	 5 3 6 2
     -9.14553591525420141346e-04 	 5 3 6 3
     -1.59907699648567155481e-05 	 5 3 6 4
      4.52082043051539790059e-04 	 5 3 6 5
      3.87345059575546358643e-04 	 5 3 6 6
     -7.21123341822918803552e-06 	 5 3 7 1
      5.70654554284119120214e-05 	 5 3 7 2
     -8.71663984270373598702e-05 	 5 3 7 3
      3.96114583335573363179e-05 	 5 3 7 4
      3.64435037239953826642e-04 	 5 3 7 5
      8.30753155112999884047e-05 	 5 3 7 6
      5.73949232141571946166e-04 	 5 3 7 7
      1.08168713339505356114e-04 	 5 3 8 1
      3.77068908715906642398e-05 	 5 3 8 2
     -1.35800103737404717961e-05 	 5 3 8 3
      7.56665419830196554253e-06 	 5 3 8 4
      5.75878528839911469142e-04 	 5 3 8 5
      7.50661541698724953629e-05 	 5 3 8 6
     -1.67043269566147852424e-05 	 5 3 8 7
      1.96273045431233968822e-03 	 5 3 8 8
      1.07980374488848615403e-05 	 5 3 9 1
      1.12621111475236666192e-04 	 5 3 9 2
      7.86791724945307786518e-04 	 5 3 9 3
      1.67971426289848305147e-04 	 5 3 9 4
      4.61895609932844175560e-04 	 5 3 9 5
     -5.31023159474031786718e-04 	 5 3 9 6
     -2.53854738988707167701e-04 	 5 3 9 7
     -1.50792652821573751635e-04 	 5 3 9 8
      2.21987831069543530699e-03 	 5 3 9 9
     -3.78024034352267930201e-03 	 5 4 1 1
     -8.76956679273524036767e-05 	 5 4 2 1
      5.61118678606660828412e-03 	 5 4 2 2
      1.18124547674939141349e-05 	 5 4 3 1
     -1.72762504819976779298e-04 	 5 4 3 2
     -3.32389273813889197205e-04 	 5 4 3 3
      1.49312957542075113587e-04 	 5 4 4 1
      1.79134589518486553924e-04 	 5 4 4 2
     -5.37809909357404969496e-05 	 5 4 4 3
     -1.15575494855145351203e-02 	 5 4 4 4
      2.41421058443146586275e-03 	 5 4 5 1
      2.57345646439193550398e-03 	 5 4 5 2
     -1.77968763177462822953e-04 	 5 4 5 3
      2.53402484185805175823e-03 	 5 4 5 4
      2.28760981356072607557e-03 	 5 4 5 5
     -8.28819642701864880106e-04 	 5 4 6 1
     -1.56035857246903503746e-03 	 5 4 6 2
     -1.53200606404647941914e-04 	 5 4 6 3
     -1.34114134132657910128e-03 	 5 4 6 4
     -4.14357389011641569221e-03 	 5 4 6 5
      7.35729503096765533043e-03 	 5 4 6 6
     -9.05437997340276484563e-04 	 5 4 7 1
     -7.21893072724604368921e-04 	 5 4 7 2
     -5.78335755077991856433e-05 	 5 4 7 3
     -1.04405567381302306906e-03 	 5 4 7 4
     -3.35178905471929548462e-03 	 5 4 7 5
      1.14912427450471828390e-03 	 5 4 7 6
     -9.47103417335502448249e-04 	 5 4 7 7
     -2.66916065623191251736e-04 	 5 4 8 1
     -7.70205102363121088061e-05 	 5 4 8 2
      1.64709097896356248397e-04 	 5 4 8 3
     -5.05908327475799524456e-04 	 5 4 8 4
     -2.65106098155201783811e-03 	 5 4 8 5
     -7.66642528539073940183e-04 	 5 4 8 6
      5.49015590945036531176e-04 	 5 4 8 7
      7.91981273244180168647e-03 	 5 4 8 8
     -1.18334463563340703922e-03 	 5 4 9 1
     -1.38182336002443941977e-03 	 5 4 9 2
      1.80740589675508408216e-04 	 5 4 9 3
     -1.77024272446647768994e-03 	 5 4 9 4
     -5.50835872365651804672e-03 	 5 4 9 5
      3.53612330676905716256e-03 	 5 4 9 6
      1.96431638644214675085e-03 	 5 4 9 7
      7.76278438637923221509e-04 	 5 4 9 8
      4.88232828724895087744e-04 	 5 4 9 9
      2.44727592841278540625e-01 	 5 5 1 1
     -2.88530149190226138309e-03 	 5 5 2 1
      2.35855072977498109177e-01 	 5 5 2 2
      2.79144162847343678662e-04 	 5 5 3 1
     -3.03636346643718080252e-03 	 5 5 3 2
      1.47075983366991319690e-01 	 5 5 3 3
      2.97996395306025568459e-03 	 5 5 4 1
      1.39912715344884587033e-03 	 5 5 4 2
     -1.94218825007679999966e-04 	 5 5 4 3
      1.84265571748218531800e-01 	 5 5 4 4
     -1.48348620896482704529e-02 	 5 5 5 1
      1.08999915173234405291e-03 	 5 5 5 2
      1.77250123918412552486e-03 	 5 5 5 3
      2.28760981356067316650e-03 	 5 5 5 4
      3.58104803059716259028e-01 	 5 5 5 5
     -4.07820142347150964290e-03 	 5 5 6 1
     -1.42512950085280131265e-03 	 5 5 6 2
      1.05700284218850017355e-03 	 5 5 6 3
     -1.28427297763707604257e-03 	 5 5 6 4
      2.56390185217123221795e-02 	 5 5 6 5
      2.59200839070099775530e-01 	 5 5 6 6
     -4.54593114210048200585e-03 	 5 5 7 1
     -4.25282802525663028437e-03 	 5 5 7 2
      6.57300542765377983009e-04 	 5 5 7 3
     -3.28220272454996832290e-03 	 5 5 7 4
     -4.93451245975488677828e-04 	 5 5 7 5
      1.69377205154130428336e-03 	 5 5 7 6
      1.83996544709970039078e-01 	 5 5 7 7
     -7.83255373548603027987e-04 	 5 5 8 1
      8.07961298102359212758e-03 	 5 5 8 2
      2.76713988233077880924e-04 	 5 5 8 3
     -3.67476115008274518969e-03 	 5 5 8 4
      1.96902235518239543399e-02 	 5 5 8 5
     -1.05992697618045603821e-04 	 5 5 8 6
      6.80691284511764343329e-03 	 5 5 8 7
      2.14559938377339276538e-01 	 5 5 8 8
     -8.73574988633238173896e-03 	 5 5 9 1
     -2.70102113205160365705e-03 	 5 5 9 2
     -1.12234999355716093955e-03 	 5 5 9 3
     -1.70346944699070268828e-03 	 5 5 9 4
     -3.50040456681177582915e-03 	 5 5 9 5
      5.67119175879918831912e-03 	 5 5 9 6
      5.04525320603933444263e-03 	 5 5 9 7
      2.77135573500324368379e-03 	 5 5 9 8
      2.53986212651422238462e-01 	 5 5 9 9
      9.66038522015255640696e-03 	 6 1 1 1
      3.95020839773513852706e-04 	 6 1 2 1
     -5.30216511503988317811e-03 	 6 1 2 2
      5.87431266446992880964e-06 	 6 1 3 1
     -8.34489556309835029757e-05 	 6 1 3 2
     -5.93564927774607232515e-04 	 6 1 3 3
      5.34373296518050877602e-04 	 6 1 4 1
      1.05476225070856003443e-05 	 6 1 4 2
     -9.02215978360391935523e-06 	 6 1 4 3
      7.34023651170621471013e-03 	 6 1 4 4
     -7.94158909299160810369e-04 	 6 1 5 1
     -4.98532413771284369473e-04 	 6 1 5 2
     -4.96490997989678552855e-05 	 6 1 5 3
     -8.28819642701860001197e-04 	 6 1 5 4
     -4.07820142347153392903e-03 	 6 1 5 5
      2.22969799825098197871e-03 	 6 1 6 1
      4.00878573184911067128e-04 	 6 1 6 2
     -3.82766536099415020776e-06 	 6 1 6 3
      1.50949608166945194523e-03 	 6 1 6 4
      3.77208492790472938241e-03 	 6 1 6 5
      2.68796111933284178133e-03 	 6 1 6 6
      3.61866475850025718372e-05 	 6 1 7 1
      1.87509318475801838597e-04 	 6 1 7 2
      5.70193143540650876117e-05 	 6 1 7 3
      7.95595503983779583738e-04 	 6 1 7 4
      8.15664100189071356213e-04 	 6 1 7 5
     -2.00519207827907965797e-03 	 6 1 7 6
      3.23952045959004187800e-03 	 6 1 7 7
      8.43001121660685447286e-04 	 6 1 8 1
     -1.41525207641529453105e-05 	 6 1 8 2
     -4.20191204571543071127e-05 	 6 1 8 3
      1.44797840757866189436e-04 	 6 1 8 4
     -2.53105952356655881409e-04 	 6 1 8 5
     -6.46317147926671114674e-04 	 6 1 8 6
     -8.72053899394822093841e-05 	 6 1 8 7
     -8.89008012042748207993e-03 	 6 1 8 8
      1.00722063142748351032e-03 	 6 1 9 1
      5.49465803799949409694e-04 	 6 1 9 2
     -7.19634322620701748349e-05 	 6 1 9 3
      7.08689339844926699530e-04 	 6 1 9 4
      1.93794802049233058985e-03 	 6 1 9 5
     -1.87280086869997652171e-03 	 6 1 9 6
     -8.89203681566076665696e-04 	 6 1 9 7
      3.52393981952381818608e-04 	 6 1 9 8
     -4.88839082316300764519e-03 	 6 1 9 9
      4.86449857737120561901e-03 	 6 2 1 1
     -1.82568276187335647035e-04 	 6 2 2 1
      4.77574686001166256316e-03 	 6 2 2 2
     -9.62535384164844534010e-05 	 6 2 3 1
      5.39754956292824695195e-04 	 6 2 3 2
      3.29876272446690986181e-03 	 6 2 3 3
     -4.38915824472353840926e-04 	 6 2 4 1
     -1.04019640468509637354e-03 	 6 2 4 2
      1.72576613158026486554e-07 	 6 2 4 3
      2.85693024522783948355e-03 	 6 2 4 4
     -1.16471411277963509366e-03 	 6 2 5 1
     -4.11072182984735263328e-03 	 6 2 5 2
      1.06117133301135890735e-04 	 6 2 5 3
     -1.56035857246903265222e-03 	 6 2 5 4
     -1.42512950085287980889e-03 	 6 2 5 5
      4.00878573184894804095e-04 	 6 2 6 1
      7.19786539064190284548e-03 	 6 2 6 2
      2.17359146228132471068e-04 	 6 2 6 3
      5.92234401539022052401e-04 	 6 2 6 4
      3.22356338893839237947e-03 	 6 2 6 5
     -1.56719197468299566850e-03 	 6 2 6 6
      4.65904996196911424296e-04 	 6 2 7 1
      9.28463565670032981575e-04 	 6 2 7 2
      1.15014429677078775210e-05 	 6 2 7 3
      5.72390465126842843714e-04 	 6 2 7 4
      2.52696819189971279632e-03 	 6 2 7 5
     -1.08524362015636967500e-03 	 6 2 7 6
      4.13663254935230269294e-03 	 6 2 7 7
     -1.28976193338258725762e-04 	 6 2 8 1
      1.91990418432871098701e-04 	 6 2 8 2
     -3.39037395327440366135e-04 	 6 2 8 3
      2.95296416114336252208e-04 	 6 2 8 4
      1.31382953114337350589e-03 	 6 2 8 5
      8.75086518247286844485e-04 	 6 2 8 6
     -4.83675953648212678029e-04 	 6 2 8 7
      3.29292267123585530308e-04 	 6 2 8 8
      9.69818594303792054848e-04 	 6 2 9 1
      1.93976869067123453179e-03 	 6 2 9 2
      9.59245128494371781212e-05 	 6 2 9 3
      1.24929277266194976685e-03 	 6 2 9 4
      4.68033382863318990486e-03 	 6 2 9 5
     -3.01092647737468592853e-03 	 6 2 9 6
     -1.73585428794139360123e-03 	 6 2 9 7
     -7.87010288057769574407e-04 	 6 2 9 8
      5.00084190146413577055e-03 	 6 2 9 9
      1.29173701256880498790e-03 	 6 3 1 1
     -6.60695904189168757787e-05 	 6 3 2 1
      2.32790275359193670314e-04 	 6 3 2 2
      6.29470544819548419270e-05 	 6 3 3 1
     -6.42287202935467324907e-04 	 6 3 3 2
     -2.66792321777424091059e-03 	 6 3 3 3
     -2.06814344813076287396e-05 	 6 3 4 1
     -6.81683489033448432922e-05 	 6 3 4 2
     -4.62700590064884077855e-04 	 6 3 4 3
      6.94796577649474931572e-04 	 6 3 4 4
     -2.91757282809743632990e-04 	 6 3 5 1
     -1.68224260314421623745e-04 	 6 3 5 2
     -9.14553591525418515043e-04 	 6 3 5 3
     -1.53200606404647914809e-04 	 6 3 5 4
      1.05700284218849952303e-03 	 6 3 5 5
     -3.82766536100290937546e-06 	 6 3 6 1
      2.17359146228132145808e-04 	 6 3 6 2
      5.77963494244720151632e-03 	 6 3 6 3
      5.24354427621659966233e-05 	 6 3 6 4
      7.52260416997188445000e-04 	 6 3 6 5
     -1.00328297863817470989e-03 	 6 3 6 6
     -2.41084870933525403567e-05 	 6 3 7 1
     -3.31047569185854132943e-05 	 6 3 7 2
      7.34234610034951106459e-04 	 6 3 7 3
      7.37213154195368920328e-05 	 6 3 7 4
      4.69769421091585626625e-04 	 6 3 7 5
     -1.56258754001456560924e-04 	 6 3 7 6
      1.78590076416775835576e-03 	 6 3 7 7
     -2.43898189340746411602e-04 	 6 3 8 1
      3.34823930489832485521e-05 	 6 3 8 2
      4.39694983888787196795e-04 	 6 3 8 3
     -7.98620466536232410460e-05 	 6 3 8 4
      2.25298653427088285944e-04 	 6 3 8 5
      1.02753587329747171153e-04 	 6 3 8 6
     -1.09305280654343567283e-04 	 6 3 8 7
     -4.80544399955870268903e-03 	 6 3 8 8
      2.27092496834661004834e-04 	 6 3 9 1
      3.86797179224954732011e-04 	 6 3 9 2
     -1.72095225597688615722e-03 	 6 3 9 3
      3.62184204109181528877e-04 	 6 3 9 4
      6.08892199024325757838e-04 	 6 3 9 5
      1.39973107421784740908e-05 	 6 3 9 6
     -2.73297483451096574932e-04 	 6 3 9 7
     -9.40578304916625930563e-05 	 6 3 9 8
      4.58854119299760207507e-03 	 6 3 9 9
      9.81553398786230366091e-03 	 6 4 1 1
     -9.15710157156998101168e-06 	 6 4 2 1
     -6.40312304786492744735e-03 	 6 4 2 2
      5.15124353753547163030e-05 	 6 4 3 1
      1.42597584862642054649e-05 	 6 4 3 2
     -4.82108608370106651170e-03 	 6 4 3 3
      6.37235963865152399248e-04 	 6 4 4 1
      2.45148770075087889687e-04 	 6 4 4 2
     -4.46914394428598910243e-05 	 6 4 4 3
      2.12032659391256823878e-02 	 6 4 4 4
     -2.17617951626484498404e-03 	 6 4 5 1
     -1.02517621434279420332e-03 	 6 4 5 2
     -1.59907699648625160297e-05 	 6 4 5 3
     -1.34114134132657888444e-03 	 6 4 5 4
     -1.28427297763705847850e-03 	 6 4 5 5
      1.50949608166945498100e-03 	 6 4 6 1
      5.92234401539016306129e-04 	 6 4 6 2
      5.24354427621632861178e-05 	 6 4 6 3
      2.24886006182038007337e-03 	 6 4 6 4
      4.50179907701329928837e-03 	 6 4 6 5
      7.34272666988446684813e-04 	 6 4 6 6
      3.43144652920053831388e-04 	 6 4 7 1
      2.03727225813096231690e-04 	 6 4 7 2
      8.79086319990035586864e-05 	 6 4 7 3
      1.13530676668731258377e-03 	 6 4 7 4
      1.27193013636663142078e-03 	 6 4 7 5
     -2.03638644483610832536e-03 	 6 4 7 6
      3.67219907286736894567e-03 	 6 4 7 7
      5.81333728245426160398e-04 	 6 4 8 1
      2.78049606227941754812e-04 	 6 4 8 2
     -6.69841648124425506367e-05 	 6 4 8 3
      4.36933560475398919797e-04 	 6 4 8 4
      6.58940270967322042593e-04 	 6 4 8 5
     -4.31091740432159469844e-04 	 6 4 8 6
     -7.87517634255753659796e-05 	 6 4 8 7
     -9.13716314344845820239e-03 	 6 4 8 8
      6.90075946507683166305e-04 	 6 4 9 1
      7.59227679721575046158e-04 	 6 4 9 2
      2.67628745139533679831e-05 	 6 4 9 3
      1.24515117129060702908e-03 	 6 4 9 4
      2.66749995489605614893e-03 	 6 4 9 5
     -1.62591346581325395249e-03 	 6 4 9 6
     -1.00244657010642966577e-03 	 6 4 9 7
      2.95177829314165771166e-04 	 6 4 9 8
     -5.37592431173795817084e-03 	 6 4 9 9
      2.58128316883090638822e-02 	 6 5 1 1
     -1.18828687428046453920e-05 	 6 5 2 1
     -8.42647732556242243240e-03 	 6 5 2 2
     -5.11412986744167659425e-05 	 6 5 3 1
     -6.92460165939891595863e-04 	 6 5 3 2
     -1.34438831295985803532e-02 	 6 5 3 3
     -4.66713665856449894716e-04 	 6 5 4 1
     -7.95576173057631580270e-04 	 6 5 4 2
     -6.60102444657350765191e-05 	 6 5 4 3
      1.51999525628860512189e-02 	 6 5 4 4
     -8.51613670333965441794e-03 	 6 5 5 1
     -4.25282965000747369827e-03 	 6 5 5 2
      4.52082043051544506338e-04 	 6 5 5 3
     -4.14357389011640701859e-03 	 6 5 5 4
      2.56390185217123221795e-02 	 6 5 5 5
      3.77208492790474065812e-03 	 6 5 6 1
      3.22356338893840929302e-03 	 6 5 6 2
      7.52260416997202322788e-04 	 6 5 6 3
      4.50179907701329234948e-03 	 6 5 6 4
      2.46049381743906302178e-02 	 6 5 6 5
      1.31967567018260283074e-02 	 6 5 6 6
      3.09222173515364079453e-04 	 6 5 7 1
      9.12035100143608417310e-04 	 6 5 7 2
      3.92962655118088313548e-04 	 6 5 7 3
      1.69573645064065889158e-03 	 6 5 7 4
      6.81847330277700076212e-03 	 6 5 7 5
     -6.54248774667223753632e-03 	 6 5 7 6
      1.34621115612466746986e-02 	 6 5 7 7
      1.74030136507710475645e-04 	 6 5 8 1
      1.59445075226855980527e-03 	 6 5 8 2
     -5.67242838368644608851e-05 	 6 5 8 3
     -5.16802056998041204694e-05 	 6 5 8 4
      6.59689257157608684168e-03 	 6 5 8 5
     -9.76978337064729544488e-05 	 6 5 8 6
      4.80988643916449793228e-04 	 6 5 8 7
     -2.22207619319538182689e-02 	 6 5 8 8
      1.71697082600857811423e-03 	 6 5 9 1
      3.12717316988659482790e-03 	 6 5 9 2
     -7.77392363528165157745e-04 	 6 5 9 3
      3.26158642526471051135e-03 	 6 5 9 4
      1.13407181827721859069e-02 	 6 5 9 5
     -7.88977606678981091548e-03 	 6 5 9 6
     -4.13897736182970796964e-03 	 6 5 9 7
     -4.25141525381224068096e-04 	 6 5 9 8
      7.69992105734650014032e-03 	 6 5 9 9
      1.76083042053147648121e-01 	 6 6 1 1
     -1.82447378216365812750e-03 	 6 6 2 1
      2.27715548769381742611e-01 	 6 6 2 2
      2.43820049594220447219e-04 	 6 6 3 1
     -1.33824982321276717348e-03 	 6 6 3 2
      1.82855378082228681169e-01 	 6 6 3 3
      3.94751352892177068132e-03 	 6 6 4 1
      2.36799490259984512716e-03 	 6 6 4 2
     -1.46930804126024045723e-04 	 6 6 4 3
      1.59886897830327889825e-01 	 6 6 4 4
      3.29160099374475574943e-03 	 6 6 5 1
      5.66371054270482614246e-03 	 6 6 5 2
      3.87345059575542401305e-04 	 6 6 5 3
      7.35729503096763364639e-03 	 6 6 5 4
      2.59200839070099831041e-01 	 6 6 5 5
      2.68796111933289859353e-03 	 6 6 6 1
     -1.56719197468300867893e-03 	 6 6 6 2
     -1.00328297863819530973e-03 	 6 6 6 3
      7.34272666988416869253e-04 	 6 6 6 4
      1.31967567018260595324e-02 	 6 6 6 5
      2.95815204445363078012e-01 	 6 6 6 6
     -4.10365168922868870510e-03 	 6 6 7 1
     -3.30170638545291671856e-03 	 6 6 7 2
      1.43058062979009321253e-04 	 6 6 7 3
     -4.52522346356950232182e-03 	 6 6 7 4
     -1.26395941771917982160e-02 	 6 6 7 5
     -2.63204337728210847544e-03 	 6 6 7 6
      1.44531017371775039049e-01 	 6 6 7 7
     -2.09825007992031804804e-03 	 6 6 8 1
      6.84964197487550070093e-03 	 6 6 8 2
     -1.43091356144921716181e-04 	 6 6 8 3
     -3.51417377216234989509e-03 	 6 6 8 4
     -6.59374527481251609083e-04 	 6 6 8 5
     -9.89918022250895791869e-03 	 6 6 8 6
      6.10024899273763857727e-03 	 6 6 8 7
      2.17860797710210135625e-01 	 6 6 8 8
     -8.37989670222758810392e-03 	 6 6 9 1
     -1.64170551946399051642e-03 	 6 6 9 2
      5.39730254310907060951e-04 	 6 6 9 3
     -4.39565554599281871351e-03 	 6 6 9 4
     -1.54052952552776595274e-02 	 6 6 9 5
      5.57880123328411380024e-03 	 6 6 9 6
      8.34006475309631914450e-03 	 6 6 9 7
      4.82625121354694763820e-03 	 6 6 9 8
      2.09190445361202181918e-01 	 6 6 9 9
     -3.72115514334887169737e-03 	 7 1 1 1
      1.92902546650144696583e-04 	 7 1 2 1
     -1.90907645881482684533e-03 	 7 1 2 2
     -9.39453922474670908617e-06 	 7 1 3 1
      1.32898328644274907545e-04 	 7 1 3 2
      1.08894138723254871488e-03 	 7 1 3 3
      1.05508525118539983091e-03 	 7 1 4 1
     -1.76302387033107311673e-04 	 7 1 4 2
      1.72408164875532382413e-05 	 7 1 4 3
      1.24924690513977094085e-03 	 7 1 4 4
     -2.40981020611685347980e-04 	 7 1 5 1
     -8.66160721492882732658e-04 	 7 1 5 2
     -7.21123341822973691287e-06 	 7 1 5 3
     -9.05437997340281797154e-04 	 7 1 5 4
     -4.54593114210049154683e-03 	 7 1 5 5
      3.61866475850033985414e-05 	 7 1 6 1
      4.65904996196917170568e-04 	 7 1 6 2
     -2.41084870933509852042e-05 	 7 1 6 3
      3.43144652920059252399e-04 	 7 1 6 4
      3.09222173515368470471e-04 	 7 1 6 5
     -4.10365168922872773638e-03 	 7 1 6 6
      4.42447089785801776080e-03 	 7 1 7 1
      3.37942044844711858217e-04 	 7 1 7 2
     -1.13365376907046347822e-05 	 7 1 7 3
     -3.12140794186917269488e-04 	 7 1 7 4
      5.09389287863466527946e-04 	 7 1 7 5
      2.67210136994571161983e-04 	 7 1 7 6
     -9.37710983563400275742e-03 	 7 1 7 7
     -3.20757842530831904521e-04 	 7 1 8 1
     -4.04320450347436701876e-04 	 7 1 8 2
     -7.32692342392913674616e-05 	 7 1 8 3
      3.30343120721177118965e-04 	 7 1 8 4
      2.61464111517012247603e-04 	 7 1 8 5
      1.01922763354803444643e-04 	 7 1 8 6
      6.43425108189286075466e-05 	 7 1 8 7
     -2.16877550601248013720e-03 	 7 1 8 8
      5.25766664190869449121e-06 	 7 1 9 1
      3.04824821730622004014e-04 	 7 1 9 2
     -6.53188538898285894090e-06 	 7 1 9 3
      4.68614037332230903583e-04 	 7 1 9 4
      1.89852223656729324208e-03 	 7 1 9 5
     -1.12501873123529365188e-03 	 7 1 9 6
      6.79915821946234502290e-05 	 7 1 9 7
     -3.16611072368473147297e-04 	 7 1 9 8
     -2.52675082056455935914e-03 	 7 1 9 9
     -3.10166803054017555658e-03 	 7 2 1 1
      1.18612528386270740604e-04 	 7 2 2 1
     -2.88307465374637887298e-03 	 7 2 2 2
     -2.35242846135228558655e-06 	 7 2 3 1
     -1.09450629442994434664e-04 	 7 2 3 2
      3.36662515339988073146e-03 	 7 2 3 3
     -2.18154713581623720640e-04 	 7 2 4 1
     -5.81618823714746260509e-04 	 7 2 4 2
      3.64488117065672433668e-05 	 7 2 4 3
     -1.73216889293379772488e-03 	 7 2 4 4
     -2.41719959710336423225e-04 	 7 2 5 1
     -6.89916349590149417109e-04 	 7 2 5 2
      5.70654554284106109788e-05 	 7 2 5 3
     -7.21893072724601224735e-04 	 7 2 5 4
     -4.25282802525664763160e-03 	 7 2 5 5
      1.87509318475799887033e-04 	 7 2 6 1
      9.28463565670034391038e-04 	 7 2 6 2
     -3.31047569185853929655e-05 	 7 2 6 3
      2.03727225813096936421e-04 	 7 2 6 4
      9.12035100143595732144e-04 	 7 2 6 5
     -3.30170638545292365745e-03 	 7 2 6 6
      3.37942044844710774015e-04 	 7 2 7 1
      1.87835350846690630686e-03 	 7 2 7 2
      1.04426622937149691378e-04 	 7 2 7 3
      2.24028979646593322174e-05 	 7 2 7 4
      6.33674764963037010987e-04 	 7 2 7 5
      1.79551456527295421207e-04 	 7 2 7 6
     -7.44543729095445677019e-03 	 7 2 7 7
     -2.30357294213750899998e-04 	 7 2 8 1
     -2.58963393116696605559e-04 	 7 2 8 2
     -1.53322806293327358780e-04 	 7 2 8 3
      7.68560263767184879231e-05 	 7 2 8 4
      4.16419546871703966616e-04 	 7 2 8 5
      2.40492821601632215034e-04 	 7 2 8 6
      3.33714849693521824854e-05 	 7 2 8 7
     -2.92534312433250084581e-03 	 7 2 8 8
      3.85786925281561977451e-04 	 7 2 9 1
      7.16633233019382809292e-04 	 7 2 9 2
     -1.23627322942859371735e-04 	 7 2 9 3
      3.67741851594393027221e-04 	 7 2 9 4
      2.00194665801339821698e-03 	 7 2 9 5
     -1.36271461106822824871e-03 	 7 2 9 6
     -1.81474872801230070534e-04 	 7 2 9 7
     -1.40515953870340833337e-04 	 7 2 9 8
     -5.54890622375533971132e-04 	 7 2 9 9
      1.16260640600300037273e-03 	 7 3 1 1
     -2.94789262621066555485e-05 	 7 3 2 1
     -2.98406809878887019014e-04 	 7 3 2 2
      5.24098080546634028211e-05 	 7 3 3 1
      2.57206090298485652058e-04 	 7 3 3 2
     -2.54397186402191598578e-04 	 7 3 3 3
      2.95287196319262530090e-05 	 7 3 4 1
      4.41400710223671603858e-05 	 7 3 4 2
      2.37931512567459134974e-04 	 7 3 4 3
      1.12851011823676336543e-03 	 7 3 4 4
     -2.16536498196693617552e-04 	 7 3 5 1
     -2.63790989126599494802e-05 	 7 3 5 2
     -8.71663984270363976408e-05 	 7 3 5 3
     -5.78335755077995176802e-05 	 7 3 5 4
      6.57300542765394788143e-04 	 7 3 5 5
      5.70193143540604119898e-05 	 7 3 6 1
      1.15014429677103745741e-05 	 7 3 6 2
      7.34234610034949805417e-04 	 7 3 6 3
      8.79086319990057948534e-05 	 7 3 6 4
      3.92962655118081483074e-04 	 7 3 6 5
      1.43058062979010053089e-04 	 7 3 6 6
     -1.13365376907072012920e-05 	 7 3 7 1
      1.04426622937149623615e-04 	 7 3 7 2
      5.20193441017709505211e-04 	 7 3 7 3
      7.01664536029195811707e-05 	 7 3 7 4
      1.24363395460527878696e-04 	 7 3 7 5
     -1.23177008360084708953e-04 	 7 3 7 6
      1.26882280326376297580e-03 	 7 3 7 7
      1.28482616822551424173e-05 	 7 3 8 1
      1.31845645727138960590e-05 	 7 3 8 2
      2.91568556826736057647e-05 	 7 3 8 3
     -2.61972563531508009294e-05 	 7 3 8 4
      1.24177658958403414578e-04 	 7 3 8 5
     -1.46188130448308283596e-05 	 7 3 8 6
      4.61381531877176947809e-06 	 7 3 8 7
     -1.16590505167017645036e-03 	 7 3 8 8
      2.53080822214108209123e-05 	 7 3 9 1
      4.86595082415360518724e-05 	 7 3 9 2
     -2.28273501152303278251e-04 	 7 3 9 3
      1.28374445782466442990e-04 	 7 3 9 4
      9.66153444025557049451e-05 	 7 3 9 5
     -6.25026297653520147065e-05 	 7 3 9 6
     -9.48629286016901854218e-05 	 7 3 9 7
      4.85641646148116478787e-05 	 7 3 9 8
      8.95880565905829732640e-04 	 7 3 9 9
      1.43045926148648999687e-02 	 7 4 1 1
     -1.49472874649538473068e-04 	 7 4 2 1
     -5.28266866934731012945e-03 	 7 4 2 2
      8.84351200266861976144e-05 	 7 4 3 1
      1.62633182192134100345e-04 	 7 4 3 2
      8.77323141510989831966e-04 	 7 4 3 3
      5.40320273870315806626e-04 	 7 4 4 1
      1.74881134731234193572e-04 	 7 4 4 2
     -3.32219257974048500034e-07 	 7 4 4 3
      1.60557986544375246030e-02 	 7 4 4 4
     -2.40454736237246530228e-03 	 7 4 5 1
     -1.12421023025775714162e-03 	 7 4 5 2
      3.96114583335575057245e-05 	 7 4 5 3
     -1.04405567381302068382e-03 	 7 4 5 4
     -3.28220272454997612915e-03 	 7 4 5 5
      7.95595503983780559520e-04 	 7 4 6 1
      5.72390465126837964804e-04 	 7 4 6 2
      7.37213154195353063871e-05 	 7 4 6 3
      1.13530676668730737960e-03 	 7 4 6 4
      1.69573645064065845790e-03 	 7 4 6 5
     -4.52522346356948931140e-03 	 7 4 6 6
     -3.12140794186917432118e-04 	 7 4 7 1
      2.24028979646590577788e-05 	 7 4 7 2
      7.01664536029188493343e-05 	 7 4 7 3
      1.61450169817454482722e-03 	 7 4 7 4
      1.82098593498379352114e-03 	 7 4 7 5
     -1.41990279349226864933e-03 	 7 4 7 6
      1.58836159901094287061e-02 	 7 4 7 7
      9.96130608644543421096e-04 	 7 4 8 1
      1.66741578370621369417e-04 	 7 4 8 2
     -7.36926131133182923776e-05 	 7 4 8 3
      3.79437491790691821484e-04 	 7 4 8 4
      8.57408668683857133792e-04 	 7 4 8 5
      5.00152786400013269277e-04 	 7 4 8 6
     -6.12597775797203269316e-04 	 7 4 8 7
     -6.59037992896485593647e-03 	 7 4 8 8
      9.09848879349037047669e-04 	 7 4 9 1
      6.48279821500297452792e-04 	 7 4 9 2
      1.59907807959642413067e-05 	 7 4 9 3
      1.12170509102114458223e-03 	 7 4 9 4
      2.33587942337675933888e-03 	 7 4 9 5
     -1.30629983043871467085e-03 	 7 4 9 6
     -1.67021267898577290001e-03 	 7 4 9 7
      5.59615311779757855439e-05 	 7 4 9 8
     -2.90314237471435854926e-03 	 7 4 9 9
      1.08808849518534037776e-02 	 7 5 1 1
     -4.26735913705347994873e-05 	 7 5 2 1
     -7.46338389287362711372e-03 	 7 5 2 2
     -4.00309014422930384844e-05 	 7 5 3 1
      1.98692231740252788722e-04 	 7 5 3 2
     -8.87367983929092407104e-04 	 7 5 3 3
     -1.06683236919029485190e-03 	 7 5 4 1
     -7.90407817296289697158e-04 	 7 5 4 2
     -1.08899491179231794048e-05 	 7 5 4 3
      3.11297714634054673022e-03 	 7 5 4 4
     -4.53326589342329961535e-03 	 7 5 5 1
     -4.38728696013520463870e-03 	 7 5 5 2
      3.64435037239953989272e-04 	 7 5 5 3
     -3.35178905471929982143e-03 	 7 5 5 4
     -4.93451245975529877510e-04 	 7 5 5 5
      8.15664100189090221331e-04 	 7 5 6 1
      2.52696819189971149527e-03 	 7 5 6 2
      4.69769421091590126064e-04 	 7 5 6 3
      1.27193013636662773450e-03 	 7 5 6 4
      6.81847330277702504825e-03 	 7 5 6 5
     -1.26395941771917791341e-02 	 7 5 6 6
      5.09389287863476611026e-04 	 7 5 7 1
      6.33674764963036902567e-04 	 7 5 7 2
      1.24363395460530209730e-04 	 7 5 7 3
      1.82098593498379200326e-03 	 7 5 7 4
      6.52546894542645541937e-03 	 7 5 7 5
     -2.75005541757210834886e-03 	 7 5 7 6
      2.42294443700924039264e-02 	 7 5 7 7
      5.95323060446686425952e-04 	 7 5 8 1
      2.32950050739742455961e-04 	 7 5 8 2
     -1.44874699880127860577e-04 	 7 5 8 3
      5.01443554327563197591e-04 	 7 5 8 4
      4.64978646871184488065e-03 	 7 5 8 5
      1.64366908392240889877e-03 	 7 5 8 6
     -1.30592521533745261134e-03 	 7 5 8 7
     -1.21154480997028388828e-02 	 7 5 8 8
      2.08428280479544840095e-03 	 7 5 9 1
      2.08694568660777908520e-03 	 7 5 9 2
     -3.66106872261965504700e-04 	 7 5 9 3
      2.30684314513794272439e-03 	 7 5 9 4
      8.58572899588195929954e-03 	 7 5 9 5
     -5.46018371206628827519e-03 	 7 5 9 6
     -4.19328480228648749206e-03 	 7 5 9 7
     -1.45740879154636869541e-03 	 7 5 9 8
      2.78408102600278834632e-03 	 7 5 9 9
     -1.17553515837087851209e-02 	 7 6 1 1
      4.46783103624370498904e-07 	 7 6 2 1
      5.75104359538704170557e-03 	 7 6 2 2
      4.82695653368227687539e-06 	 7 6 3 1
     -3.57118405289895602837e-05 	 7 6 3 2
      7.74528233830029146090e-03 	 7 6 3 3
      1.89847862682651050310e-04 	 7 6 4 1
      2.28555817131289982667e-04 	 7 6 4 2
      3.02877103447696285053e-05 	 7 6 4 3
     -7.06004814550760095154e-03 	 7 6 4 4
      2.22793940397480972823e-03 	 7 6 5 1
      1.70426597546751161689e-03 	 7 6 5 2
      8.30753155113012081321e-05 	 7 6 5 3
      1.14912427450471069448e-03 	 7 6 5 4
      1.69377205154136304711e-03 	 7 6 5 5
     -2.00519207827907228539e-03 	 7 6 6 1
     -1.08524362015636447083e-03 	 7 6 6 2
     -1.56258754001456452503e-04 	 7 6 6 3
     -2.03638644483610182015e-03 	 7 6 6 4
     -6.54248774667217942308e-03 	 7 6 6 5
     -2.63204337728211367961e-03 	 7 6 6 6
      2.67210136994575553002e-04 	 7 6 7 1
      1.79551456527294960421e-04 	 7 6 7 2
     -1.23177008360085088424e-04 	 7 6 7 3
     -1.41990279349226951669e-03 	 7 6 7 4
     -2.75005541757210097628e-03 	 7 6 7 5
      4.51324966410839110292e-03 	 7 6 7 6
     -2.89749589506476078193e-02 	 7 6 7 7
     -5.83118476189654530960e-04 	 7 6 8 1
     -3.60340892469167045804e-04 	 7 6 8 2
     -6.83177362754693073051e-05 	 7 6 8 3
     -1.79518950838552572048e-04 	 7 6 8 4
     -5.13858342867770916812e-04 	 7 6 8 5
      7.28731419412356447654e-04 	 7 6 8 6
      5.95082639303999528721e-04 	 7 6 8 7
      1.11904898319096033493e-02 	 7 6 8 8
     -1.16462968472866431821e-03 	 7 6 9 1
     -1.13463515883593457981e-03 	 7 6 9 2
      1.13627639175796453031e-04 	 7 6 9 3
     -1.01107203079269804789e-03 	 7 6 9 4
     -3.47095689326878042644e-03 	 7 6 9 5
      2.46139705225478832087e-03 	 7 6 9 6
      2.36295244827512554778e-03 	 7 6 9 7
     -1.10488242945109616834e-04 	 7 6 9 8
      4.82518932902903981835e-03 	 7 6 9 9
      3.26096176929704939518e-01 	 7 7 1 1
     -3.34601496418270548394e-03 	 7 7 2 1
      1.50336720698815540231e-01 	 7 7 2 2
      6.03490341971808438859e-04 	 7 7 3 1
      8.96142294176577899716e-04 	 7 7 3 2
      1.15834255429577662189e-01 	 7 7 3 3
     -1.22640622600656500583e-03 	 7 7 4 1
     -2.85714182936061443171e-05 	 7 7 4 2
     -3.41523180576212446666e-04 	 7 7 4 3
      2.12550867507222407404e-01 	 7 7 4 4
     -1.97442628469865245899e-02 	 7 7 5 1
     -5.11574865244169077472e-03 	 7 7 5 2
      5.73949232141572813527e-04 	 7 7 5 3
     -9.47103417335525324915e-04 	 7 7 5 4
      1.83996544709969844789e-01 	 7 7 5 5
      3.23952045959006703149e-03 	 7 7 6 1
      4.13663254935231396864e-03 	 7 7 6 2
      1.78590076416776334309e-03 	 7 7 6 3
      3.67219907286736070573e-03 	 7 7 6 4
      1.34621115612466816375e-02 	 7 7 6 5
      1.44531017371775177827e-01 	 7 7 6 6
     -9.37710983563401316576e-03 	 7 7 7 1
     -7.44543729095446023963e-03 	 7 7 7 2
      1.26882280326376449368e-03 	 7 7 7 3
      1.58836159901094252367e-02 	 7 7 7 4
      2.42294443700924212737e-02 	 7 7 7 5
     -2.89749589506476147582e-02 	 7 7 7 6
      6.53071279349755728916e-01 	 7 7 7 7
      9.87279523241185730242e-03 	 7 7 8 1
      5.95905544364474463320e-03 	 7 7 8 2
      2.76076273745188183369e-04 	 7 7 8 3
      4.22326387901074537176e-04 	 7 7 8 4
      7.45666677827140200047e-03 	 7 7 8 5
      3.43518496536715598616e-03 	 7 7 8 6
     -9.33346358180575132180e-03 	 7 7 8 7
      1.23153324262639612963e-01 	 7 7 8 8
      6.23744545868036397163e-03 	 7 7 9 1
      3.39251723281528902443e-03 	 7 7 9 2
     -1.28277706647600504122e-06 	 7 7 9 3
      4.26580866906713616904e-03 	 7 7 9 4
      5.53316143186206865767e-03 	 7 7 9 5
     -1.87918608303864771020e-03 	 7 7 9 6
     -2.48364551150412719849e-02 	 7 7 9 7
     -1.79797794680034843688e-04 	 7 7 9 8
      1.76687989177879423153e-01 	 7 7 9 9
      2.48063285110791537091e-02 	 8 1 1 1
     -1.57020094366108796738e-04 	 8 1 2 1
     -2.71313594725402411692e-03 	 8 1 2 2
      1.40296116615985842855e-04 	 8 1 3 1
      2.74404031038484022467e-04 	 8 1 3 2
     -3.31218677750065408627e-03 	 8 1 3 3
      4.87411865989274362219e-04 	 8 1 4 1
      1.43147240792359267637e-04 	 8 1 4 2
     -4.85064983622039598972e-06 	 8 1 4 3
      1.10205523164086660604e-02 	 8 1 4 4
     -2.15839462404750952532e-03 	 8 1 5 1
     -2.70200677442815394378e-04 	 8 1 5 2
      1.08168713339509448977e-04 	 8 1 5 3
     -2.66916065623191414366e-04 	 8 1 5 4
     -7.83255373548595980673e-04 	 8 1 5 5
      8.43001121660667341109e-04 	 8 1 6 1
     -1.28976193338261246532e-04 	 8 1 6 2
     -2.43898189340740123229e-04 	 8 1 6 3
      5.81333728245426268819e-04 	 8 1 6 4
      1.74030136507683018225e-04 	 8 1 6 5
     -2.09825007992030026713e-03 	 8 1 6 6
     -3.20757842530839819197e-04 	 8 1 7 1
     -2.30357294213749192379e-04 	 8 1 7 2
      1.28482616822545393299e-05 	 8 1 7 3
      9.96130608644543204255e-04 	 8 1 7 4
      5.95323060446677101813e-04 	 8 1 7 5
     -5.83118476189655615162e-04 	 8 1 7 6
      9.87279523241183995519e-03 	 8 1 7 7
      2.80202989613663206586e-03 	 8 1 8 1
      9.39755481623613756490e-06 	 8 1 8 2
      1.41128128046797145408e-04 	 8 1 8 3
      4.25936994725495247406e-04 	 8 1 8 4
      1.42995776246522478432e-03 	 8 1 8 5
     -1.18579797417098556887e-03 	 8 1 8 6
     -4.97071108283990252541e-04 	 8 1 8 7
      6.56997586386989448903e-03 	 8 1 8 8
      8.12362406561140722866e-04 	 8 1 9 1
      3.80628939099257547398e-04 	 8 1 9 2
      8.86503395928503815093e-05 	 8 1 9 3
      4.86718114914689659392e-04 	 8 1 9 4
      1.36304325398066444224e-04 	 8 1 9 5
      3.01607141706668657657e-04 	 8 1 9 6
     -6.94549447152550264439e-04 	 8 1 9 7
     -7.52169837704756922073e-04 	 8 1 9 8
     -2.61567069739078970902e-03 	 8 1 9 9
      8.07139425953442950223e-03 	 8 2 1 1
     -1.08128773018836311925e-03 	 8 2 2 1
      3.48844178042693629435e-03 	 8 2 2 2
      7.70975955718617869488e-06 	 8 2 3 1
      1.07972520266451789232e-04 	 8 2 3 2
     -7.41349093742953157982e-04 	 8 2 3 3
      3.61028719510337920036e-04 	 8 2 4 1
      3.86398056425932268348e-04 	 8 2 4 2
     -1.42444100977663005818e-05 	 8 2 4 3
      6.36829926506286142507e-03 	 8 2 4 4
     -1.12413715810159137685e-03 	 8 2 5 1
      2.45334527014414584105e-05 	 8 2 5 2
      3.77068908715876216975e-05 	 8 2 5 3
     -7.70205102363072298963e-05 	 8 2 5 4
      8.07961298102356263728e-03 	 8 2 5 5
     -1.41525207641684544837e-05 	 8 2 6 1
      1.91990418432858034065e-04 	 8 2 6 2
      3.34823930489864537248e-05 	 8 2 6 3
      2.78049606227940670610e-04 	 8 2 6 4
      1.59445075226853248337e-03 	 8 2 6 5
      6.84964197487555707944e-03 	 8 2 6 6
     -4.04320450347443152879e-04 	 8 2 7 1
     -2.58963393116702948141e-04 	 8 2 7 2
      1.31845645727106519228e-05 	 8 2 7 3
      1.66741578370624296762e-04 	 8 2 7 4
      2.32950050739730367107e-04 	 8 2 7 5
     -3.60340892469163793198e-04 	 8 2 7 6
      5.95905544364474550056e-03 	 8 2 7 7
      9.39755481623134844061e-06 	 8 2 8 1
      6.46122965579081377091e-03 	 8 2 8 2
      7.48333410038721840926e-04 	 8 2 8 3
     -3.01190741262584524979e-04 	 8 2 8 4
      7.56097169774334301913e-04 	 8 2 8 5
      6.06879678358790311359e-04 	 8 2 8 6
      2.96136578376578142504e-04 	 8 2 8 7
      2.41548412460265400983e-03 	 8 2 8 8
     -3.32913854441212392950e-04 	 8 2 9 1
      9.60976919038658973331e-04 	 8 2 9 2
      8.16173522074075275673e-05 	 8 2 9 3
      3.40185542776265024099e-04 	 8 2 9 4
     -1.34134801143398881213e-04 	 8 2 9 5
      1.31660919403204444396e-04 	 8 2 9 6
     -2.69870620034142643436e-04 	 8 2 9 7
      6.83977854289420888860e-04 	 8 2 9 8
      6.46134352546293231484e-03 	 8 2 9 9
     -4.65440922294616833948e-04 	 8 3 1 1
     -4.56009837779723379626e-05 	 8 3 2 1
     -2.16345275722777810124e-04 	 8 3 2 2
     -2.57368378327964774342e-04 	 8 3 3 1
     -4.03704638308777967806e-04 	 8 3 3 2
     -3.46739248633399143804e-03 	 8 3 3 3
      4.25494805734116880161e-05 	 8 3 4 1
      2.53013539478065537056e-05 	 8 3 4 2
     -3.42003062792361112090e-04 	 8 3 4 3
     -7.50673408202193605081e-04 	 8 3 4 4
      1.69487378244925979620e-04 	 8 3 5 1
      3.40186542850857932471e-04 	 8 3 5 2
     -1.35800103737384677161e-05 	 8 3 5 3
      1.64709097896355435246e-04 	 8 3 5 4
      2.76713988233076688301e-04 	 8 3 5 5
     -4.20191204571458435594e-05 	 8 3 6 1
     -3.39037395327422314169e-04 	 8 3 6 2
      4.39694983888780691582e-04 	 8 3 6 3
     -6.69841648124382138280e-05 	 8 3 6 4
     -5.67242838368536934023e-05 	 8 3 6 5
     -1.43091356144962021397e-04 	 8 3 6 6
     -7.32692342392899444463e-05 	 8 3 7 1
     -1.53322806293325000640e-04 	 8 3 7 2
      2.91568556826750016750e-05 	 8 3 7 3
     -7.36926131133161375257e-05 	 8 3 7 4
     -1.44874699880125122967e-04 	 8 3 7 5
     -6.83177362754648078661e-05 	 8 3 7 6
      2.76076273745189267571e-04 	 8 3 7 7
      1.41128128046800940115e-04 	 8 3 8 1
      7.48333410038719672522e-04 	 8 3 8 2
      2.25226337424335723222e-03 	 8 3 8 3
     -1.48649683448323203280e-05 	 8 3 8 4
      2.56484915883934739590e-04 	 8 3 8 5
     -9.32282129064995442394e-04 	 8 3 8 6
     -1.82048984648311049876e-04 	 8 3 8 7
      1.23356596065796490433e-03 	 8 3 8 8
     -6.34318411777731305107e-05 	 8 3 9 1
     -4.89989080010395309638e-05 	 8 3 9 2
      4.14267394455776808392e-04 	 8 3 9 3
     -1.82145548306291359900e-04 	 8 3 9 4
     -5.86245713952008294136e-04 	 8 3 9 5
      6.90361584579182599800e-04 	 8 3 9 6
      2.19130970873463137545e-04 	 8 3 9 7
     -7.17658075338264170263e-05 	 8 3 9 8
     -9.57154256416554972096e-04 	 8 3 9 9
      2.22654236810559567547e-03 	 8 4 1 1
      4.50024289383313400091e-05 	 8 4 2 1
     -1.34427439595030261306e-03 	 8 4 2 2
      1.24488004450848277634e-05 	 8 4 3 1
      2.90427671081066370723e-04 	 8 4 3 2
     -2.23017254856221550097e-03 	 8 4 3 3
      2.83019597480236532322e-04 	 8 4 4 1
      7.71934604021328890655e-06 	 8 4 4 2
     -5.18296998373585774593e-05 	 8 4 4 3
      7.76031132322493096692e-03 	 8 4 4 4
     -3.44833882655583724014e-04 	 8 4 5 1
     -6.06653031663296950921e-04 	 8 4 5 2
      7.56665419829812340108e-06 	 8 4 5 3
     -5.05908327475799416036e-04 	 8 4 5 4
     -3.67476115008274865914e-03 	 8 4 5 5
      1.44797840757874483582e-04 	 8 4 6 1
      2.95296416114330614357e-04 	 8 4 6 2
     -7.98620466536248809018e-05 	 8 4 6 3
      4.36933560475395775611e-04 	 8 4 6 4
     -5.16802056997922620082e-05 	 8 4 6 5
     -3.51417377216234599197e-03 	 8 4 6 6
      3.30343120721175330032e-04 	 8 4 7 1
      7.68560263767155470247e-05 	 8 4 7 2
     -2.61972563531516073048e-05 	 8 4 7 3
      3.79437491790694911460e-04 	 8 4 7 4
      5.01443554327568076501e-04 	 8 4 7 5
     -1.79518950838548424975e-04 	 8 4 7 6
      4.22326387901083210794e-04 	 8 4 7 7
      4.25936994725500668417e-04 	 8 4 8 1
     -3.01190741262589241258e-04 	 8 4 8 2
     -1.48649683448332622286e-05 	 8 4 8 3
      6.65196693118970915071e-04 	 8 4 8 4
      5.39755956394310371094e-04 	 8 4 8 5
     -6.99828703418568180000e-04 	 8 4 8 6
     -5.33161089431450621254e-04 	 8 4 8 7
      1.01080976898176703484e-03 	 8 4 8 8
      4.02784796179642286783e-04 	 8 4 9 1
      2.40077286049916960526e-04 	 8 4 9 2
      7.48444130856239789795e-05 	 8 4 9 3
      4.56244792764487429228e-04 	 8 4 9 4
      7.88565066973470792100e-04 	 8 4 9 5
     -1.65718443016719257921e-04 	 8 4 9 6
     -2.97585179793970731627e-04 	 8 4 9 7
     -7.15962745489243904302e-04 	 8 4 9 8
     -2.76273200474464906626e-03 	 8 4 9 9
      1.43342959642041127555e-02 	 8 5 1 1
     -4.15054051408068273420e-04 	 8 5 2 1
     -6.58640962925947795817e-04 	 8 5 2 2
      1.11398163423610384749e-04 	 8 5 3 1
      1.21954208539693954708e-04 	 8 5 3 2
      2.71708160846582599812e-03 	 8 5 3 3
     -2.39856482354948154180e-04 	 8 5 4 1
     -2.73466046296326351431e-04 	 8 5 4 2
     -1.57143286978304106262e-05 	 8 5 4 3
      6.65157887768159667569e-03 	 8 5 4 4
     -5.50948225109456745513e-03 	 8 5 5 1
     -2.36014287694792483652e-03 	 8 5 5 2
      5.75878528839917432254e-04 	 8 5 5 3
     -2.65106098155201393499e-03 	 8 5 5 4
      1.96902235518239196455e-02 	 8 5 5 5
     -2.53105952356678215974e-04 	 8 5 6 1
      1.31382953114338326371e-03 	 8 5 6 2
      2.25298653427088665414e-04 	 8 5 6 3
      6.58940270967330607790e-04 	 8 5 6 4
      6.59689257157604520831e-03 	 8 5 6 5
     -6.59374527481270365781e-04 	 8 5 6 6
      2.61464111517000158749e-04 	 8 5 7 1
      4.16419546871707165012e-04 	 8 5 7 2
      1.24177658958402140641e-04 	 8 5 7 3
      8.57408668683856700111e-04 	 8 5 7 4
      4.64978646871182059452e-03 	 8 5 7 5
     -5.13858342867782517775e-04 	 8 5 7 6
      7.45666677827136990808e-03 	 8 5 7 7
      1.42995776246522023067e-03 	 8 5 8 1
      7.56097169774360431185e-04 	 8 5 8 2
      2.56484915883923192837e-04 	 8 5 8 3
      5.39755956394314924743e-04 	 8 5 8 4
      8.81913094207479979214e-03 	 8 5 8 5
     -1.05990263348774917292e-03 	 8 5 8 6
     -7.80977549417207340780e-04 	 8 5 8 7
      7.52673405306792872582e-03 	 8 5 8 8
      2.02943979719480996305e-04 	 8 5 9 1
      1.42803653489059312158e-03 	 8 5 9 2
     -3.83337224375741869326e-04 	 8 5 9 3
      1.47504396013642033979e-03 	 8 5 9 4
      6.42174399888606386305e-03 	 8 5 9 5
     -3.03399079983554835135e-03 	 8 5 9 6
     -2.03265675124968819842e-03 	 8 5 9 7
     -1.96640828139582439504e-03 	 8 5 9 8
      8.84357772273297419729e-03 	 8 5 9 9
      4.35747909556955925064e-03 	 8 6 1 1
     -5.68436939770200125701e-05 	 8 6 2 1
     -2.79951236156967056545e-03 	 8 6 2 2
     -3.79372130590312800383e-05 	 8 6 3 1
     -5.06592443050170055524e-04 	 8 6 3 2
      7.19122534109933246420e-04 	 8 6 3 3
     -2.22463385396411562466e-04 	 8 6 4 1
     -1.09707961382455373035e-04 	 8 6 4 2
      4.83012097329826669179e-05 	 8 6 4 3
      1.10714440134955407861e-03 	 8 6 4 4
     -1.70633371220633338686e-03 	 8 6 5 1
     -6.92083074370133553496e-04 	 8 6 5 2
      7.50661541698809656924e-05 	 8 6 5 3
     -7.66642528539076867529e-04 	 8 6 5 4
     -1.05992697618092482012e-04 	 8 6 5 5
     -6.46317147926650081152e-04 	 8 6 6 1
      8.75086518247323273678e-04 	 8 6 6 2
      1.02753587329733022315e-04 	 8 6 6 3
     -4.31091740432154319883e-04 	 8 6 6 4
     -9.76978337064446974297e-05 	 8 6 6 5
     -9.89918022250908455351e-03 	 8 6 6 6
      1.01922763354823651461e-04 	 8 6 7 1
      2.40492821601650185685e-04 	 8 6 7 2
     -1.46188130448262882630e-05 	 8 6 7 3
      5.00152786400012076655e-04 	 8 6 7 4
      1.64366908392242841441e-03 	 8 6 7 5
      7.28731419412301044923e-04 	 8 6 7 6
      3.43518496536717376708e-03 	 8 6 7 7
     -1.18579797417100942132e-03 	 8 6 8 1
      6.06879678358804514407e-04 	 8 6 8 2
     -9.32282129064982215128e-04 	 8 6 8 3
     -6.99828703418555061154e-04 	 8 6 8 4
     -1.05990263348773659617e-03 	 8 6 8 5
      6.48565719147201937000e-03 	 8 6 8 6
      6.91983682935013192858e-04 	 8 6 8 7
     -2.07321448691453295854e-02 	 8 6 8 8
      5.50117581927548606954e-04 	 8 6 9 1
      6.37181945747376717601e-05 	 8 6 9 2
     -1.48357736774404536844e-04 	 8 6 9 3
      8.21741743997486738353e-04 	 8 6 9 4
      2.01263619171440210492e-03 	 8 6 9 5
     -9.71315422876514560080e-04 	 8 6 9 6
     -1.10515695676181987736e-03 	 8 6 9 7
      1.51151868680226664048e-03 	 8 6 9 8
      4.13746237179673289480e-03 	 8 6 9 9
     -1.57849964928065975359e-03 	 8 7 1 1
     -4.59622014861496282039e-05 	 8 7 2 1
      2.40252273456846706864e-03 	 8 7 2 2
      3.37896606808040832009e-06 	 8 7 3 1
     -3.65493847381359409070e-04 	 8 7 3 2
     -1.16411810889127599784e-03 	 8 7 3 3
      3.97201898633831864890e-04 	 8 7 4 1
      1.33371842894156646944e-04 	 8 7 4 2
      6.50820844198759237227e-06 	 8 7 4 3
      3.68500941235782957222e-04 	 8 7 4 4
      4.33773187700807949171e-04 	 8 7 5 1
      1.05519309400306494050e-03 	 8 7 5 2
     -1.67043269566126507193e-05 	 8 7 5 3
      5.49015590945032411208e-04 	 8 7 5 4
      6.80691284511765297427e-03 	 8 7 5 5
     -8.72053899394904357681e-05 	 8 7 6 1
     -4.83675953648217285888e-04 	 8 7 6 2
     -1.09305280654340206256e-04 	 8 7 6 3
     -7.87517634255759758433e-05 	 8 7 6 4
      4.80988643916441065401e-04 	 8 7 6 5
      6.10024899273764378144e-03 	 8 7 6 6
      6.43425108189295833286e-05 	 8 7 7 1
      3.33714849693534970805e-05 	 8 7 7 2
      4.61381531877259448818e-06 	 8 7 7 3
     -6.12597775797206196662e-04 	 8 7 7 4
     -1.30592521533745759867e-03 	 8 7 7 5
      5.95082639303996926636e-04 	 8 7 7 6
     -9.33346358180575826069e-03 	 8 7 7 7
     -4.97071108283993505148e-04 	 8 7 8 1
      2.96136578376578955656e-04 	 8 7 8 2
     -1.82048984648310995665e-04 	 8 7 8 3
     -5.33161089431453548600e-04 	 8 7 8 4
     -7.80977549417202245030e-04 	 8 7 8 5
      6.91983682935041165274e-04 	 8 7 8 6
      1.08122025093355510900e-03 	 8 7 8 7
     -4.99287810559403293954e-04 	 8 7 8 8
     -6.96712290706459603205e-04 	 8 7 9 1
     -3.99197043875957290320e-04 	 8 7 9 2
     -5.99024546150057074404e-07 	 8 7 9 3
     -3.77892608628201392019e-04 	 8 7 9 4
     -1.50405641291184938649e-03 	 8 7 9 5
      8.72422685136672090150e-04 	 8 7 9 6
      1.13714555730258103268e-03 	 8 7 9 7
      9.96689328963818029980e-04 	 8 7 9 8
      2.27635215513360359557e-03 	 8 7 9 9
      1.39475437245003636155e-01 	 8 8 1 1
     -3.36427637001296192185e-03 	 8 8 2 1
      2.59553118716840169888e-01 	 8 8 2 2
      6.55639048259039954741e-04 	 8 8 3 1
      5.71672296710250271712e-03 	 8 8 3 2
      2.00962086965951886031e-01 	 8 8 3 3
      1.02329936661045757008e-03 	 8 8 4 1
      4.92932082543258865553e-04 	 8 8 4 2
     -1.74964203656600536096e-04 	 8 8 4 3
      1.19175241788419025712e-01 	 8 8 4 4
      1.17919807866616790232e-02 	 8 8 5 1
     -9.07862668237842023518e-06 	 8 8 5 2
      1.96273045431234966288e-03 	 8 8 5 3
      7.91981273244178954340e-03 	 8 8 5 4
      2.14559938377339415316e-01 	 8 8 5 5
     -8.89008012042744044656e-03 	 8 8 6 1
      3.29292267123723766085e-04 	 8 8 6 2
     -4.80544399955873044461e-03 	 8 8 6 3
     -9.13716314344842524264e-03 	 8 8 6 4
     -2.22207619319538217384e-02 	 8 8 6 5
      2.17860797710209469491e-01 	 8 8 6 6
     -2.16877550601245585107e-03 	 8 8 7 1
     -2.92534312433247178920e-03 	 8 8 7 2
     -1.16590505167015845260e-03 	 8 8 7 3
     -6.59037992896486200800e-03 	 8 8 7 4
     -1.21154480997027816369e-02 	 8 8 7 5
      1.11904898319095894715e-02 	 8 8 7 6
      1.23153324262639654596e-01 	 8 8 7 7
      6.56997586386990403001e-03 	 8 8 8 1
      2.41548412460266224977e-03 	 8 8 8 2
      1.23356596065794994234e-03 	 8 8 8 3
      1.01080976898178264735e-03 	 8 8 8 4
      7.52673405306794000152e-03 	 8 8 8 5
     -2.07321448691453573410e-02 	 8 8 8 6
     -4.99287810559422701173e-04 	 8 8 8 7
      4.19670180649488022695e-01 	 8 8 8 8
     -7.73838947151933489316e-03 	 8 8 9 1
      4.56185763710366442084e-04 	 8 8 9 2
      3.15880881492786209919e-03 	 8 8 9 3
     -5.95354334166190921063e-03 	 8 8 9 4
     -1.97842387311367058633e-02 	 8 8 9 5
      1.13358771142246812086e-02 	 8 8 9 6
      9.19666889944973676985e-03 	 8 8 9 7
     -1.03099666225781472911e-02 	 8 8 9 8
      2.13425355301280289533e-01 	 8 8 9 9
      9.72477467060584889469e-03 	 9 1 1 1
      1.78495090785656178268e-04 	 9 1 2 1
     -4.95684870031061139417e-03 	 9 1 2 2
     -4.70421747469979535335e-05 	 9 1 3 1
      9.14641860804314899740e-05 	 9 1 3 2
     -2.45860852794571160124e-03 	 9 1 3 3
     -2.86208928610987890524e-04 	 9 1 4 1
     -3.80449543954704347964e-04 	 9 1 4 2
      1.10875441394873262840e-05 	 9 1 4 3
      2.98276057436573519346e-03 	 9 1 4 4
     -7.62345600035372185192e-04 	 9 1 5 1
     -1.52319989683950308967e-03 	 9 1 5 2
      1.07980374488867843051e-05 	 9 1 5 3
     -1.18334463563340530450e-03 	 9 1 5 4
     -8.73574988633238520841e-03 	 9 1 5 5
      1.00722063142747635459e-03 	 9 1 6 1
      9.69818594303793139050e-04 	 9 1 6 2
      2.27092496834665910849e-04 	 9 1 6 3
      6.90075946507690105199e-04 	 9 1 6 4
      1.71697082600856792273e-03 	 9 1 6 5
     -8.37989670222761239005e-03 	 9 1 6 6
      5.25766664189868171474e-06 	 9 1 7 1
      3.85786925281570651069e-04 	 9 1 7 2
      2.53080822214086321792e-05 	 9 1 7 3
      9.09848879349039866594e-04 	 9 1 7 4
      2.08428280479544102838e-03 	 9 1 7 5
     -1.16462968472868014756e-03 	 9 1 7 6
      6.23744545868034488967e-03 	 9 1 7 7
      8.12362406561124459833e-04 	 9 1 8 1
     -3.32913854441212392950e-04 	 9 1 8 2
     -6.34318411777742147128e-05 	 9 1 8 3
      4.02784796179648954626e-04 	 9 1 8 4
      2.02943979719467985879e-04 	 9 1 8 5
      5.50117581927558798455e-04 	 9 1 8 6
     -6.96712290706467301041e-04 	 9 1 8 7
     -7.73838947151931234175e-03 	 9 1 8 8
      2.02652249919329152314e-03 	 9 1 9 1
      5.35338624002735553875e-04 	 9 1 9 2
     -1.74129131371482458006e-04 	 9 1 9 3
      1.08018052440523541075e-03 	 9 1 9 4
      3.40297100088744752799e-03 	 9 1 9 5
     -2.33446094354227600201e-03 	 9 1 9 6
     -1.68998880903448731386e-03 	 9 1 9 7
     -1.02621226946327990213e-03 	 9 1 9 8
      3.63703545937662912641e-04 	 9 1 9 9
      3.64417824105746791102e-03 	 9 2 1 1
     -3.95313403081019843453e-04 	 9 2 2 1
     -3.04665197153146036224e-03 	 9 2 2 2
     -1.01922356032149821384e-05 	 9 2 3 1
      2.30034845270046366941e-04 	 9 2 3 2
      2.34661788739150755853e-03 	 9 2 3 3
     -1.14908340386549992409e-04 	 9 2 4 1
     -2.90948807015252008251e-04 	 9 2 4 2
     -3.01649365964310008559e-05 	 9 2 4 3
      4.37438013062623875377e-03 	 9 2 4 4
     -1.38422753580069008393e-03 	 9 2 5 1
     -2.36548154529109830660e-03 	 9 2 5 2
      1.12621111475233725294e-04 	 9 2 5 3
     -1.38182336002443638401e-03 	 9 2 5 4
     -2.70102113205159541712e-03 	 9 2 5 5
      5.49465803799952553881e-04 	 9 2 6 1
      1.93976869067120157204e-03 	 9 2 6 2
      3.86797179224959502501e-04 	 9 2 6 3
      7.59227679721567673583e-04 	 9 2 6 4
      3.12717316988658528693e-03 	 9 2 6 5
     -1.64170551946393175266e-03 	 9 2 6 6
      3.04824821730630352370e-04 	 9 2 7 1
      7.16633233019377605122e-04 	 9 2 7 2
      4.86595082415363364755e-05 	 9 2 7 3
      6.48279821500295067548e-04 	 9 2 7 4
      2.08694568660778428937e-03 	 9 2 7 5
     -1.13463515883592265358e-03 	 9 2 7 6
      3.39251723281531200951e-03 	 9 2 7 7
      3.80628939099275599364e-04 	 9 2 8 1
      9.60976919038634036681e-04 	 9 2 8 2
     -4.89989080010415706192e-05 	 9 2 8 3
      2.40077286049900805913e-04 	 9 2 8 4
      1.42803653489060808357e-03 	 9 2 8 5
      6.37181945747808636642e-05 	 9 2 8 6
     -3.99197043875938370992e-04 	 9 2 8 7
      4.56185763710364002629e-04 	 9 2 8 8
      5.35338624002741625407e-04 	 9 2 9 1
      4.97428414857205812571e-03 	 9 2 9 2
     -3.26718427709563117960e-04 	 9 2 9 3
      8.59257380698287879205e-04 	 9 2 9 4
      3.53314778193525302896e-03 	 9 2 9 5
     -1.95647779576394028819e-03 	 9 2 9 6
     -1.16454486603049774465e-03 	 9 2 9 7
     -3.02227610827902979512e-04 	 9 2 9 8
      1.61890934782649154045e-03 	 9 2 9 9
     -4.31818403684848127391e-04 	 9 3 1 1
      1.78680456633374440656e-07 	 9 3 2 1
      8.82464977347832235481e-04 	 9 3 2 2
     -1.78975407290342240253e-04 	 9 3 3 1
      2.71560192388814144234e-04 	 9 3 3 2
      1.28370888083623353737e-03 	 9 3 3 3
      7.17528110897014788838e-05 	 9 3 4 1
      1.19716754471113043419e-04 	 9 3 4 2
     -2.88069317867917117006e-05 	 9 3 4 3
      1.05090368395894216691e-03 	 9 3 4 4
      2.73746402320085996124e-04 	 9 3 5 1
      3.25717107074687372138e-05 	 9 3 5 2
      7.86791724945308220199e-04 	 9 3 5 3
      1.80740589675507811905e-04 	 9 3 5 4
     -1.12234999355716028903e-03 	 9 3 5 5
     -7.19634322620710964067e-05 	 9 3 6 1
      9.59245128494330717055e-05 	 9 3 6 2
     -1.72095225597688333830e-03 	 9 3 6 3
      2.67628745139526158178e-05 	 9 3 6 4
     -7.77392363528178276591e-04 	 9 3 6 5
      5.39730254310953790065e-04 	 9 3 6 6
     -6.53188538897970374318e-06 	 9 3 7 1
     -1.23627322942859669891e-04 	 9 3 7 2
     -2.28273501152300161169e-04 	 9 3 7 3
      1.59907807959618154044e-05 	 9 3 7 4
     -3.66106872261968052575e-04 	 9 3 7 5
      1.13627639175798784065e-04 	 9 3 7 6
     -1.28277706645965370544e-06 	 9 3 7 7
      8.86503395928505034821e-05 	 9 3 8 1
      8.16173522074076495400e-05 	 9 3 8 2
      4.14267394455777838384e-04 	 9 3 8 3
      7.48444130856217834701e-05 	 9 3 8 4
     -3.83337224375753903970e-04 	 9 3 8 5
     -1.48357736774387298029e-04 	 9 3 8 6
     -5.99024546145226233748e-07 	 9 3 8 7
      3.15880881492788855372e-03 	 9 3 8 8
     -1.74129131371488556643e-04 	 9 3 9 1
     -3.26718427709555365914e-04 	 9 3 9 2
      2.45378942151279130779e-03 	 9 3 9 3
     -2.81822255477008837624e-04 	 9 3 9 4
     -3.07247704767282532167e-04 	 9 3 9 5
      1.02721805813051699115e-03 	 9 3 9 6
      3.82553870456857250237e-04 	 9 3 9 7
      4.31260747746748892596e-04 	 9 3 9 8
     -4.59350581188367346891e-03 	 9 3 9 9
      8.43113115684111964765e-03 	 9 4 1 1
     -1.92361797553619281228e-04 	 9 4 2 1
     -2.18953154159478137822e-03 	 9 4 2 2
     -7.84680451355983176148e-06 	 9 4 3 1
      5.48528448507098136773e-05 	 9 4 3 2
      1.36141185014884892211e-04 	 9 4 3 3
      2.35654697497271844358e-04 	 9 4 4 1
      1.19331836134155659939e-04 	 9 4 4 2
      4.67957480887976566943e-05 	 9 4 4 3
      2.04374779691285021754e-02 	 9 4 4 4
     -2.06819040999887699545e-03 	 9 4 5 1
     -2.23262593969597144400e-03 	 9 4 5 2
      1.67971426289845540431e-04 	 9 4 5 3
     -1.77024272446648094255e-03 	 9 4 5 4
     -1.70346944699069271362e-03 	 9 4 5 5
      7.08689339844935481567e-04 	 9 4 6 1
      1.24929277266193176910e-03 	 9 4 6 2
      3.62184204109180173624e-04 	 9 4 6 3
      1.24515117129059792178e-03 	 9 4 6 4
      3.26158642526472352177e-03 	 9 4 6 5
     -4.39565554599277187597e-03 	 9 4 6 6
      4.68614037332232963567e-04 	 9 4 7 1
      3.67741851594387931471e-04 	 9 4 7 2
      1.28374445782467472982e-04 	 9 4 7 3
      1.12170509102114479907e-03 	 9 4 7 4
      2.30684314513794749488e-03 	 9 4 7 5
     -1.01107203079268850691e-03 	 9 4 7 6
      4.26580866906715091419e-03 	 9 4 7 7
      4.86718114914705271903e-04 	 9 4 8 1
      3.40185542776254182078e-04 	 9 4 8 2
     -1.82145548306292281472e-04 	 9 4 8 3
      4.56244792764477617199e-04 	 9 4 8 4
      1.47504396013644050595e-03 	 9 4 8 5
      8.21741743997500832981e-04 	 9 4 8 6
     -3.77892608628190441577e-04 	 9 4 8 7
     -5.95354334166192482314e-03 	 9 4 8 8
      1.08018052440523562759e-03 	 9 4 9 1
      8.59257380698283976077e-04 	 9 4 9 2
     -2.81822255477009867616e-04 	 9 4 9 3
      2.54978146653076333597e-03 	 9 4 9 4
      3.72717915918740648126e-03 	 9 4 9 5
     -3.74115528111998267569e-03 	 9 4 9 6
     -2.16632930571613018661e-03 	 9 4 9 7
     -1.36798347012794777218e-03 	 9 4 9 8
      9.14145412963592897404e-03 	 9 4 9 9
      1.27747226878256407018e-02 	 9 5 1 1
      1.86951819053199266157e-04 	 9 5 2 1
     -1.12264396091846692383e-02 	 9 5 2 2
     -8.98016025637333011522e-05 	 9 5 3 1
      2.56301530271405735625e-04 	 9 5 3 2
      1.01748329435288019373e-02 	 9 5 3 3
     -1.17936364493284226961e-03 	 9 5 4 1
     -1.25455565126647398955e-03 	 9 5 4 2
      7.20954643049209471621e-05 	 9 5 4 3
      4.39071999661413796268e-03 	 9 5 4 4
     -7.55504808161551553308e-03 	 9 5 5 1
     -7.39817374468833277579e-03 	 9 5 5 2
      4.61895609932843904510e-04 	 9 5 5 3
     -5.50835872365653539395e-03 	 9 5 5 4
     -3.50040456681170123604e-03 	 9 5 5 5
      1.93794802049230933949e-03 	 9 5 6 1
      4.68033382863317862915e-03 	 9 5 6 2
      6.08892199024332696732e-04 	 9 5 6 3
      2.66749995489608520555e-03 	 9 5 6 4
      1.13407181827722015194e-02 	 9 5 6 5
     -1.54052952552776439149e-02 	 9 5 6 6
      1.89852223656727849693e-03 	 9 5 7 1
      2.00194665801341296213e-03 	 9 5 7 2
      9.66153444025524658911e-05 	 9 5 7 3
      2.33587942337676757881e-03 	 9 5 7 4
      8.58572899588195929954e-03 	 9 5 7 5
     -3.47095689326883810599e-03 	 9 5 7 6
      5.53316143186198799303e-03 	 9 5 7 7
      1.36304325398040342057e-04 	 9 5 8 1
     -1.34134801143390993642e-04 	 9 5 8 2
     -5.86245713952015233029e-04 	 9 5 8 3
      7.88565066973489440377e-04 	 9 5 8 4
      6.42174399888608381237e-03 	 9 5 8 5
      2.01263619171439646707e-03 	 9 5 8 6
     -1.50405641291187562418e-03 	 9 5 8 7
     -1.97842387311366503522e-02 	 9 5 8 8
      3.40297100088745143112e-03 	 9 5 9 1
      3.53314778193525779945e-03 	 9 5 9 2
     -3.07247704767259438661e-04 	 9 5 9 3
      3.72717915918741472120e-03 	 9 5 9 4
      1.87850614206373292547e-02 	 9 5 9 5
     -1.00858783816187413257e-02 	 9 5 9 6
     -5.33550140051263638297e-03 	 9 5 9 7
     -1.96485452886120334770e-03 	 9 5 9 8
      8.32431371185566974791e-03 	 9 5 9 9
     -1.46594264404671268884e-03 	 9 6 1 1
     -3.19971774793979845449e-05 	 9 6 2 1
      4.45838196688568347281e-03 	 9 6 2 2
      2.89684776704149557459e-05 	 9 6 3 1
     -9.87502224272909968775e-05 	 9 6 3 2
     -1.96618132267762299459e-02 	 9 6 3 3
      9.96579154325065354886e-04 	 9 6 4 1
      6.29908948121554886600e-04 	 9 6 4 2
     -2.78404247845508674434e-06 	 9 6 4 3
      1.44743183447524834118e-03 	 9 6 4 4
      3.14889950871045020894e-03 	 9 6 5 1
      5.89614593820779724770e-03 	 9 6 5 2
     -5.31023159474026690968e-04 	 9 6 5 3
      3.53612330676904892263e-03 	 9 6 5 4
      5.67119175879925684070e-03 	 9 6 5 5
     -1.87280086869997283543e-03 	 9 6 6 1
     -3.01092647737462694793e-03 	 9 6 6 2
      1.39973107421740017569e-05 	 9 6 6 3
     -1.62591346581323291896e-03 	 9 6 6 4
     -7.88977606678979703769e-03 	 9 6 6 5
      5.57880123328393338900e-03 	 9 6 6 6
     -1.12501873123530189182e-03 	 9 6 7 1
     -1.36271461106822087614e-03 	 9 6 7 2
     -6.25026297653500902476e-05 	 9 6 7 3
     -1.30629983043871271929e-03 	 9 6 7 4
     -5.46018371206630475506e-03 	 9 6 7 5
      2.46139705225476316738e-03 	 9 6 7 6
     -1.87918608303867308053e-03 	 9 6 7 7
      3.01607141706639926299e-04 	 9 6 8 1
      1.31660919403261337905e-04 	 9 6 8 2
      6.90361584579187587130e-04 	 9 6 8 3
     -1.65718443016684102665e-04 	 9 6 8 4
     -3.03399079983557523957e-03 	 9 6 8 5
     -9.71315422876606066743e-04 	 9 6 8 6
      8.72422685136630456787e-04 	 9 6 8 7
      1.13358771142246638614e-02 	 9 6 8 8
     -2.33446094354226776207e-03 	 9 6 9 1
     -1.95647779576392510936e-03 	 9 6 9 2
      1.02721805813051634063e-03 	 9 6 9 3
     -3.74115528111998744618e-03 	 9 6 9 4
     -1.00858783816187101007e-02 	 9 6 9 5
      1.23547732767294270173e-02 	 9 6 9 6
      5.03689188337781874882e-03 	 9 6 9 7
      2.79232343429495653495e-03 	 9 6 9 8
     -2.08807152294670471393e-02 	 9 6 9 9
     -1.09081900891196161008e-02 	 9 7 1 1
      2.14911786499599933740e-04 	 9 7 2 1
      5.74936792991670702485e-03 	 9 7 2 2
     -1.25014926934560028743e-05 	 9 7 3 1
     -1.57683010826072448046e-04 	 9 7 3 2
     -2.69544860362789032160e-03 	 9 7 3 3
      6.33405333846936828036e-04 	 9 7 4 1
      3.67305934817268686481e-04 	 9 7 4 2
      1.54656780293161489378e-05 	 9 7 4 3
     -3.77250867634436716849e-03 	 9 7 4 4
      3.06762451731829944093e-03 	 9 7 5 1
      3.08888777033974578148e-03 	 9 7 5 2
     -2.53854738988705270347e-04 	 9 7 5 3
      1.96431638644215152134e-03 	 9 7 5 4
      5.04525320603931275859e-03 	 9 7 5 5
     -8.89203681566085447734e-04 	 9 7 6 1
     -1.73585428794138189185e-03 	 9 7 6 2
     -2.73297483451094948628e-04 	 9 7 6 3
     -1.00244657010642207635e-03 	 9 7 6 4
     -4.13897736182971924535e-03 	 9 7 6 5
      8.34006475309630353199e-03 	 9 7 6 6
      6.79915821946189101324e-05 	 9 7 7 1
     -1.81474872801226736613e-04 	 9 7 7 2
     -9.48629286016914864644e-05 	 9 7 7 3
     -1.67021267898577094844e-03 	 9 7 7 4
     -4.19328480228649703304e-03 	 9 7 7 5
      2.36295244827512381305e-03 	 9 7 7 6
     -2.48364551150412858627e-02 	 9 7 7 7
     -6.94549447152560889621e-04 	 9 7 8 1
     -2.69870620034135379282e-04 	 9 7 8 2
      2.19130970873467203304e-04 	 9 7 8 3
     -2.97585179793965093776e-04 	 9 7 8 4
     -2.03265675124969860676e-03 	 9 7 8 5
     -1.10515695676182074472e-03 	 9 7 8 6
      1.13714555730257127486e-03 	 9 7 8 7
      9.19666889944976799487e-03 	 9 7 8 8
     -1.68998880903449620432e-03 	 9 7 9 1
     -1.16454486603049882885e-03 	 9 7 9 2
      3.82553870456857792338e-04 	 9 7 9 3
     -2.16632930571613062029e-03 	 9 7 9 4
     -5.33550140051264071978e-03 	 9 7 9 5
      5.03689188337780226895e-03 	 9 7 9 6
      3.94030055284322767301e-03 	 9 7 9 7
      1.50676490857027788745e-03 	 9 7 9 8
     -7.63821342717747094747e-03 	 9 7 9 9
      1.80226385997018156634e-03 	 9 8 1 1
      2.36701905349755392606e-04 	 9 8 2 1
     -2.35478038587109625435e-03 	 9 8 2 2
      9.47335469419294121454e-05 	 9 8 3 1
     -2.58574108484063876212e-04 	 9 8 3 2
      4.48989748656591653592e-03 	 9 8 3 3
      5.04778587016121473019e-04 	 9 8 4 1
      5.55474021557002956007e-04 	 9 8 4 2
     -3.35545171052497646458e-05 	 9 8 4 3
      2.36080681007350308420e-03 	 9 8 4 4
     -1.74626853361329562476e-04 	 9 8 5 1
      1.89994389305018053851e-03 	 9 8 5 2
     -1.50792652821568439045e-04 	 9 8 5 3
      7.76278438637924522552e-04 	 9 8 5 4
      2.77135573500329876126e-03 	 9 8 5 5
      3.52393981952383987012e-04 	 9 8 6 1
     -7.87010288057709618027e-04 	 9 8 6 2
     -9.40578304916699656311e-05 	 9 8 6 3
      2.95177829314183660502e-04 	 9 8 6 4
     -4.25141525381205257188e-04 	 9 8 6 5
      4.82625121354687738190e-03 	 9 8 6 6
     -3.16611072368479110409e-04 	 9 8 7 1
     -1.40515953870328636063e-04 	 9 8 7 2
      4.85641646148138433881e-05 	 9 8 7 3
      5.59615311779800478137e-05 	 9 8 7 4
     -1.45740879154637888691e-03 	 9 8 7 5
     -1.10488242945146682996e-04 	 9 8 7 6
     -1.79797794680048802791e-04 	 9 8 7 7
     -7.52169837704776871393e-04 	 9 8 8 1
      6.83977854289471087421e-04 	 9 8 8 2
     -7.17658075338229611319e-05 	 9 8 8 3
     -7.15962745489216257147e-04 	 9 8 8 4
     -1.96640828139582786449e-03 	 9 8 8 5
      1.51151868680216537599e-03 	 9 8 8 6
      9.96689328963786371277e-04 	 9 8 8 7
     -1.03099666225781368828e-02 	 9 8 8 8
     -1.02621226946327881793e-03 	 9 8 9 1
     -3.02227610827897341661e-04 	 9 8 9 2
      4.31260747746749217857e-04 	 9 8 9 3
     -1.36798347012795818052e-03 	 9 8 9 4
     -1.96485452886118036261e-03 	 9 8 9 5
      2.79232343429500423984e-03 	 9 8 9 6
      1.50676490857028460950e-03 	 9 8 9 7
      4.46314069401645106827e-03 	 9 8 9 8
     -1.45739856648805839873e-02 	 9 8 9 9
      1.90954485829606057656e-01 	 9 9 1 1
     -3.40654527304597339044e-03 	 9 9 2 1
      2.40157647279756858438e-01 	 9 9 2 2
     -5.76666688480516613675e-04 	 9 9 3 1
     -2.89250982667862499911e-03 	 9 9 3 2
      1.99813417801109838301e-01 	 9 9 3 3
     -2.68633123756980521802e-04 	 9 9 4 1
     -1.35757018792030496879e-03 	 9 9 4 2
      4.08486702361114830230e-05 	 9 9 4 3
      1.46577948273681535341e-01 	 9 9 4 4
     -2.35948168695147451543e-03 	 9 9 5 1
     -5.29911969398301485601e-03 	 9 9 5 2
      2.21987831069543053650e-03 	 9 9 5 3
      4.88232828724839088702e-04 	 9 9 5 4
      2.53986212651422127440e-01 	 9 9 5 5
     -4.88839082316298596115e-03 	 9 9 6 1
      5.00084190146417306710e-03 	 9 9 6 2
      4.58854119299758819728e-03 	 9 9 6 3
     -5.37592431173792954791e-03 	 9 9 6 4
      7.69992105734664932654e-03 	 9 9 6 5
      2.09190445361202181918e-01 	 9 9 6 6
     -2.52675082056453767509e-03 	 9 9 7 1
     -5.54890622375545680516e-04 	 9 9 7 2
      8.95880565905816505373e-04 	 9 9 7 3
     -2.90314237471435898294e-03 	 9 9 7 4
      2.78408102600284038802e-03 	 9 9 7 5
      4.82518932902905282878e-03 	 9 9 7 6
      1.76687989177879728464e-01 	 9 9 7 7
     -2.61567069739079881632e-03 	 9 9 8 1
      6.46134352546298956071e-03 	 9 9 8 2
     -9.57154256416582077151e-04 	 9 9 8 3
     -2.76273200474461870860e-03 	 9 9 8 4
      8.84357772273309389321e-03 	 9 9 8 5
      4.13746237179661493361e-03 	 9 9 8 6
      2.27635215513356760006e-03 	 9 9 8 7
      2.13425355301280261777e-01 	 9 9 8 8
      3.63703545937725200056e-04 	 9 9 9 1
      1.61890934782645988174e-03 	 9 9 9 2
     -4.59350581188368214253e-03 	 9 9 9 3
      9.14145412963589948374e-03 	 9 9 9 4
      8.32431371185587791472e-03 	 9 9 9 5
     -2.08807152294669222392e-02 	 9 9 9 6
     -7.63821342717743972245e-03 	 9 9 9 7
     -1.45739856648805770484e-02 	 9 9 9 8
      3.93023923030354715991e-01 	 9 9 9 9
 # Printing T + V integrals in spatial MO basis
     -2.76412246567743347114e+00 	 1 1 0 0
      3.18428064445676825556e-02 	 1 2 0 0
     -7.45986016396831767145e-03 	 1 3 0 0
     -1.79093240491240979217e-01 	 1 4 0 0
      1.84679141342576819129e-01 	 1 5 0 0
     -4.97792824515837055432e-03 	 1 6 0 0
      1.81557806575028346519e-01 	 1 7 0 0
     -4.84788225251497270629e-02 	 1 8 0 0
      1.91455486156027962497e-02 	 1 9 0 0
      3.18428064445695144236e-02 	 2 1 0 0
     -2.57812404679294138177e+00 	 2 2 0 0
     -1.18205222819877317497e-02 	 2 3 0 0
      3.04990759441699146176e-03 	 2 4 0 0
      7.46986280029396099156e-02 	 2 5 0 0
     -1.22324172097351260846e-01 	 2 6 0 0
     -5.48587310966961328590e-03 	 2 7 0 0
     -1.59587953211037109069e-01 	 2 8 0 0
     -9.57795112678377774662e-02 	 2 9 0 0
     -7.45986016396890140590e-03 	 3 1 0 0
     -1.18205222819857298788e-02 	 3 2 0 0
     -2.18142311708381875235e+00 	 3 3 0 0
      1.36134337024551273568e-03 	 3 4 0 0
     -2.17009125528896083812e-02 	 3 5 0 0
      5.02040851127576355506e-03 	 3 6 0 0
     -2.93875014246550506081e-03 	 3 7 0 0
      4.19750736861662226973e-02 	 3 8 0 0
     -3.30819914386369512416e-02 	 3 9 0 0
     -1.79093240491235289324e-01 	 4 1 0 0
      3.04990759441216329265e-03 	 4 2 0 0
      1.36134337024590261478e-03 	 4 3 0 0
     -2.52245852870186482164e+00 	 4 4 0 0
     -3.65371545741229215853e-03 	 4 5 0 0
     -3.60617246435343402622e-02 	 4 6 0 0
     -4.94244918648008776940e-02 	 4 7 0 0
     -1.82959406425516508954e-02 	 4 8 0 0
     -3.85243824400737788771e-02 	 4 9 0 0
      1.84679141342566049966e-01 	 5 1 0 0
      7.46986280029552918158e-02 	 5 2 0 0
     -2.17009125528928523141e-02 	 5 3 0 0
     -3.65371545742135608870e-03 	 5 4 0 0
     -2.31772225702061707153e+00 	 5 5 0 0
      1.17635173066623511390e-02 	 5 6 0 0
     -9.24776991314199547922e-03 	 5 7 0 0
     -1.12875033040842606691e-01 	 5 8 0 0
      1.21643035001454499766e-01 	 5 9 0 0
     -4.97792824517274707513e-03 	 6 1 0 0
     -1.22324172097374478385e-01 	 6 2 0 0
      5.02040851127812624843e-03 	 6 3 0 0
     -3.60617246435441241026e-02 	 6 4 0 0
      1.17635173066460846369e-02 	 6 5 0 0
     -2.00891307212378000813e+00 	 6 6 0 0
      3.81732822795854062625e-02 	 6 7 0 0
      9.45895922072222256061e-02 	 6 8 0 0
      1.01884858966373156863e-01 	 6 9 0 0
      1.81557806575028818363e-01 	 7 1 0 0
     -5.48587310965946602093e-03 	 7 2 0 0
     -2.93875014246467976611e-03 	 7 3 0 0
     -4.94244918648024667007e-02 	 7 4 0 0
     -9.24776991316850725811e-03 	 7 5 0 0
      3.81732822795866691412e-02 	 7 6 0 0
     -2.53863458843468459136e+00 	 7 7 0 0
      2.11111643439083895846e-02 	 7 8 0 0
      4.61882826184852254836e-02 	 7 9 0 0
     -4.84788225251494911405e-02 	 8 1 0 0
     -1.59587953211033556356e-01 	 8 2 0 0
      4.19750736861500134411e-02 	 8 3 0 0
     -1.82959406425447813904e-02 	 8 4 0 0
     -1.12875033040850905608e-01 	 8 5 0 0
      9.45895922072278044768e-02 	 8 6 0 0
      2.11111643438982483911e-02 	 8 7 0 0
     -2.09636800763222863608e+00 	 8 8 0 0
      5.44530703121055142946e-02 	 8 9 0 0
      1.91455486155759878331e-02 	 9 1 0 0
     -9.57795112678339055634e-02 	 9 2 0 0
     -3.30819914386249400162e-02 	 9 3 0 0
     -3.85243824400791148865e-02 	 9 4 0 0
      1.21643035001481977786e-01 	 9 5 0 0
      1.01884858966415886572e-01 	 9 6 0 0
      4.61882826184982497875e-02 	 9 7 0 0
      5.44530703120805342765e-02 	 9 8 0 0
     -2.25855883472293239578e+00 	 9 9 0 0
 # Printing -1/2 \lambda \lambda q integrals in spatial MO basis
      0.00000000000000000000e+00 	 1 1 0 0
      0.00000000000000000000e+00 	 1 2 0 0
      0.00000000000000000000e+00 	 1 3 0 0
      0.00000000000000000000e+00 	 1 4 0 0
      0.00000000000000000000e+00 	 1 5 0 0
      0.00000000000000000000e+00 	 1 6 0 0
      0.00000000000000000000e+00 	 1 7 0 0
      0.00000000000000000000e+00 	 1 8 0 0
      0.00000000000000000000e+00 	 1 9 0 0
      0.00000000000000000000e+00 	 2 1 0 0
      0.00000000000000000000e+00 	 2 2 0 0
      0.00000000000000000000e+00 	 2 3 0 0
      0.00000000000000000000e+00 	 2 4 0 0
      0.00000000000000000000e+00 	 2 5 0 0
      0.00000000000000000000e+00 	 2 6 0 0
      0.00000000000000000000e+00 	 2 7 0 0
      0.00000000000000000000e+00 	 2 8 0 0
      0.00000000000000000000e+00 	 2 9 0 0
      0.00000000000000000000e+00 	 3 1 0 0
      0.00000000000000000000e+00 	 3 2 0 0
      0.00000000000000000000e+00 	 3 3 0 0
      0.00000000000000000000e+00 	 3 4 0 0
      0.00000000000000000000e+00 	 3 5 0 0
      0.00000000000000000000e+00 	 3 6 0 0
      0.00000000000000000000e+00 	 3 7 0 0
      0.00000000000000000000e+00 	 3 8 0 0
      0.00000000000000000000e+00 	 3 9 0 0
      0.00000000000000000000e+00 	 4 1 0 0
      0.00000000000000000000e+00 	 4 2 0 0
      0.00000000000000000000e+00 	 4 3 0 0
      0.00000000000000000000e+00 	 4 4 0 0
      0.00000000000000000000e+00 	 4 5 0 0
      0.00000000000000000000e+00 	 4 6 0 0
      0.00000000000000000000e+00 	 4 7 0 0
      0.00000000000000000000e+00 	 4 8 0 0
      0.00000000000000000000e+00 	 4 9 0 0
      0.00000000000000000000e+00 	 5 1 0 0
      0.00000000000000000000e+00 	 5 2 0 0
      0.00000000000000000000e+00 	 5 3 0 0
      0.00000000000000000000e+00 	 5 4 0 0
      0.00000000000000000000e+00 	 5 5 0 0
      0.00000000000000000000e+00 	 5 6 0 0
      0.00000000000000000000e+00 	 5 7 0 0
      0.00000000000000000000e+00 	 5 8 0 0
      0.00000000000000000000e+00 	 5 9 0 0
      0.00000000000000000000e+00 	 6 1 0 0
      0.00000000000000000000e+00 	 6 2 0 0
      0.00000000000000000000e+00 	 6 3 0 0
      0.00000000000000000000e+00 	 6 4 0 0
      0.00000000000000000000e+00 	 6 5 0 0
      0.00000000000000000000e+00 	 6 6 0 0
      0.00000000000000000000e+00 	 6 7 0 0
      0.00000000000000000000e+00 	 6 8 0 0
      0.00000000000000000000e+00 	 6 9 0 0
      0.00000000000000000000e+00 	 7 1 0 0
      0.00000000000000000000e+00 	 7 2 0 0
      0.00000000000000000000e+00 	 7 3 0 0
      0.00000000000000000000e+00 	 7 4 0 0
      0.00000000000000000000e+00 	 7 5 0 0
      0.00000000000000000000e+00 	 7 6 0 0
      0.00000000000000000000e+00 	 7 7 0 0
      0.00000000000000000000e+00 	 7 8 0 0
      0.00000000000000000000e+00 	 7 9 0 0
      0.00000000000000000000e+00 	 8 1 0 0
      0.00000000000000000000e+00 	 8 2 0 0
      0.00000000000000000000e+00 	 8 3 0 0
      0.00000000000000000000e+00 	 8 4 0 0
      0.00000000000000000000e+00 	 8 5 0 0
      0.00000000000000000000e+00 	 8 6 0 0
      0.00000000000000000000e+00 	 8 7 0 0
      0.00000000000000000000e+00 	 8 8 0 0
      0.00000000000000000000e+00 	 8 9 0 0
      0.00000000000000000000e+00 	 9 1 0 0
      0.00000000000000000000e+00 	 9 2 0 0
      0.00000000000000000000e+00 	 9 3 0 0
      0.00000000000000000000e+00 	 9 4 0 0
      0.00000000000000000000e+00 	 9 5 0 0
      0.00000000000000000000e+00 	 9 6 0 0
      0.00000000000000000000e+00 	 9 7 0 0
      0.00000000000000000000e+00 	 9 8 0 0
      0.00000000000000000000e+00 	 9 9 0 0
 # Printing \lambda mu integrals in spatial MO basis
      0.00000000000000000000e+00 	 1 1 0 0
      0.00000000000000000000e+00 	 1 2 0 0
      0.00000000000000000000e+00 	 1 3 0 0
      0.00000000000000000000e+00 	 1 4 0 0
      0.00000000000000000000e+00 	 1 5 0 0
      0.00000000000000000000e+00 	 1 6 0 0
      0.00000000000000000000e+00 	 1 7 0 0
      0.00000000000000000000e+00 	 1 8 0 0
      0.00000000000000000000e+00 	 1 9 0 0
      0.00000000000000000000e+00 	 2 1 0 0
      0.00000000000000000000e+00 	 2 2 0 0
      0.00000000000000000000e+00 	 2 3 0 0
      0.00000000000000000000e+00 	 2 4 0 0
      0.00000000000000000000e+00 	 2 5 0 0
      0.00000000000000000000e+00 	 2 6 0 0
      0.00000000000000000000e+00 	 2 7 0 0
      0.00000000000000000000e+00 	 2 8 0 0
      0.00000000000000000000e+00 	 2 9 0 0
      0.00000000000000000000e+00 	 3 1 0 0
      0.00000000000000000000e+00 	 3 2 0 0
      0.00000000000000000000e+00 	 3 3 0 0
      0.00000000000000000000e+00 	 3 4 0 0
      0.00000000000000000000e+00 	 3 5 0 0
      0.00000000000000000000e+00 	 3 6 0 0
      0.00000000000000000000e+00 	 3 7 0 0
      0.00000000000000000000e+00 	 3 8 0 0
      0.00000000000000000000e+00 	 3 9 0 0
      0.00000000000000000000e+00 	 4 1 0 0
      0.00000000000000000000e+00 	 4 2 0 0
      0.00000000000000000000e+00 	 4 3 0 0
      0.00000000000000000000e+00 	 4 4 0 0
      0.00000000000000000000e+00 	 4 5 0 0
      0.00000000000000000000e+00 	 4 6 0 0
      0.00000000000000000000e+00 	 4 7 0 0
      0.00000000000000000000e+00 	 4 8 0 0
      0.00000000000000000000e+00 	 4 9 0 0
      0.00000000000000000000e+00 	 5 1 0 0
      0.00000000000000000000e+00 	 5 2 0 0
      0.00000000000000000000e+00 	 5 3 0 0
      0.00000000000000000000e+00 	 5 4 0 0
      0.00000000000000000000e+00 	 5 5 0 0
      0.00000000000000000000e+00 	 5 6 0 0
      0.00000000000000000000e+00 	 5 7 0 0
      0.00000000000000000000e+00 	 5 8 0 0
      0.00000000000000000000e+00 	 5 9 0 0
      0.00000000000000000000e+00 	 6 1 0 0
      0.00000000000000000000e+00 	 6 2 0 0
      0.00000000000000000000e+00 	 6 3 0 0
      0.00000000000000000000e+00 	 6 4 0 0
      0.00000000000000000000e+00 	 6 5 0 0
      0.00000000000000000000e+00 	 6 6 0 0
      0.00000000000000000000e+00 	 6 7 0 0
      0.00000000000000000000e+00 	 6 8 0 0
      0.00000000000000000000e+00 	 6 9 0 0
      0.00000000000000000000e+00 	 7 1 0 0
      0.00000000000000000000e+00 	 7 2 0 0
      0.00000000000000000000e+00 	 7 3 0 0
      0.00000000000000000000e+00 	 7 4 0 0
      0.00000000000000000000e+00 	 7 5 0 0
      0.00000000000000000000e+00 	 7 6 0 0
      0.00000000000000000000e+00 	 7 7 0 0
      0.00000000000000000000e+00 	 7 8 0 0
      0.00000000000000000000e+00 	 7 9 0 0
      0.00000000000000000000e+00 	 8 1 0 0
      0.00000000000000000000e+00 	 8 2 0 0
      0.00000000000000000000e+00 	 8 3 0 0
      0.00000000000000000000e+00 	 8 4 0 0
      0.00000000000000000000e+00 	 8 5 0 0
      0.00000000000000000000e+00 	 8 6 0 0
      0.00000000000000000000e+00 	 8 7 0 0
      0.00000000000000000000e+00 	 8 8 0 0
      0.00000000000000000000e+00 	 8 9 0 0
      0.00000000000000000000e+00 	 9 1 0 0
      0.00000000000000000000e+00 	 9 2 0 0
      0.00000000000000000000e+00 	 9 3 0 0
      0.00000000000000000000e+00 	 9 4 0 0
      0.00000000000000000000e+00 	 9 5 0 0
      0.00000000000000000000e+00 	 9 6 0 0
      0.00000000000000000000e+00 	 9 7 0 0
      0.00000000000000000000e+00 	 9 8 0 0
      0.00000000000000000000e+00 	 9 9 0 0
 # Printing nuclear repulsion energy
     -2.98997033759139503672e+03 	 0 0 0 0
 # Printing photon energy
      1.36000000000000009770e-01 	 0 0 0 0
 # Printing lambda vector
  0.0000000000e+00, 0.0000000000e+00, 0.0000000000e+00 	 0 0 0 0
 # Printing RHF Electronic Dipole Moment
  -1.1699101367e+01, -1.2760969820e+01, -1.1693802771e+01 	 0 0 0 0
 # Printing Nuclear Dipole Moment
  9.3777112642e+00, 1.3891894721e+01, 1.3095721286e+01 	 0 0 0 0
