C                 -0.80658313    1.22973465    0.03041801 7
C                  0.56153576    1.23725234    0.01622618 4
C                  1.22915389    0.01001055    0.01220575 2
# H                 -1.36676923    2.15803094    0.04420367 
# H                  1.14116413    2.14927050    0.01037697
N                  2.71357475    0.03144573   -0.00289824 1
O                  3.28013247   -1.09741954   -0.00254733 6
O                  3.24714953    1.17621948   -0.01252002 3
C                 -0.77042978   -1.26805414    0.04039660 5
# H                 -1.30353926   -2.21202933    0.06122375
C                  0.59726287   -1.23605918    0.02634378 8
# H                  1.20308359   -2.13089607    0.02793117
BrCH                 -1.56287141   -0.03049318    0.01040538 0
# H                 -2.41148563   -0.03994459    0.70143946
# Br                -2.40993182   -0.04931830   -1.82359612
