&FCI NORB=8,NELEC=0,MS2=0
ORBSYM=1,1,1,1,
ISYM=1,
/
      3.71120834397101029278e-01 	 1 1 1 1
      1.33724517483529720813e-03 	 1 1 2 1
      1.83941486941990250958e-01 	 1 1 2 2
      7.63960185288949274185e-03 	 1 1 3 1
      1.46041855595950879291e-04 	 1 1 3 2
      2.08397862884306450670e-01 	 1 1 3 3
     -5.21894187719980102297e-03 	 1 1 4 1
      4.55964865024441291450e-04 	 1 1 4 2
     -7.80062163834261681691e-04 	 1 1 4 3
      1.88369205505659859101e-01 	 1 1 4 4
      1.22450767084959907458e-03 	 1 1 5 1
      1.54480668381895048808e-04 	 1 1 5 2
     -1.28998810853236771379e-03 	 1 1 5 3
      9.70304425533795485148e-03 	 1 1 5 4
      2.00106208863184198421e-01 	 1 1 5 5
     -2.05863132870916275621e-03 	 1 1 6 1
      6.61429816460466345890e-04 	 1 1 6 2
     -3.63185179260058820308e-03 	 1 1 6 3
      4.83622004209117908186e-03 	 1 1 6 4
      3.57082748564961508300e-03 	 1 1 6 5
      2.17514919258902011956e-01 	 1 1 6 6
      1.47885752433000276784e-02 	 1 1 7 1
     -9.57624072208951185141e-04 	 1 1 7 2
     -5.81287737400818307898e-03 	 1 1 7 3
      6.35338730801162147009e-04 	 1 1 7 4
      2.93409225060747369876e-03 	 1 1 7 5
      2.06142805529433738310e-03 	 1 1 7 6
      2.49005966331972888872e-01 	 1 1 7 7
     -1.73340070732343684567e-02 	 1 1 8 1
     -7.31917320718647934283e-04 	 1 1 8 2
     -1.32745593013049639547e-04 	 1 1 8 3
      1.08938413772509280070e-02 	 1 1 8 4
      5.35248447573220733492e-03 	 1 1 8 5
      8.07200133335520138810e-04 	 1 1 8 6
      7.02682713232763260514e-03 	 1 1 8 7
      2.01693354952780568023e-01 	 1 1 8 8
      1.33724517483532149426e-03 	 2 1 1 1
      1.60865459560162482079e-03 	 2 1 2 1
      3.58671427124321014548e-03 	 2 1 2 2
     -1.37101754650317212564e-04 	 2 1 3 1
     -7.34039327195917302472e-04 	 2 1 3 2
     -1.69202383343752512171e-03 	 2 1 3 3
      4.57859556853117743232e-06 	 2 1 4 1
      2.56166986075795528877e-03 	 2 1 4 2
     -7.64718013705762930145e-04 	 2 1 4 3
      6.96099566979402058046e-05 	 2 1 4 4
      1.26034468289731773488e-04 	 2 1 5 1
     -2.23344421288275269658e-05 	 2 1 5 2
      9.24305739042669314382e-05 	 2 1 5 3
     -1.98546468791665066227e-04 	 2 1 5 4
     -2.10588611716158789593e-04 	 2 1 5 5
     -6.90958226199639701263e-05 	 2 1 6 1
     -1.24498079424328086766e-03 	 2 1 6 2
      3.31087607268264628307e-04 	 2 1 6 3
     -2.80155480030464898531e-04 	 2 1 6 4
      1.26417754992464115250e-04 	 2 1 6 5
     -3.01727577308434950169e-04 	 2 1 6 6
      4.65966022655273114962e-04 	 2 1 7 1
     -1.10149093299742074914e-03 	 2 1 7 2
      8.18704475211925894679e-05 	 2 1 7 3
     -2.04701723678162402680e-04 	 2 1 7 4
     -3.68899871185400735421e-04 	 2 1 7 5
     -4.90517309007236878399e-05 	 2 1 7 6
      4.17981691277718872893e-04 	 2 1 7 7
     -4.13537579564188478680e-04 	 2 1 8 1
      1.21431138873279794062e-03 	 2 1 8 2
     -3.57799799955661941044e-04 	 2 1 8 3
      3.11034938001136470644e-04 	 2 1 8 4
      1.77973262868800110161e-05 	 2 1 8 5
     -2.92695757517321970397e-04 	 2 1 8 6
      2.15574258817819315029e-04 	 2 1 8 7
      4.87772101026870278165e-04 	 2 1 8 8
      1.83941486941990445247e-01 	 2 2 1 1
      3.58671427124321274757e-03 	 2 2 2 1
      5.24307168529570044591e-01 	 2 2 2 2
     -5.37497601122930660639e-03 	 2 2 3 1
     -2.46233365825150206027e-03 	 2 2 3 2
      1.21240591065942121540e-01 	 2 2 3 3
      4.34877855480141142785e-02 	 2 2 4 1
     -2.37020822649901307180e-03 	 2 2 4 2
     -2.42471258341899337241e-02 	 2 2 4 3
      2.19046212490033670450e-01 	 2 2 4 4
     -1.10592711143012081138e-03 	 2 2 5 1
     -5.27857366578395850905e-04 	 2 2 5 2
     -8.58889298985934107611e-03 	 2 2 5 3
     -2.42835759418552933619e-02 	 2 2 5 4
      1.86456971973090496197e-01 	 2 2 5 5
     -2.02802251491611094936e-02 	 2 2 6 1
     -9.82319662860926031550e-04 	 2 2 6 2
      8.07653724445448438496e-03 	 2 2 6 3
     -5.59042578656311975327e-02 	 2 2 6 4
      4.21636293512965762420e-02 	 2 2 6 5
      1.51477737080986135654e-01 	 2 2 6 6
      1.58714304387156377764e-03 	 2 2 7 1
     -3.37119299469830404486e-03 	 2 2 7 2
      4.41113686811811338273e-03 	 2 2 7 3
     -7.41922438144460797554e-03 	 2 2 7 4
     -3.50181625967027759794e-02 	 2 2 7 5
     -8.14295424438276488344e-03 	 2 2 7 6
      1.98199639612592987126e-01 	 2 2 7 7
      1.22103314269450795998e-02 	 2 2 8 1
      2.50865458943421272900e-03 	 2 2 8 2
     -1.33326597263172252905e-02 	 2 2 8 3
      3.62442845975047903129e-02 	 2 2 8 4
      1.44808238908167557363e-02 	 2 2 8 5
     -1.17752807590820029321e-02 	 2 2 8 6
      4.14539593541531851528e-04 	 2 2 8 7
      1.79502771115776699196e-01 	 2 2 8 8
      7.63960185288950922172e-03 	 3 1 1 1
     -1.37101754650316995723e-04 	 3 1 2 1
     -5.37497601122930140222e-03 	 3 1 2 2
      3.94203789658185716621e-03 	 3 1 3 1
      2.09705438418582984766e-04 	 3 1 3 2
      4.06016026524896617850e-03 	 3 1 3 3
     -6.67086601995433214549e-04 	 3 1 4 1
     -3.28263592812879918641e-04 	 3 1 4 2
     -1.41581421471421628998e-03 	 3 1 4 3
     -3.53711797013753952504e-03 	 3 1 4 4
     -1.01495532464812229789e-03 	 3 1 5 1
     -3.05978634934269051217e-04 	 3 1 5 2
     -1.67134469922823017569e-03 	 3 1 5 3
      5.77212724022989581533e-04 	 3 1 5 4
     -1.35393918453012335364e-03 	 3 1 5 5
      1.43618823443533797637e-04 	 3 1 6 1
      9.06553913814651924317e-05 	 3 1 6 2
     -4.84570575300889098275e-04 	 3 1 6 3
      3.29986566786344577822e-04 	 3 1 6 4
     -8.54320856610416273086e-04 	 3 1 6 5
      2.53601880012772982337e-03 	 3 1 6 6
      6.49129246753052542416e-06 	 3 1 7 1
      4.69007199804421235408e-04 	 3 1 7 2
     -2.00494457550720118003e-03 	 3 1 7 3
     -5.65422096857146321697e-04 	 3 1 7 4
      7.89852999198867485042e-04 	 3 1 7 5
     -4.41755640355686202700e-05 	 3 1 7 6
      5.40549359514372988202e-05 	 3 1 7 7
     -9.21521539028960045940e-04 	 3 1 8 1
     -4.33654973761648577547e-04 	 3 1 8 2
      2.46400516878624833896e-04 	 3 1 8 3
      5.13259034245890804517e-04 	 3 1 8 4
      1.99572802757985078232e-04 	 3 1 8 5
      2.57715296880193167010e-04 	 3 1 8 6
     -1.55266136153398709441e-04 	 3 1 8 7
     -2.93976348064180388608e-03 	 3 1 8 8
      1.46041855595945404070e-04 	 3 2 1 1
     -7.34039327195916977212e-04 	 3 2 2 1
     -2.46233365825150552972e-03 	 3 2 2 2
      2.09705438418583689497e-04 	 3 2 3 1
      1.61433019846809393087e-03 	 3 2 3 2
     -2.04725470250177819104e-03 	 3 2 3 3
      5.29024924205564192961e-04 	 3 2 4 1
     -2.17453092321769677481e-03 	 3 2 4 2
      1.35180818780241155871e-03 	 3 2 4 3
      8.11313697378140616379e-05 	 3 2 4 4
     -1.50044751597583407533e-04 	 3 2 5 1
     -6.07964617828327461013e-04 	 3 2 5 2
      2.39247587823989904467e-05 	 3 2 5 3
     -3.63416728714810910623e-04 	 3 2 5 4
      3.93168239992843402092e-05 	 3 2 5 5
     -3.72912142419654665890e-04 	 3 2 6 1
      1.01234707335975883565e-03 	 3 2 6 2
     -7.47336628652442739804e-04 	 3 2 6 3
      6.77384302817692746622e-05 	 3 2 6 4
      2.34895144183801149159e-04 	 3 2 6 5
     -7.01072062147169421803e-04 	 3 2 6 6
     -1.34250336103139389886e-04 	 3 2 7 1
      9.99189594453638810917e-04 	 3 2 7 2
      8.17570830222535515752e-05 	 3 2 7 3
     -4.26909990937554236542e-04 	 3 2 7 4
     -1.11848452193793996374e-04 	 3 2 7 5
      2.03216398233505213993e-04 	 3 2 7 6
      5.17774143854545605345e-04 	 3 2 7 7
      3.00926854526958909854e-05 	 3 2 8 1
     -1.25719264482179043929e-03 	 3 2 8 2
      4.39413331301139397592e-04 	 3 2 8 3
     -3.96617078470369512511e-04 	 3 2 8 4
     -6.15381157106496183649e-05 	 3 2 8 5
      5.66825091386046728313e-05 	 3 2 8 6
     -7.81635444817451623730e-05 	 3 2 8 7
      7.14784811148353230702e-04 	 3 2 8 8
      2.08397862884306617204e-01 	 3 3 1 1
     -1.69202383343752295330e-03 	 3 3 2 1
      1.21240591065942121540e-01 	 3 3 2 2
      4.06016026524897225003e-03 	 3 3 3 1
     -2.04725470250177428791e-03 	 3 3 3 2
      4.21051043485565101854e-01 	 3 3 3 3
     -2.60954050408385221371e-02 	 3 3 4 1
      4.14743931706739853843e-03 	 3 3 4 2
      6.86130169347662702273e-03 	 3 3 4 3
      1.69034961739922939827e-01 	 3 3 4 4
     -1.21016937342971076658e-02 	 3 3 5 1
      3.48123264026835473051e-03 	 3 3 5 2
      5.50570647358355428486e-03 	 3 3 5 3
      2.55620932337003795021e-02 	 3 3 5 4
      1.93171968311587533007e-01 	 3 3 5 5
      9.37213862982536408119e-03 	 3 3 6 1
     -1.84746118564156776819e-03 	 3 3 6 2
      8.13801650569019401592e-04 	 3 3 6 3
      1.71196798703068982228e-02 	 3 3 6 4
     -1.84613817125913737272e-02 	 3 3 6 5
      2.75902918301038746485e-01 	 3 3 6 6
     -1.09681525976283826551e-02 	 3 3 7 1
      7.06662534923503215904e-04 	 3 3 7 2
     -6.45904070383798538380e-03 	 3 3 7 3
      1.34500243864823232354e-02 	 3 3 7 4
      2.74212000757135913875e-02 	 3 3 7 5
     -9.36071698494363277528e-04 	 3 3 7 6
      1.74990401251933852533e-01 	 3 3 7 7
     -6.00078023867257805829e-03 	 3 3 8 1
      9.44001286831157651602e-04 	 3 3 8 2
      7.72096424953616199821e-03 	 3 3 8 3
      8.19550685768893547034e-03 	 3 3 8 4
     -1.79513009455436090174e-03 	 3 3 8 5
      1.24663686364847002552e-02 	 3 3 8 6
     -6.36536835677262418515e-03 	 3 3 8 7
      1.42713192897191115671e-01 	 3 3 8 8
     -5.21894187719987214663e-03 	 4 1 1 1
      4.57859556853841702292e-06 	 4 1 2 1
      4.34877855480141420341e-02 	 4 1 2 2
     -6.67086601995440695544e-04 	 4 1 3 1
      5.29024924205561807716e-04 	 4 1 3 2
     -2.60954050408385360149e-02 	 4 1 3 3
      1.29776932693407478364e-02 	 4 1 4 1
     -1.60103782717444355702e-03 	 4 1 4 2
     -3.48798341029946980252e-03 	 4 1 4 3
     -1.14188523751226423189e-03 	 4 1 4 4
      1.39493130295444372861e-03 	 4 1 5 1
     -1.17831288121840699161e-03 	 4 1 5 2
     -2.16778504966577125965e-03 	 4 1 5 3
     -5.89735640135856040156e-03 	 4 1 5 4
     -3.65079883959804909165e-04 	 4 1 5 5
     -3.19534856239122883742e-03 	 4 1 6 1
      3.31046723681254124495e-04 	 4 1 6 2
     -1.16812272023057978060e-05 	 4 1 6 3
     -1.07993302691288244749e-02 	 4 1 6 4
      8.96612392325545244642e-03 	 4 1 6 5
     -1.05759246249996670397e-02 	 4 1 6 6
      2.40278914458582140701e-03 	 4 1 7 1
      4.65388255383536214756e-04 	 4 1 7 2
      2.25723795006593238406e-04 	 4 1 7 3
     -4.68201066470843099698e-03 	 4 1 7 4
     -7.97780505598778832965e-03 	 4 1 7 5
     -1.15091635104895974144e-03 	 4 1 7 6
      7.03849779567711480305e-03 	 4 1 7 7
      2.69019315066737615613e-03 	 4 1 8 1
     -4.45151682761625794912e-04 	 4 1 8 2
     -1.46196548462979741302e-03 	 4 1 8 3
      6.71922349685000717956e-03 	 4 1 8 4
      2.77649074126688029038e-03 	 4 1 8 5
     -2.31809652836318389260e-03 	 4 1 8 6
      1.75606882322561263024e-03 	 4 1 8 7
      4.67928074361957917898e-03 	 4 1 8 8
      4.55964865024444435636e-04 	 4 2 1 1
      2.56166986075795528877e-03 	 4 2 2 1
     -2.37020822649901437285e-03 	 4 2 2 2
     -3.28263592812881490734e-04 	 4 2 3 1
     -2.17453092321769634113e-03 	 4 2 3 2
      4.14743931706739767107e-03 	 4 2 3 3
     -1.60103782717444529174e-03 	 4 2 4 1
      6.49670016285036015097e-03 	 4 2 4 2
     -7.55510921453268757819e-04 	 4 2 4 3
     -3.25994201028461207722e-04 	 4 2 4 4
     -1.99913775455313360413e-05 	 4 2 5 1
     -3.07307661042569143714e-04 	 4 2 5 2
      4.54671886563940395604e-04 	 4 2 5 3
      1.00771309820746703990e-03 	 4 2 5 4
      2.53358171527594803639e-05 	 4 2 5 5
      8.53353076932848492349e-04 	 4 2 6 1
     -3.21647699093658128583e-03 	 4 2 6 2
      5.61087787154665494985e-04 	 4 2 6 3
      1.10978467200569409085e-03 	 4 2 6 4
     -1.23050510833278069038e-03 	 4 2 6 5
      2.49806971393206223714e-03 	 4 2 6 6
     -5.60065623919115223553e-05 	 4 2 7 1
     -1.86242084972262629365e-03 	 4 2 7 2
     -8.28732209666458199385e-06 	 4 2 7 3
      4.08528324500013681475e-04 	 4 2 7 4
      1.02312085751851016870e-03 	 4 2 7 5
      3.04281350444410404819e-05 	 4 2 7 6
     -7.55957500934215900941e-04 	 4 2 7 7
     -4.80577153860408507434e-04 	 4 2 8 1
      2.79049211927351065859e-03 	 4 2 8 2
     -1.88006349336719818383e-04 	 4 2 8 3
     -6.88396275951948032968e-05 	 4 2 8 4
     -3.88883881480670326718e-04 	 4 2 8 5
      1.35583283871503607314e-04 	 4 2 8 6
     -2.43282784114459071586e-05 	 4 2 8 7
     -9.64405476415264003090e-04 	 4 2 8 8
     -7.80062163834251056510e-04 	 4 3 1 1
     -7.64718013705762930145e-04 	 4 3 2 1
     -2.42471258341899233157e-02 	 4 3 2 2
     -1.41581421471420154483e-03 	 4 3 3 1
      1.35180818780240939031e-03 	 4 3 3 2
      6.86130169347663049217e-03 	 4 3 3 3
     -3.48798341029946242994e-03 	 4 3 4 1
     -7.55510921453268324138e-04 	 4 3 4 2
      7.06996564699121157749e-03 	 4 3 4 3
      2.45596924767559109462e-03 	 4 3 4 4
     -1.36826116605010336550e-04 	 4 3 5 1
     -8.73054275387193903964e-04 	 4 3 5 2
      2.49761511034658203675e-03 	 4 3 5 3
      1.92694264358044247548e-03 	 4 3 5 4
      3.72385442636280310225e-03 	 4 3 5 5
      9.68619204225027721419e-04 	 4 3 6 1
      3.82034664091728882237e-04 	 4 3 6 2
     -2.14202803957905002930e-04 	 4 3 6 3
      5.28636625452898276795e-03 	 4 3 6 4
     -3.43230824261851795789e-03 	 4 3 6 5
      4.30207272097975299691e-03 	 4 3 6 6
     -1.44515925968759055553e-03 	 4 3 7 1
      1.37844719055014324795e-03 	 4 3 7 2
      1.30041722353981567366e-03 	 4 3 7 3
     -1.49627569598104030475e-04 	 4 3 7 4
      2.53859697569352527405e-03 	 4 3 7 5
      7.78851716813997699447e-04 	 4 3 7 6
      7.36200291821786033906e-04 	 4 3 7 7
     -3.99180025737153846167e-04 	 4 3 8 1
     -9.64934237736883755610e-04 	 4 3 8 2
      2.15519885256619178615e-03 	 4 3 8 3
     -3.70947765673639538730e-03 	 4 3 8 4
     -1.53276903001332885992e-03 	 4 3 8 5
      1.10059597498658214010e-03 	 4 3 8 6
     -1.99241681949130673701e-03 	 4 3 8 7
      1.90633941169482553323e-03 	 4 3 8 8
      1.88369205505659859101e-01 	 4 4 1 1
      6.96099566979405988279e-05 	 4 4 2 1
      2.19046212490033725961e-01 	 4 4 2 2
     -3.53711797013751176946e-03 	 4 4 3 1
      8.11313697378085186543e-05 	 4 4 3 2
      1.69034961739923050850e-01 	 4 4 3 3
     -1.14188523751224970358e-03 	 4 4 4 1
     -3.25994201028457141964e-04 	 4 4 4 2
      2.45596924767558979358e-03 	 4 4 4 3
      2.61727935050896809432e-01 	 4 4 4 4
      3.96500815336734823563e-03 	 4 4 5 1
     -6.93890362449070606347e-04 	 4 4 5 2
      9.38434161731444921534e-05 	 4 4 5 3
     -2.04666742940429928835e-03 	 4 4 5 4
      2.14253935796929667612e-01 	 4 4 5 5
     -5.48789478457719064747e-03 	 4 4 6 1
      4.23708460468304941131e-04 	 4 4 6 2
      4.63099131622719849873e-04 	 4 4 6 3
      2.42074480248893062276e-03 	 4 4 6 4
     -7.03150621796633321786e-04 	 4 4 6 5
      1.81323345313637224185e-01 	 4 4 6 6
     -6.22280377839621624825e-03 	 4 4 7 1
      9.71938570062151689340e-05 	 4 4 7 2
      3.00147078569214286262e-03 	 4 4 7 3
      3.43483755368794493185e-03 	 4 4 7 4
     -3.50129659704886790628e-03 	 4 4 7 5
      1.07433984406886916252e-03 	 4 4 7 6
      2.07351377853248752814e-01 	 4 4 7 7
      3.85438586628789048305e-03 	 4 4 8 1
     -6.53797150563014138657e-05 	 4 4 8 2
     -3.54787462271316045639e-03 	 4 4 8 3
     -1.12661382362355799031e-02 	 4 4 8 4
     -7.25218286246491049968e-03 	 4 4 8 5
     -2.35786639063755585136e-03 	 4 4 8 6
     -3.37538111666676543879e-03 	 4 4 8 7
      2.23078182592160501052e-01 	 4 4 8 8
      1.22450767084958411259e-03 	 5 1 1 1
      1.26034468289716350712e-04 	 5 1 2 1
     -1.10592711143011951033e-03 	 5 1 2 2
     -1.01495532464810299909e-03 	 5 1 3 1
     -1.50044751597582784117e-04 	 5 1 3 2
     -1.21016937342971475644e-02 	 5 1 3 3
      1.39493130295446866526e-03 	 5 1 4 1
     -1.99913775455342904923e-05 	 5 1 4 2
     -1.36826116605002394769e-04 	 5 1 4 3
      3.96500815336737425648e-03 	 5 1 4 4
      3.77374794780204218456e-03 	 5 1 5 1
      5.54840910322513096724e-06 	 5 1 5 2
     -5.43786704395667432922e-04 	 5 1 5 3
     -8.93507798921543811531e-04 	 5 1 5 4
      5.05681031951543159819e-03 	 5 1 5 5
      5.61332096317070745536e-04 	 5 1 6 1
      1.21803817606867015072e-04 	 5 1 6 2
     -5.57001305767301888201e-04 	 5 1 6 3
      1.32492908644368930990e-03 	 5 1 6 4
      1.07922743685523914343e-03 	 5 1 6 5
     -3.53696532608074008797e-03 	 5 1 6 6
      1.78541567269719248651e-03 	 5 1 7 1
     -4.57040408201443866792e-04 	 5 1 7 2
      4.51634079518615561867e-04 	 5 1 7 3
     -5.99085436844572086570e-04 	 5 1 7 4
     -2.57826802365614332971e-03 	 5 1 7 5
      3.22182659593730504576e-04 	 5 1 7 6
      6.37591613709018872891e-03 	 5 1 7 7
      3.97685767136665062425e-04 	 5 1 8 1
      2.04264259362377394690e-04 	 5 1 8 2
     -5.16268960668513228994e-04 	 5 1 8 3
     -2.09538062876894227993e-03 	 5 1 8 4
      5.88398166052161563505e-05 	 5 1 8 5
     -2.96602031821169862067e-04 	 5 1 8 6
      8.42917161314653794191e-04 	 5 1 8 7
      9.95481310970572699781e-03 	 5 1 8 8
      1.54480668381901011920e-04 	 5 2 1 1
     -2.23344421288275303539e-05 	 5 2 2 1
     -5.27857366578390429894e-04 	 5 2 2 2
     -3.05978634934268834376e-04 	 5 2 3 1
     -6.07964617828328003114e-04 	 5 2 3 2
      3.48123264026835603155e-03 	 5 2 3 3
     -1.17831288121840655793e-03 	 5 2 4 1
     -3.07307661042567246360e-04 	 5 2 4 2
     -8.73054275387194337645e-04 	 5 2 4 3
     -6.93890362449067353741e-04 	 5 2 4 4
      5.54840910322837002123e-06 	 5 2 5 1
      1.58872336885290763725e-03 	 5 2 5 2
      3.01596589597690064536e-04 	 5 2 5 3
      7.52561871557835783061e-04 	 5 2 5 4
     -7.18964750439850827732e-05 	 5 2 5 5
      6.25923509507312551652e-04 	 5 2 6 1
      5.39566769104292626516e-04 	 5 2 6 2
      6.13133794392575781108e-04 	 5 2 6 3
      4.65168950014844206041e-04 	 5 2 6 4
     -4.92003515790948985770e-04 	 5 2 6 5
      1.88442251339266645012e-03 	 5 2 6 6
      3.83123522774361192022e-05 	 5 2 7 1
     -1.12004948873927140732e-03 	 5 2 7 2
     -2.15894907567774937246e-05 	 5 2 7 3
      5.68638269339414377697e-04 	 5 2 7 4
      2.42390826260353392475e-04 	 5 2 7 5
     -2.60510146674748557100e-04 	 5 2 7 6
     -2.65655334550119761293e-04 	 5 2 7 7
     -3.22741407240581187899e-04 	 5 2 8 1
      3.91064253193994845054e-04 	 5 2 8 2
     -2.13587392950327387576e-04 	 5 2 8 3
      2.18870648140246629090e-04 	 5 2 8 4
      1.45724934486915518516e-04 	 5 2 8 5
      1.84872495816218039739e-04 	 5 2 8 6
      8.48412687121950830288e-05 	 5 2 8 7
     -6.33407990081375502425e-04 	 5 2 8 8
     -1.28998810853234364450e-03 	 5 3 1 1
      9.24305739042645190884e-05 	 5 3 2 1
     -8.58889298985933240249e-03 	 5 3 2 2
     -1.67134469922823581355e-03 	 5 3 3 1
      2.39247587823989159078e-05 	 5 3 3 2
      5.50570647358355688694e-03 	 5 3 3 3
     -2.16778504966578296903e-03 	 5 3 4 1
      4.54671886563941100336e-04 	 5 3 4 2
      2.49761511034657943467e-03 	 5 3 4 3
      9.38434161731760017790e-05 	 5 3 4 4
     -5.43786704395664939257e-04 	 5 3 5 1
      3.01596589597687191400e-04 	 5 3 5 2
      5.13714048047473736264e-03 	 5 3 5 3
      1.65456879862202542279e-03 	 5 3 5 4
      3.52450040923537417578e-03 	 5 3 5 5
      6.83185661488844710003e-04 	 5 3 6 1
     -3.24080677581768688720e-05 	 5 3 6 2
     -1.63520799662810606412e-03 	 5 3 6 3
      2.48026031958502226477e-03 	 5 3 6 4
     -5.15636508988942619119e-03 	 5 3 6 5
      3.73933595721285790339e-03 	 5 3 6 6
     -7.59466997795868372506e-04 	 5 3 7 1
     -3.38662613237600230651e-04 	 5 3 7 2
      1.66427480302463125759e-03 	 5 3 7 3
     -6.75064319695514378217e-04 	 5 3 7 4
      5.24048573487286006856e-03 	 5 3 7 5
      1.22066189644512456715e-03 	 5 3 7 6
     -4.15815009126481015950e-03 	 5 3 7 7
     -4.06413128292105020958e-04 	 5 3 8 1
      2.45394411396258329758e-04 	 5 3 8 2
      3.85286840126010409792e-04 	 5 3 8 3
     -5.52820134021529750561e-04 	 5 3 8 4
     -3.28628468247630853294e-03 	 5 3 8 5
     -2.64188623702814328904e-04 	 5 3 8 6
     -1.67503258968657378625e-03 	 5 3 8 7
     -3.60925176893632992589e-03 	 5 3 8 8
      9.70304425533789240144e-03 	 5 4 1 1
     -1.98546468791664930701e-04 	 5 4 2 1
     -2.42835759418552482591e-02 	 5 4 2 2
      5.77212724022935479845e-04 	 5 4 3 1
     -3.63416728714809175900e-04 	 5 4 3 2
      2.55620932337003829715e-02 	 5 4 3 3
     -5.89735640135855346267e-03 	 5 4 4 1
      1.00771309820747007567e-03 	 5 4 4 2
      1.92694264358044876385e-03 	 5 4 4 3
     -2.04666742940431663558e-03 	 5 4 4 4
     -8.93507798921559640883e-04 	 5 4 5 1
      7.52561871557843155636e-04 	 5 4 5 2
      1.65456879862201696602e-03 	 5 4 5 3
      8.50152114653163898383e-03 	 5 4 5 4
      1.07719818486743008912e-03 	 5 4 5 5
      3.24548438873296755947e-03 	 5 4 6 1
     -2.32722263525008115498e-04 	 5 4 6 2
     -1.41932115962569620551e-04 	 5 4 6 3
      6.28833172819759714245e-03 	 5 4 6 4
     -5.11389837479409980342e-03 	 5 4 6 5
      1.44538852500322584360e-02 	 5 4 6 6
     -7.05077742807656013616e-04 	 5 4 7 1
     -1.94156528003892658646e-04 	 5 4 7 2
     -1.37793696855906060671e-03 	 5 4 7 3
      1.64002409505268134660e-03 	 5 4 7 4
      6.74243458787218870321e-03 	 5 4 7 5
      1.27962436559540836990e-03 	 5 4 7 6
      3.72137456492383942794e-03 	 5 4 7 7
     -2.28107685956279457665e-03 	 5 4 8 1
      2.74306501903171190502e-04 	 5 4 8 2
      1.60603958812073708412e-03 	 5 4 8 3
     -1.82918650699985573319e-03 	 5 4 8 4
     -1.82382074750682128365e-03 	 5 4 8 5
      2.15796145089567400349e-03 	 5 4 8 6
      5.10380005528012674690e-04 	 5 4 8 7
      1.21250436288758358001e-03 	 5 4 8 8
      2.00106208863184198421e-01 	 5 5 1 1
     -2.10588611716165403226e-04 	 5 5 2 1
      1.86456971973090385175e-01 	 5 5 2 2
     -1.35393918453005678362e-03 	 5 5 3 1
      3.93168239992825648281e-05 	 5 5 3 2
      1.93171968311587588518e-01 	 5 5 3 3
     -3.65079883959856246137e-04 	 5 5 4 1
      2.53358171527601207208e-05 	 5 5 4 2
      3.72385442636279833176e-03 	 5 5 4 3
      2.14253935796929945168e-01 	 5 5 4 4
      5.05681031951548017045e-03 	 5 5 5 1
     -7.18964750439958163748e-05 	 5 5 5 2
      3.52450040923536333376e-03 	 5 5 5 3
      1.07719818486749514125e-03 	 5 5 5 4
      3.01287972193010233912e-01 	 5 5 5 5
      2.60552275210845568285e-03 	 5 5 6 1
      3.89502827454613683323e-04 	 5 5 6 2
     -5.26140446604840550382e-03 	 5 5 6 3
      3.28874427226720587175e-03 	 5 5 6 4
     -7.86134482885636476368e-03 	 5 5 6 5
      2.08661330316551818509e-01 	 5 5 6 6
     -2.66059678809506391581e-03 	 5 5 7 1
     -3.57138899145828005166e-04 	 5 5 7 2
      2.56609222579643999132e-03 	 5 5 7 3
      1.39823648278756423359e-03 	 5 5 7 4
     -2.84415275625485048250e-04 	 5 5 7 5
     -9.23886401927905519249e-03 	 5 5 7 6
      2.26036854171047935091e-01 	 5 5 7 7
      1.33764960946623095474e-03 	 5 5 8 1
     -7.72968777708328119149e-05 	 5 5 8 2
     -2.92784387809523222873e-03 	 5 5 8 3
     -1.97734215210033361862e-03 	 5 5 8 4
     -7.24092858548637530181e-03 	 5 5 8 5
      4.84412855179625415070e-03 	 5 5 8 6
     -1.18770225734385875133e-02 	 5 5 8 7
      2.04731216417624928283e-01 	 5 5 8 8
     -2.05863132870917273087e-03 	 6 1 1 1
     -6.90958226199791625093e-05 	 6 1 2 1
     -2.02802251491611199019e-02 	 6 1 2 2
      1.43618823443543338616e-04 	 6 1 3 1
     -3.72912142419649841191e-04 	 6 1 3 2
      9.37213862982532418255e-03 	 6 1 3 3
     -3.19534856239116031584e-03 	 6 1 4 1
      8.53353076932840469253e-04 	 6 1 4 2
      9.68619204225030757185e-04 	 6 1 4 3
     -5.48789478457723575028e-03 	 6 1 4 4
      5.61332096317086032787e-04 	 6 1 5 1
      6.25923509507312009550e-04 	 6 1 5 2
      6.83185661488884066542e-04 	 6 1 5 3
      3.24548438873302307062e-03 	 6 1 5 4
      2.60552275210837458452e-03 	 6 1 5 5
      6.89042583288564623734e-03 	 6 1 6 1
     -2.28859325223364662872e-04 	 6 1 6 2
     -2.79400648682288780308e-04 	 6 1 6 3
      3.79961052598657301332e-03 	 6 1 6 4
     -3.86312725400981583912e-03 	 6 1 6 5
      1.02136257627611359844e-02 	 6 1 6 6
     -1.21677548851213495045e-04 	 6 1 7 1
     -4.67845805434885877745e-04 	 6 1 7 2
     -1.02260632584146569403e-03 	 6 1 7 3
     -3.27373790252197770494e-04 	 6 1 7 4
      3.16757585110025554134e-03 	 6 1 7 5
     -3.11922895856144271731e-04 	 6 1 7 6
     -1.40966117428052185867e-03 	 6 1 7 7
     -6.72574515859619670964e-04 	 6 1 8 1
      3.64728425449397590085e-04 	 6 1 8 2
      9.22384812788046987153e-04 	 6 1 8 3
     -8.34955442198440263291e-04 	 6 1 8 4
     -7.42690985171071084078e-04 	 6 1 8 5
      1.03553356393464609901e-03 	 6 1 8 6
     -1.97827789922503261694e-03 	 6 1 8 7
     -4.55247560731563121611e-03 	 6 1 8 8
      6.61429816460478163694e-04 	 6 2 1 1
     -1.24498079424327934978e-03 	 6 2 2 1
     -9.82319662860930368359e-04 	 6 2 2 2
      9.06553913814661682137e-05 	 6 2 3 1
      1.01234707335975840196e-03 	 6 2 3 2
     -1.84746118564156755135e-03 	 6 2 3 3
      3.31046723681250058737e-04 	 6 2 4 1
     -3.21647699093657955111e-03 	 6 2 4 2
      3.82034664091731213272e-04 	 6 2 4 3
      4.23708460468305645862e-04 	 6 2 4 4
      1.21803817606871080830e-04 	 6 2 5 1
      5.39566769104291542314e-04 	 6 2 5 2
     -3.24080677581736094892e-05 	 6 2 5 3
     -2.32722263525022941963e-04 	 6 2 5 4
      3.89502827454634608425e-04 	 6 2 5 5
     -2.28859325223356287410e-04 	 6 2 6 1
      1.87000360682215379694e-03 	 6 2 6 2
     -2.91422198230293564951e-04 	 6 2 6 3
      2.42017316202356423411e-04 	 6 2 6 4
      2.97288565418840264841e-04 	 6 2 6 5
     -5.89447913259252939851e-04 	 6 2 6 6
      8.41551029378996963502e-05 	 6 2 7 1
      6.19034706904556344433e-04 	 6 2 7 2
     -7.66734227737531288168e-05 	 6 2 7 3
     -3.04880062776214397300e-04 	 6 2 7 4
     -2.87356766467180798404e-04 	 6 2 7 5
      8.13774983278682452915e-05 	 6 2 7 6
      1.16142832598977482732e-03 	 6 2 7 7
     -2.51356310984836213993e-05 	 6 2 8 1
     -1.32768224236530420906e-03 	 6 2 8 2
      1.26062100568729857763e-04 	 6 2 8 3
     -6.57148013258712870811e-05 	 6 2 8 4
      7.64639980668359271277e-05 	 6 2 8 5
     -5.11052573821173325707e-06 	 6 2 8 6
      3.74825953454569789488e-05 	 6 2 8 7
      8.74384375652412899026e-04 	 6 2 8 8
     -3.63185179260057606002e-03 	 6 3 1 1
      3.31087607268263706736e-04 	 6 3 2 1
      8.07653724445451734471e-03 	 6 3 2 2
     -4.84570575300888610384e-04 	 6 3 3 1
     -7.47336628652442956644e-04 	 6 3 3 2
      8.13801650569009210091e-04 	 6 3 3 3
     -1.16812272023139936968e-05 	 6 3 4 1
      5.61087787154666470767e-04 	 6 3 4 2
     -2.14202803957916874944e-04 	 6 3 4 3
      4.63099131622703315790e-04 	 6 3 4 4
     -5.57001305767335715309e-04 	 6 3 5 1
      6.13133794392580443178e-04 	 6 3 5 2
     -1.63520799662810584728e-03 	 6 3 5 3
     -1.41932115962538856315e-04 	 6 3 5 4
     -5.26140446604846101497e-03 	 6 3 5 5
     -2.79400648682324342139e-04 	 6 3 6 1
     -2.91422198230297522289e-04 	 6 3 6 2
      1.44332755927224463954e-02 	 6 3 6 3
     -8.40720398209570231665e-04 	 6 3 6 4
      4.37964689737286054158e-04 	 6 3 6 5
     -8.82566697423990730378e-04 	 6 3 6 6
     -5.12325641898732950068e-04 	 6 3 7 1
     -7.08949693707891862027e-04 	 6 3 7 2
     -1.27105919169723214582e-04 	 6 3 7 3
     -1.40323531485534895103e-04 	 6 3 7 4
     -1.15124900524679325657e-04 	 6 3 7 5
     -8.29229081804953773588e-04 	 6 3 7 6
     -3.25586112260252023495e-03 	 6 3 7 7
      3.15377573228257056508e-04 	 6 3 8 1
      5.28801625410566184318e-04 	 6 3 8 2
      4.87243746962107344457e-04 	 6 3 8 3
      1.13934778848416053132e-03 	 6 3 8 4
      2.05883518920593771738e-04 	 6 3 8 5
     -2.16265897827612593382e-04 	 6 3 8 6
     -3.66405193656781311422e-05 	 6 3 8 7
     -2.37664173595916565496e-03 	 6 3 8 8
      4.83622004209110362138e-03 	 6 4 1 1
     -2.80155480030462513286e-04 	 6 4 2 1
     -5.59042578656312391661e-02 	 6 4 2 2
      3.29986566786347505168e-04 	 6 4 3 1
      6.77384302817663608689e-05 	 6 4 3 2
      1.71196798703069086312e-02 	 6 4 3 3
     -1.07993302691288314138e-02 	 6 4 4 1
      1.10978467200569669293e-03 	 6 4 4 2
      5.28636625452897843114e-03 	 6 4 4 3
      2.42074480248892975540e-03 	 6 4 4 4
      1.32492908644369798352e-03 	 6 4 5 1
      4.65168950014841549746e-04 	 6 4 5 2
      2.48026031958501706060e-03 	 6 4 5 3
      6.28833172819758673411e-03 	 6 4 5 4
      3.28874427226723406101e-03 	 6 4 5 5
      3.79961052598655002824e-03 	 6 4 6 1
      2.42017316202356857092e-04 	 6 4 6 2
     -8.40720398209577712660e-04 	 6 4 6 3
      1.66053649631715781465e-02 	 6 4 6 4
     -9.10962251521439496382e-03 	 6 4 6 5
      1.26159326557320813217e-02 	 6 4 6 6
     -1.09764510959754280420e-03 	 6 4 7 1
     -7.34750286943002152559e-05 	 6 4 7 2
     -9.89183435355590803123e-04 	 6 4 7 3
      1.78909845537589934882e-03 	 6 4 7 4
      8.20720227654452363919e-03 	 6 4 7 5
      2.42863945822549597356e-03 	 6 4 7 6
      7.45106233997205663275e-04 	 6 4 7 7
     -2.69680957807379249186e-03 	 6 4 8 1
      6.17729894241594287623e-05 	 6 4 8 2
      2.39522943616155481114e-03 	 6 4 8 3
     -8.23038013608146969136e-03 	 6 4 8 4
     -3.90425471492628593795e-03 	 6 4 8 5
      2.97622495209110254216e-03 	 6 4 8 6
     -1.43576024577570893030e-03 	 6 4 8 7
      3.97583605834940772422e-03 	 6 4 8 8
      3.57082748564962505766e-03 	 6 5 1 1
      1.26417754992456742675e-04 	 6 5 2 1
      4.21636293512965970587e-02 	 6 5 2 2
     -8.54320856610424404602e-04 	 6 5 3 1
      2.34895144183804672816e-04 	 6 5 3 2
     -1.84613817125913910744e-02 	 6 5 3 3
      8.96612392325548540617e-03 	 6 5 4 1
     -1.23050510833278329247e-03 	 6 5 4 2
     -3.43230824261851188636e-03 	 6 5 4 3
     -7.03150621796676256192e-04 	 6 5 4 4
      1.07922743685520596685e-03 	 6 5 5 1
     -4.92003515790944865801e-04 	 6 5 5 2
     -5.15636508988942185439e-03 	 6 5 5 3
     -5.11389837479403908810e-03 	 6 5 5 4
     -7.86134482885644803041e-03 	 6 5 5 5
     -3.86312725400980239501e-03 	 6 5 6 1
      2.97288565418840969572e-04 	 6 5 6 2
      4.37964689737318851274e-04 	 6 5 6 3
     -9.10962251521438282076e-03 	 6 5 6 4
      2.06332922382425482111e-02 	 6 5 6 5
     -1.03865771718900240517e-02 	 6 5 6 6
      2.77562269577343772101e-03 	 6 5 7 1
      1.52254261641285320748e-04 	 6 5 7 2
      1.06729773471449609391e-03 	 6 5 7 3
      4.14817477675653043055e-04 	 6 5 7 4
     -1.63919863399957545236e-02 	 6 5 7 5
     -2.83999149032408606391e-03 	 6 5 7 6
      9.99342099148052033508e-03 	 6 5 7 7
      1.99617562636011242061e-03 	 6 5 8 1
     -1.93291058024067379136e-04 	 6 5 8 2
     -2.11088973025607817141e-03 	 6 5 8 3
      5.88890189568889305116e-03 	 6 5 8 4
      1.00990921385021373280e-02 	 6 5 8 5
     -3.32160585377582633949e-04 	 6 5 8 6
      2.63325042443874690959e-03 	 6 5 8 7
      1.28342581913371955177e-03 	 6 5 8 8
      2.17514919258902095223e-01 	 6 6 1 1
     -3.01727577308442268533e-04 	 6 6 2 1
      1.51477737080986440965e-01 	 6 6 2 2
      2.53601880012776668624e-03 	 6 6 3 1
     -7.01072062147166386037e-04 	 6 6 3 2
      2.75902918301038579951e-01 	 6 6 3 3
     -1.05759246249995993855e-02 	 6 6 4 1
      2.49806971393205182880e-03 	 6 6 4 2
      4.30207272097973911912e-03 	 6 6 4 3
      1.81323345313637251941e-01 	 6 6 4 4
     -3.53696532608063990769e-03 	 6 6 5 1
      1.88442251339265907754e-03 	 6 6 5 2
      3.73933595721292902705e-03 	 6 6 5 3
      1.44538852500323382333e-02 	 6 6 5 4
      2.08661330316551735242e-01 	 6 6 5 5
      1.02136257627612955790e-02 	 6 6 6 1
     -5.89447913259249361984e-04 	 6 6 6 2
     -8.82566697423885454347e-04 	 6 6 6 3
      1.26159326557320657092e-02 	 6 6 6 4
     -1.03865771718899928266e-02 	 6 6 6 5
      2.69909241272196231964e-01 	 6 6 6 6
     -4.28712714988319781861e-03 	 6 6 7 1
     -5.67130315316238180039e-04 	 6 6 7 2
     -5.42788183860377915213e-03 	 6 6 7 3
     -1.34947755558022393883e-03 	 6 6 7 4
      1.18163352197238457481e-02 	 6 6 7 5
      1.18430647236156456371e-03 	 6 6 7 6
      1.98123878151985760576e-01 	 6 6 7 7
     -4.02392994079150273512e-03 	 6 6 8 1
      6.08419642127346104246e-04 	 6 6 8 2
      3.83270980985559329285e-03 	 6 6 8 3
      1.02341664370105001058e-02 	 6 6 8 4
     -7.42698193040908097654e-04 	 6 6 8 5
      5.77694951813509730010e-03 	 6 6 8 6
     -1.17296076540124721843e-02 	 6 6 8 7
      1.62415462740570892830e-01 	 6 6 8 8
      1.47885752433002028855e-02 	 7 1 1 1
      4.65966022655259454015e-04 	 7 1 2 1
      1.58714304387162470980e-03 	 7 1 2 2
      6.49129246750991626552e-06 	 7 1 3 1
     -1.34250336103136164384e-04 	 7 1 3 2
     -1.09681525976284364315e-02 	 7 1 3 3
      2.40278914458587388239e-03 	 7 1 4 1
     -5.60065623919113055149e-05 	 7 1 4 2
     -1.44515925968757407566e-03 	 7 1 4 3
     -6.22280377839627089204e-03 	 7 1 4 4
      1.78541567269717492243e-03 	 7 1 5 1
      3.83123522774333680392e-05 	 7 1 5 2
     -7.59466997795855036819e-04 	 7 1 5 3
     -7.05077742807657965179e-04 	 7 1 5 4
     -2.66059678809506521685e-03 	 7 1 5 5
     -1.21677548851215690555e-04 	 7 1 6 1
      8.41551029378976634711e-05 	 7 1 6 2
     -5.12325641898714301790e-04 	 7 1 6 3
     -1.09764510959752740853e-03 	 7 1 6 4
      2.77562269577345073143e-03 	 7 1 6 5
     -4.28712714988319261444e-03 	 7 1 6 6
      8.72420503916464251670e-03 	 7 1 7 1
     -5.84768607635594451361e-04 	 7 1 7 2
     -8.85311544757682710588e-04 	 7 1 7 3
      7.01045396068199254749e-04 	 7 1 7 4
     -1.47834853644225735700e-03 	 7 1 7 5
     -4.23476354170689787536e-04 	 7 1 7 6
      1.60707345457520821286e-02 	 7 1 7 7
     -1.02471068653381316288e-03 	 7 1 8 1
      1.58921647154382429017e-04 	 7 1 8 2
     -3.10998312557434679424e-04 	 7 1 8 3
      1.99090826157070910352e-03 	 7 1 8 4
      2.11895105438387630278e-03 	 7 1 8 5
     -7.97511533850407661715e-04 	 7 1 8 6
      4.34740327144983451646e-03 	 7 1 8 7
      3.34316628779263288682e-03 	 7 1 8 8
     -9.57624072208940017858e-04 	 7 2 1 1
     -1.10149093299742031546e-03 	 7 2 2 1
     -3.37119299469830317750e-03 	 7 2 2 2
      4.69007199804422211190e-04 	 7 2 3 1
      9.99189594453638594077e-04 	 7 2 3 2
      7.06662534923503649585e-04 	 7 2 3 3
      4.65388255383536540016e-04 	 7 2 4 1
     -1.86242084972262477577e-03 	 7 2 4 2
      1.37844719055014476583e-03 	 7 2 4 3
      9.71938570062178523344e-05 	 7 2 4 4
     -4.57040408201442565749e-04 	 7 2 5 1
     -1.12004948873927335888e-03 	 7 2 5 2
     -3.38662613237600826962e-04 	 7 2 5 3
     -1.94156528003896859929e-04 	 7 2 5 4
     -3.57138899145820741012e-04 	 7 2 5 5
     -4.67845805434882516718e-04 	 7 2 6 1
      6.19034706904557103374e-04 	 7 2 6 2
     -7.08949693707893922011e-04 	 7 2 6 3
     -7.34750286942976538283e-05 	 7 2 6 4
      1.52254261641285266538e-04 	 7 2 6 5
     -5.67130315316240565283e-04 	 7 2 6 6
     -5.84768607635590548233e-04 	 7 2 7 1
      2.18114780865926762010e-03 	 7 2 7 2
     -3.24429785443601509517e-05 	 7 2 7 3
     -1.25687684251098657313e-04 	 7 2 7 4
      3.21349619229930423200e-04 	 7 2 7 5
      2.95645850775751097440e-04 	 7 2 7 6
     -1.95787942437737746623e-03 	 7 2 7 7
      4.68563916920874913227e-04 	 7 2 8 1
     -1.27198825140752884780e-03 	 7 2 8 2
      5.04581411455175526254e-04 	 7 2 8 3
     -3.62451419202028792075e-04 	 7 2 8 4
     -1.09787874896792074104e-06 	 7 2 8 5
      2.56582896170336010027e-04 	 7 2 8 6
     -6.26291031308427378899e-04 	 7 2 8 7
     -7.96376246502000458873e-04 	 7 2 8 8
     -5.81287737400819522204e-03 	 7 3 1 1
      8.18704475211928605185e-05 	 7 3 2 1
      4.41113686811810384175e-03 	 7 3 2 2
     -2.00494457550720118003e-03 	 7 3 3 1
      8.17570830222530501316e-05 	 7 3 3 2
     -6.45904070383799232269e-03 	 7 3 3 3
      2.25723795006594837604e-04 	 7 3 4 1
     -8.28732209666455827692e-06 	 7 3 4 2
      1.30041722353981870942e-03 	 7 3 4 3
      3.00147078569213982685e-03 	 7 3 4 4
      4.51634079518607430351e-04 	 7 3 5 1
     -2.15894907567773514231e-05 	 7 3 5 2
      1.66427480302463234180e-03 	 7 3 5 3
     -1.37793696855905908882e-03 	 7 3 5 4
      2.56609222579644085868e-03 	 7 3 5 5
     -1.02260632584147219924e-03 	 7 3 6 1
     -7.66734227737554056414e-05 	 7 3 6 2
     -1.27105919169718959089e-04 	 7 3 6 3
     -9.89183435355593405208e-04 	 7 3 6 4
      1.06729773471449674443e-03 	 7 3 6 5
     -5.42788183860381905077e-03 	 7 3 6 6
     -8.85311544757678373779e-04 	 7 3 7 1
     -3.24429785443593039188e-05 	 7 3 7 2
      3.42370566857118883985e-03 	 7 3 7 3
      1.36260887094025087002e-03 	 7 3 7 4
     -2.03495192083058768287e-03 	 7 3 7 5
     -8.12630759250005589404e-04 	 7 3 7 6
     -3.75788960507861952154e-03 	 7 3 7 7
      6.77313882742303975150e-04 	 7 3 8 1
      5.32537827966919418516e-05 	 7 3 8 2
     -8.49689586521373504437e-04 	 7 3 8 3
     -2.04509246266358244923e-03 	 7 3 8 4
     -3.10677011926152374290e-04 	 7 3 8 5
      1.43918437363609996033e-04 	 7 3 8 6
      5.94564043855905135366e-04 	 7 3 8 7
      2.52024227407217403865e-03 	 7 3 8 8
      6.35338730801158352302e-04 	 7 4 1 1
     -2.04701723678156520883e-04 	 7 4 2 1
     -7.41922438144459062831e-03 	 7 4 2 2
     -5.65422096857148923782e-04 	 7 4 3 1
     -4.26909990937555158114e-04 	 7 4 3 2
      1.34500243864823596646e-02 	 7 4 3 3
     -4.68201066470844053796e-03 	 7 4 4 1
      4.08528324500015633039e-04 	 7 4 4 2
     -1.49627569598101889175e-04 	 7 4 4 3
      3.43483755368803470379e-03 	 7 4 4 4
     -5.99085436844555498277e-04 	 7 4 5 1
      5.68638269339415895580e-04 	 7 4 5 2
     -6.75064319695516004520e-04 	 7 4 5 3
      1.64002409505266139728e-03 	 7 4 5 4
      1.39823648278756488411e-03 	 7 4 5 5
     -3.27373790252233928637e-04 	 7 4 6 1
     -3.04880062776211361534e-04 	 7 4 6 2
     -1.40323531485538283235e-04 	 7 4 6 3
      1.78909845537589848145e-03 	 7 4 6 4
      4.14817477675625341689e-04 	 7 4 6 5
     -1.34947755558024605656e-03 	 7 4 6 6
      7.01045396068154910880e-04 	 7 4 7 1
     -1.25687684251096055228e-04 	 7 4 7 2
      1.36260887094025802575e-03 	 7 4 7 3
      1.13981379502370097634e-02 	 7 4 7 4
      2.15220988686320698416e-03 	 7 4 7 5
     -1.01461429160315877440e-03 	 7 4 7 6
      4.02294571479850423396e-03 	 7 4 7 7
      2.30653962276545585071e-05 	 7 4 8 1
      2.72316018184607451687e-04 	 7 4 8 2
     -1.02900355671449211976e-03 	 7 4 8 3
     -4.81757602084010704696e-03 	 7 4 8 4
      4.23109385801687814827e-04 	 7 4 8 5
      2.23442272891658270592e-03 	 7 4 8 6
      7.10607917895230995625e-03 	 7 4 8 7
      3.91096825767240675875e-03 	 7 4 8 8
      2.93409225060750145433e-03 	 7 5 1 1
     -3.68899871185414071108e-04 	 7 5 2 1
     -3.50181625967027343460e-02 	 7 5 2 2
      7.89852999198855992499e-04 	 7 5 3 1
     -1.11848452193790567585e-04 	 7 5 3 2
      2.74212000757135671014e-02 	 7 5 3 3
     -7.97780505598775710463e-03 	 7 5 4 1
      1.02312085751850908449e-03 	 7 5 4 2
      2.53859697569352093724e-03 	 7 5 4 3
     -3.50129659704893295841e-03 	 7 5 4 4
     -2.57826802365617195265e-03 	 7 5 5 1
      2.42390826260351766172e-04 	 7 5 5 2
      5.24048573487287047690e-03 	 7 5 5 3
      6.74243458787225115325e-03 	 7 5 5 4
     -2.84415275625562731336e-04 	 7 5 5 5
      3.16757585110029413894e-03 	 7 5 6 1
     -2.87356766467181557346e-04 	 7 5 6 2
     -1.15124900524675002401e-04 	 7 5 6 3
      8.20720227654453925170e-03 	 7 5 6 4
     -1.63919863399957163597e-02 	 7 5 6 5
      1.18163352197238977898e-02 	 7 5 6 6
     -1.47834853644221940992e-03 	 7 5 7 1
      3.21349619229922237474e-04 	 7 5 7 2
     -2.03495192083059245336e-03 	 7 5 7 3
      2.15220988686323213765e-03 	 7 5 7 4
      2.22874695978380332750e-02 	 7 5 7 5
      4.40227343612547682844e-03 	 7 5 7 6
     -8.70592715352412789553e-03 	 7 5 7 7
     -1.91085845625135232473e-03 	 7 5 8 1
      8.90837386795390728930e-05 	 7 5 8 2
      1.84543366341573321192e-03 	 7 5 8 3
     -2.41634816854018660143e-03 	 7 5 8 4
     -9.92370952872679776280e-03 	 7 5 8 5
      5.84872846285714852871e-04 	 7 5 8 6
      6.34745278784963140942e-04 	 7 5 8 7
     -9.63303497922730379843e-03 	 7 5 8 8
      2.06142805529443886442e-03 	 7 6 1 1
     -4.90517309007428578896e-05 	 7 6 2 1
     -8.14295424438275620982e-03 	 7 6 2 2
     -4.41755640355697248010e-05 	 7 6 3 1
      2.03216398233506081355e-04 	 7 6 3 2
     -9.36071698494415102391e-04 	 7 6 3 3
     -1.15091635104893610583e-03 	 7 6 4 1
      3.04281350444377980398e-05 	 7 6 4 2
      7.78851716814006698325e-04 	 7 6 4 3
      1.07433984406883750382e-03 	 7 6 4 4
      3.22182659593762759590e-04 	 7 6 5 1
     -2.60510146674756092305e-04 	 7 6 5 2
      1.22066189644514733539e-03 	 7 6 5 3
      1.27962436559542376557e-03 	 7 6 5 4
     -9.23886401927909335641e-03 	 7 6 5 5
     -3.11922895856046747745e-04 	 7 6 6 1
      8.13774983278546792118e-05 	 7 6 6 2
     -8.29229081804931764284e-04 	 7 6 6 3
      2.42863945822547168743e-03 	 7 6 6 4
     -2.83999149032402057810e-03 	 7 6 6 5
      1.18430647236177750102e-03 	 7 6 6 6
     -4.23476354170669350326e-04 	 7 6 7 1
      2.95645850775748386934e-04 	 7 6 7 2
     -8.12630759250010468314e-04 	 7 6 7 3
     -1.01461429160313362091e-03 	 7 6 7 4
      4.40227343612547162427e-03 	 7 6 7 5
      6.12708529916214991035e-03 	 7 6 7 6
     -5.25791977932602364043e-03 	 7 6 7 7
     -8.13711273165194080327e-04 	 7 6 8 1
     -9.62589555087231139776e-05 	 7 6 8 2
      7.96957397237146869529e-04 	 7 6 8 3
     -1.07458361737279247707e-03 	 7 6 8 4
     -2.32908287762726134290e-03 	 7 6 8 5
     -1.59574673268366123806e-03 	 7 6 8 6
      3.38195288474623376781e-04 	 7 6 8 7
      1.40095915666960438815e-03 	 7 6 8 8
      2.49005966331973083161e-01 	 7 7 1 1
      4.17981691277713180831e-04 	 7 7 2 1
      1.98199639612593125904e-01 	 7 7 2 2
      5.40549359514160349051e-05 	 7 7 3 1
      5.17774143854548207430e-04 	 7 7 3 2
      1.74990401251933991311e-01 	 7 7 3 3
      7.03849779567714863016e-03 	 7 7 4 1
     -7.55957500934208636786e-04 	 7 7 4 2
      7.36200291821784949704e-04 	 7 7 4 3
      2.07351377853248697303e-01 	 7 7 4 4
      6.37591613709016964695e-03 	 7 7 5 1
     -2.65655334550116183426e-04 	 7 7 5 2
     -4.15815009126478847545e-03 	 7 7 5 3
      3.72137456492384766787e-03 	 7 7 5 4
      2.26036854171047685291e-01 	 7 7 5 5
     -1.40966117428053443542e-03 	 7 7 6 1
      1.16142832598978133253e-03 	 7 7 6 2
     -3.25586112260249161202e-03 	 7 7 6 3
      7.45106233997210216924e-04 	 7 7 6 4
      9.99342099148052727398e-03 	 7 7 6 5
      1.98123878151985871598e-01 	 7 7 6 6
      1.60707345457521133536e-02 	 7 7 7 1
     -1.95787942437739134402e-03 	 7 7 7 2
     -3.75788960507862385835e-03 	 7 7 7 3
      4.02294571479852158119e-03 	 7 7 7 4
     -8.70592715352418340669e-03 	 7 7 7 5
     -5.25791977932605399809e-03 	 7 7 7 6
      3.06760004369720618023e-01 	 7 7 7 7
     -5.02981190112319551111e-03 	 7 7 8 1
     -1.08496492145179431778e-03 	 7 7 8 2
     -6.26197787109043519510e-04 	 7 7 8 3
      4.72708563762618775433e-03 	 7 7 8 4
      6.41015013855433801737e-03 	 7 7 8 5
      2.65217604805584967684e-03 	 7 7 8 6
      1.84047836953507015778e-02 	 7 7 8 7
      2.45980136052802667024e-01 	 7 7 8 8
     -1.73340070732342574344e-02 	 8 1 1 1
     -4.13537579564199971223e-04 	 8 1 2 1
      1.22103314269450952123e-02 	 8 1 2 2
     -9.21521539028958202797e-04 	 8 1 3 1
      3.00926854526998144421e-05 	 8 1 3 2
     -6.00078023867258586455e-03 	 8 1 3 3
      2.69019315066739523809e-03 	 8 1 4 1
     -4.80577153860407694282e-04 	 8 1 4 2
     -3.99180025737146744642e-04 	 8 1 4 3
      3.85438586628792170807e-03 	 8 1 4 4
      3.97685767136654599874e-04 	 8 1 5 1
     -3.22741407240585795758e-04 	 8 1 5 2
     -4.06413128292103503075e-04 	 8 1 5 3
     -2.28107685956281452597e-03 	 8 1 5 4
      1.33764960946628971850e-03 	 8 1 5 5
     -6.72574515859614249953e-04 	 8 1 6 1
     -2.51356310984890796796e-05 	 8 1 6 2
      3.15377573228257490189e-04 	 8 1 6 3
     -2.69680957807377037413e-03 	 8 1 6 4
      1.99617562636011328797e-03 	 8 1 6 5
     -4.02392994079148625525e-03 	 8 1 6 6
     -1.02471068653378519046e-03 	 8 1 7 1
      4.68563916920877623733e-04 	 8 1 7 2
      6.77313882742299746761e-04 	 8 1 7 3
      2.30653962276692765516e-05 	 8 1 7 4
     -1.91085845625133150805e-03 	 8 1 7 5
     -8.13711273165221402222e-04 	 8 1 7 6
     -5.02981190112313392843e-03 	 8 1 7 7
      5.23349298031055253089e-03 	 8 1 8 1
      4.72541352251965919053e-06 	 8 1 8 2
     -1.20317780358345470526e-03 	 8 1 8 3
      9.62798930968655091757e-04 	 8 1 8 4
      1.33745314859522331473e-03 	 8 1 8 5
     -1.12728519810306650889e-03 	 8 1 8 6
     -2.92618018434455872887e-03 	 8 1 8 7
     -9.63686100231426166773e-03 	 8 1 8 8
     -7.31917320718645223777e-04 	 8 2 1 1
      1.21431138873279880798e-03 	 8 2 2 1
      2.50865458943421749949e-03 	 8 2 2 2
     -4.33654973761648902808e-04 	 8 2 3 1
     -1.25719264482179000561e-03 	 8 2 3 2
      9.44001286831159386326e-04 	 8 2 3 3
     -4.45151682761625740702e-04 	 8 2 4 1
      2.79049211927351109228e-03 	 8 2 4 2
     -9.64934237736883972450e-04 	 8 2 4 3
     -6.53797150562943801041e-05 	 8 2 4 4
      2.04264259362376012332e-04 	 8 2 5 1
      3.91064253193995387155e-04 	 8 2 5 2
      2.45394411396259034489e-04 	 8 2 5 3
      2.74306501903169997880e-04 	 8 2 5 4
     -7.72968777708363355720e-05 	 8 2 5 5
      3.64728425449396017992e-04 	 8 2 6 1
     -1.32768224236530139014e-03 	 8 2 6 2
      5.28801625410566834840e-04 	 8 2 6 3
      6.17729894241589544239e-05 	 8 2 6 4
     -1.93291058024070821477e-04 	 8 2 6 5
      6.08419642127342960060e-04 	 8 2 6 6
      1.58921647154382266387e-04 	 8 2 7 1
     -1.27198825140752884780e-03 	 8 2 7 2
      5.32537827966930870402e-05 	 8 2 7 3
      2.72316018184607126426e-04 	 8 2 7 4
      8.90837386795373923796e-05 	 8 2 7 5
     -9.62589555087229648998e-05 	 8 2 7 6
     -1.08496492145179475146e-03 	 8 2 7 7
      4.72541352252099157335e-06 	 8 2 8 1
      1.95311119388510241388e-03 	 8 2 8 2
     -4.01948641782778242140e-04 	 8 2 8 3
      3.98831060888254714837e-04 	 8 2 8 4
      9.92083106304492899586e-05 	 8 2 8 5
     -1.19849604870819864666e-04 	 8 2 8 6
     -1.78113342219935475233e-04 	 8 2 8 7
      7.57980670191963452550e-04 	 8 2 8 8
     -1.32745593013036981486e-04 	 8 3 1 1
     -3.57799799955663729977e-04 	 8 3 2 1
     -1.33326597263172478419e-02 	 8 3 2 2
      2.46400516878626785460e-04 	 8 3 3 1
      4.39413331301138313390e-04 	 8 3 3 2
      7.72096424953616460030e-03 	 8 3 3 3
     -1.46196548462979459410e-03 	 8 3 4 1
     -1.88006349336719845488e-04 	 8 3 4 2
      2.15519885256619265351e-03 	 8 3 4 3
     -3.54787462271316045639e-03 	 8 3 4 4
     -5.16268960668513879515e-04 	 8 3 5 1
     -2.13587392950328309148e-04 	 8 3 5 2
      3.85286840126011060313e-04 	 8 3 5 3
      1.60603958812074207145e-03 	 8 3 5 4
     -2.92784387809524090235e-03 	 8 3 5 5
      9.22384812788043517706e-04 	 8 3 6 1
      1.26062100568726008845e-04 	 8 3 6 2
      4.87243746962109133391e-04 	 8 3 6 3
      2.39522943616155741323e-03 	 8 3 6 4
     -2.11088973025608207454e-03 	 8 3 6 5
      3.83270980985558852236e-03 	 8 3 6 6
     -3.10998312557439775174e-04 	 8 3 7 1
      5.04581411455175092573e-04 	 8 3 7 2
     -8.49689586521372528655e-04 	 8 3 7 3
     -1.02900355671448734927e-03 	 8 3 7 4
      1.84543366341572800775e-03 	 8 3 7 5
      7.96957397237151423178e-04 	 8 3 7 6
     -6.26197787109057830979e-04 	 8 3 7 7
     -1.20317780358345622314e-03 	 8 3 8 1
     -4.01948641782778946872e-04 	 8 3 8 2
      1.94507669530025574869e-03 	 8 3 8 3
     -5.86300099493195143487e-04 	 8 3 8 4
     -9.71749331825655544848e-04 	 8 3 8 5
      8.54215920010404955627e-04 	 8 3 8 6
      5.72426033309576814826e-05 	 8 3 8 7
      2.20583902029354529326e-03 	 8 3 8 8
      1.08938413772508967819e-02 	 8 4 1 1
      3.11034938001135278021e-04 	 8 4 2 1
      3.62442845975047903129e-02 	 8 4 2 2
      5.13259034245871397298e-04 	 8 4 3 1
     -3.96617078470367560947e-04 	 8 4 3 2
      8.19550685768895455230e-03 	 8 4 3 3
      6.71922349685001932262e-03 	 8 4 4 1
     -6.88396275951895449162e-05 	 8 4 4 2
     -3.70947765673639972411e-03 	 8 4 4 3
     -1.12661382362357100073e-02 	 8 4 4 4
     -2.09538062876893360631e-03 	 8 4 5 1
      2.18870648140252077206e-04 	 8 4 5 2
     -5.52820134021529533720e-04 	 8 4 5 3
     -1.82918650699986158788e-03 	 8 4 5 4
     -1.97734215210034532800e-03 	 8 4 5 5
     -8.34955442198461947334e-04 	 8 4 6 1
     -6.57148013258676550038e-05 	 8 4 6 2
      1.13934778848413884728e-03 	 8 4 6 3
     -8.23038013608145407884e-03 	 8 4 6 4
      5.88890189568884708099e-03 	 8 4 6 5
      1.02341664370104497989e-02 	 8 4 6 6
      1.99090826157068264898e-03 	 8 4 7 1
     -3.62451419202031123110e-04 	 8 4 7 2
     -2.04509246266358375027e-03 	 8 4 7 3
     -4.81757602084007061777e-03 	 8 4 7 4
     -2.41634816854024948515e-03 	 8 4 7 5
     -1.07458361737281784740e-03 	 8 4 7 6
      4.72708563762618862170e-03 	 8 4 7 7
      9.62798930968637419262e-04 	 8 4 8 1
      3.98831060888257533763e-04 	 8 4 8 2
     -5.86300099493193950864e-04 	 8 4 8 3
      1.59118460881582969579e-02 	 8 4 8 4
      5.37382199968723054534e-03 	 8 4 8 5
     -1.49370264886236506045e-03 	 8 4 8 6
     -2.74573265778685739538e-03 	 8 4 8 7
     -1.97401274226271100654e-02 	 8 4 8 8
      5.35248447573221600854e-03 	 8 5 1 1
      1.77973262868715000290e-05 	 8 5 2 1
      1.44808238908167106335e-02 	 8 5 2 2
      1.99572802757985674543e-04 	 8 5 3 1
     -6.15381157106468400968e-05 	 8 5 3 2
     -1.79513009455435266180e-03 	 8 5 3 3
      2.77649074126686034106e-03 	 8 5 4 1
     -3.88883881480672440913e-04 	 8 5 4 2
     -1.53276903001331563266e-03 	 8 5 4 3
     -7.25218286246481769197e-03 	 8 5 4 4
      5.88398166052168204243e-05 	 8 5 5 1
      1.45724934486911940649e-04 	 8 5 5 2
     -3.28628468247630029300e-03 	 8 5 5 3
     -1.82382074750682150049e-03 	 8 5 5 4
     -7.24092858548630678023e-03 	 8 5 5 5
     -7.42690985171024138124e-04 	 8 5 6 1
      7.64639980668290966540e-05 	 8 5 6 2
      2.05883518920600737737e-04 	 8 5 6 3
     -3.90425471492630198414e-03 	 8 5 6 4
      1.00990921385021824308e-02 	 8 5 6 5
     -7.42698193040882618902e-04 	 8 5 6 6
      2.11895105438393571706e-03 	 8 5 7 1
     -1.09787874896858672070e-06 	 8 5 7 2
     -3.10677011926154163224e-04 	 8 5 7 3
      4.23109385801670901273e-04 	 8 5 7 4
     -9.92370952872673878220e-03 	 8 5 7 5
     -2.32908287762724269462e-03 	 8 5 7 6
      6.41015013855440306950e-03 	 8 5 7 7
      1.33745314859523871040e-03 	 8 5 8 1
      9.92083106304462541926e-05 	 8 5 8 2
     -9.71749331825657604832e-04 	 8 5 8 3
      5.37382199968722707589e-03 	 8 5 8 4
      1.04207611749026988340e-02 	 8 5 8 5
     -2.54911610345437032125e-04 	 8 5 8 6
     -4.20848367577415858731e-04 	 8 5 8 7
     -1.09605022664229483781e-02 	 8 5 8 8
      8.07200133335636907383e-04 	 8 6 1 1
     -2.92695757517333842411e-04 	 8 6 2 1
     -1.17752807590820237488e-02 	 8 6 2 2
      2.57715296880190510714e-04 	 8 6 3 1
      5.66825091386066379478e-05 	 8 6 3 2
      1.24663686364847002552e-02 	 8 6 3 3
     -2.31809652836316654537e-03 	 8 6 4 1
      1.35583283871502035221e-04 	 8 6 4 2
      1.10059597498658712743e-03 	 8 6 4 3
     -2.35786639063758013748e-03 	 8 6 4 4
     -2.96602031821165037367e-04 	 8 6 5 1
      1.84872495816216115281e-04 	 8 6 5 2
     -2.64188623702794867475e-04 	 8 6 5 3
      2.15796145089566966668e-03 	 8 6 5 4
      4.84412855179627583474e-03 	 8 6 5 5
      1.03553356393468990078e-03 	 8 6 6 1
     -5.11052573822524343257e-06 	 8 6 6 2
     -2.16265897827633979270e-04 	 8 6 6 3
      2.97622495209112335884e-03 	 8 6 6 4
     -3.32160585377565124084e-04 	 8 6 6 5
      5.77694951813509816746e-03 	 8 6 6 6
     -7.97511533850396928114e-04 	 8 6 7 1
      2.56582896170338449482e-04 	 8 6 7 2
      1.43918437363606391060e-04 	 8 6 7 3
      2.23442272891659745107e-03 	 8 6 7 4
      5.84872846285724935951e-04 	 8 6 7 5
     -1.59574673268369766725e-03 	 8 6 7 6
      2.65217604805585184524e-03 	 8 6 7 7
     -1.12728519810305241426e-03 	 8 6 8 1
     -1.19849604870822290569e-04 	 8 6 8 2
      8.54215920010404955627e-04 	 8 6 8 3
     -1.49370264886235096582e-03 	 8 6 8 4
     -2.54911610345453349367e-04 	 8 6 8 5
      3.66192921276383689597e-03 	 8 6 8 6
      2.19643121833167477910e-03 	 8 6 8 7
      6.46645645992592003198e-03 	 8 6 8 8
      7.02682713232769418782e-03 	 8 7 1 1
      2.15574258817812077979e-04 	 8 7 2 1
      4.14539593541561179196e-04 	 8 7 2 2
     -1.55266136153402151783e-04 	 8 7 3 1
     -7.81635444817411372724e-05 	 8 7 3 2
     -6.36536835677264413447e-03 	 8 7 3 3
      1.75606882322563648269e-03 	 8 7 4 1
     -2.43282784114474352061e-05 	 8 7 4 2
     -1.99241681949130196652e-03 	 8 7 4 3
     -3.37538111666671513181e-03 	 8 7 4 4
      8.42917161314623111269e-04 	 8 7 5 1
      8.48412687121940123792e-05 	 8 7 5 2
     -1.67503258968656923260e-03 	 8 7 5 3
      5.10380005527981774928e-04 	 8 7 5 4
     -1.18770225734385562882e-02 	 8 7 5 5
     -1.97827789922502654540e-03 	 8 7 6 1
      3.74825953454532926614e-05 	 8 7 6 2
     -3.66405193656651342687e-05 	 8 7 6 3
     -1.43576024577571153239e-03 	 8 7 6 4
      2.63325042443876295578e-03 	 8 7 6 5
     -1.17296076540124461635e-02 	 8 7 6 6
      4.34740327144987875191e-03 	 8 7 7 1
     -6.26291031308422391569e-04 	 8 7 7 2
      5.94564043855903183802e-04 	 8 7 7 3
      7.10607917895230995625e-03 	 8 7 7 4
      6.34745278784994257544e-04 	 8 7 7 5
      3.38195288474602289049e-04 	 8 7 7 6
      1.84047836953508472946e-02 	 8 7 7 7
     -2.92618018434455005525e-03 	 8 7 8 1
     -1.78113342219931572105e-04 	 8 7 8 2
      5.72426033309603919880e-05 	 8 7 8 3
     -2.74573265778687170685e-03 	 8 7 8 4
     -4.20848367577415479260e-04 	 8 7 8 5
      2.19643121833167738119e-03 	 8 7 8 6
      1.99066203015815026967e-02 	 8 7 8 7
      2.67853652289502808248e-02 	 8 7 8 8
      2.01693354952780540268e-01 	 8 8 1 1
      4.87772101026877650740e-04 	 8 8 2 1
      1.79502771115776754707e-01 	 8 8 2 2
     -2.93976348064177613051e-03 	 8 8 3 1
      7.14784811148357784351e-04 	 8 8 3 2
      1.42713192897190976893e-01 	 8 8 3 3
      4.67928074361960519983e-03 	 8 8 4 1
     -9.64405476415263786250e-04 	 8 8 4 2
      1.90633941169483117108e-03 	 8 8 4 3
      2.23078182592160501052e-01 	 8 8 4 4
      9.95481310970565413943e-03 	 8 8 5 1
     -6.33407990081371057196e-04 	 8 8 5 2
     -3.60925176893632905853e-03 	 8 8 5 3
      1.21250436288755213815e-03 	 8 8 5 4
      2.04731216417624733994e-01 	 8 8 5 5
     -4.55247560731566330849e-03 	 8 8 6 1
      8.74384375652417344255e-04 	 8 8 6 2
     -2.37664173595913442993e-03 	 8 8 6 3
      3.97583605834940425477e-03 	 8 8 6 4
      1.28342581913370307189e-03 	 8 8 6 5
      1.62415462740571031608e-01 	 8 8 6 6
      3.34316628779260339652e-03 	 8 8 7 1
     -7.96376246502003603059e-04 	 8 8 7 2
      2.52024227407217013552e-03 	 8 8 7 3
      3.91096825767242497335e-03 	 8 8 7 4
     -9.63303497922730379843e-03 	 8 8 7 5
      1.40095915666960894180e-03 	 8 8 7 6
      2.45980136052802611513e-01 	 8 8 7 7
     -9.63686100231432238306e-03 	 8 8 8 1
      7.57980670191968548301e-04 	 8 8 8 2
      2.20583902029354269117e-03 	 8 8 8 3
     -1.97401274226270649625e-02 	 8 8 8 4
     -1.09605022664229570517e-02 	 8 8 8 5
      6.46645645992590962364e-03 	 8 8 8 6
      2.67853652289501316386e-02 	 8 8 8 7
      3.35174877370681634225e-01 	 8 8 8 8
     -1.86142529842662041162e+00 	 1 1 0 0
     -5.59297908142480926230e-03 	 1 2 0 0
      3.09315282806408992089e-02 	 1 3 0 0
     -7.03368758410166938777e-02 	 1 4 0 0
      4.62253583088532375017e-03 	 1 5 0 0
      7.82586658042650068490e-02 	 1 6 0 0
      1.87993906577855002249e-01 	 1 7 0 0
      1.63119858102072287642e-02 	 1 8 0 0
     -5.59297908142396098252e-03 	 2 1 0 0
     -2.19465754866172346738e+00 	 2 2 0 0
      5.07092271182447984490e-03 	 2 3 0 0
     -6.80830631564788377880e-03 	 2 4 0 0
     -9.49018565984642396838e-03 	 2 5 0 0
      1.77164715252107443817e-03 	 2 6 0 0
      1.10225585284367925964e-02 	 2 7 0 0
     -8.68626780728587975788e-03 	 2 8 0 0
      3.09315282806766969625e-02 	 3 1 0 0
      5.07092271182405657237e-03 	 3 2 0 0
     -2.04732550558370185456e+00 	 3 3 0 0
      4.34043563942863031002e-02 	 3 4 0 0
      4.18710636257501045421e-02 	 3 5 0 0
     -2.06153291752315948049e-02 	 3 6 0 0
     -1.48564430803791586166e-02 	 3 7 0 0
      2.25717876085237793837e-02 	 3 8 0 0
     -7.03368758410394673275e-02 	 4 1 0 0
     -6.80830631564810582340e-03 	 4 2 0 0
      4.34043563942830418201e-02 	 4 3 0 0
     -1.87482451968498375905e+00 	 4 4 0 0
     -2.02392065883754967981e-01 	 4 5 0 0
      7.17278997598640583044e-02 	 4 6 0 0
      1.84329937022778833633e-02 	 4 7 0 0
     -2.39376733022393706207e-01 	 4 8 0 0
      4.62253583090710233605e-03 	 5 1 0 0
     -9.49018565984681948533e-03 	 5 2 0 0
      4.18710636257497922919e-02 	 5 3 0 0
     -2.02392065883768679235e-01 	 5 4 0 0
     -1.85624744319310841512e+00 	 5 5 0 0
      8.50375892369694200146e-03 	 5 6 0 0
      1.36524535889589182514e-01 	 5 7 0 0
     -3.52612306068630990130e-02 	 5 8 0 0
      7.82586658042688648740e-02 	 6 1 0 0
      1.77164715252052214559e-03 	 6 2 0 0
     -2.06153291752452713648e-02 	 6 3 0 0
      7.17278997598939788150e-02 	 6 4 0 0
      8.50375892370698951983e-03 	 6 5 0 0
     -1.75003693487747180590e+00 	 6 6 0 0
      4.48462470660223391783e-02 	 6 7 0 0
     -1.48597049475360509785e-02 	 6 8 0 0
      1.87993906577885339093e-01 	 7 1 0 0
      1.10225585284400486724e-02 	 7 2 0 0
     -1.48564430803821770355e-02 	 7 3 0 0
      1.84329937022375545119e-02 	 7 4 0 0
      1.36524535889573694902e-01 	 7 5 0 0
      4.48462470659934733797e-02 	 7 6 0 0
     -2.03555411947655651161e+00 	 7 7 0 0
      1.82953649723471112321e-01 	 7 8 0 0
      1.63119858102091508378e-02 	 8 1 0 0
     -8.68626780728482331129e-03 	 8 2 0 0
      2.25717876085239077533e-02 	 8 3 0 0
     -2.39376733022427290454e-01 	 8 4 0 0
     -3.52612306068807862536e-02 	 8 5 0 0
     -1.48597049475347672831e-02 	 8 6 0 0
      1.82953649723492706158e-01 	 8 7 0 0
     -1.67648050020936745241e+00 	 8 8 0 0
     -2.99501366379649061855e+03 	 0 0 0 0
