     Theta        Phi           Ex           Ey           Ez               Para_E              Ortho_E               Meta_E
----------------------------------------------------------------------------------------------------------------------------
     0.000      0.000     0.000000     0.000000     0.100000   -3010.338570570243   -3010.342877887723   -3010.348170556672
     0.000     18.000     0.000000     0.000000     0.100000   -3010.338570570243   -3010.342877887723   -3010.348170556672
     0.000     36.000     0.000000     0.000000     0.100000   -3010.338570570243   -3010.342877887723   -3010.348170556672
     0.000     54.000     0.000000     0.000000     0.100000   -3010.338570570243   -3010.342877887723   -3010.348170556672
     0.000     72.000     0.000000     0.000000     0.100000   -3010.338570570243   -3010.342877887723   -3010.348170556672
     0.000     90.000     0.000000     0.000000     0.100000   -3010.338570570243   -3010.342877887723   -3010.348170556672
     0.000    108.000    -0.000000     0.000000     0.100000   -3010.338570570243   -3010.342877887723   -3010.348170556672
     0.000    126.000    -0.000000     0.000000     0.100000   -3010.338570570243   -3010.342877887723   -3010.348170556672
     0.000    144.000    -0.000000     0.000000     0.100000   -3010.338570570243   -3010.342877887723   -3010.348170556672
     0.000    162.000    -0.000000     0.000000     0.100000   -3010.338570570243   -3010.342877887723   -3010.348170556672
     0.000    180.000    -0.000000     0.000000     0.100000   -3010.338570570243   -3010.342877887723   -3010.348170556672
     0.000    198.000    -0.000000    -0.000000     0.100000   -3010.338570570243   -3010.342877887723   -3010.348170556672
     0.000    216.000    -0.000000    -0.000000     0.100000   -3010.338570570243   -3010.342877887723   -3010.348170556672
     0.000    234.000    -0.000000    -0.000000     0.100000   -3010.338570570243   -3010.342877887723   -3010.348170556672
     0.000    252.000    -0.000000    -0.000000     0.100000   -3010.338570570243   -3010.342877887723   -3010.348170556672
     0.000    270.000    -0.000000    -0.000000     0.100000   -3010.338570570243   -3010.342877887723   -3010.348170556672
     0.000    288.000     0.000000    -0.000000     0.100000   -3010.338570570243   -3010.342877887723   -3010.348170556672
     0.000    306.000     0.000000    -0.000000     0.100000   -3010.338570570243   -3010.342877887723   -3010.348170556672
     0.000    324.000     0.000000    -0.000000     0.100000   -3010.338570570243   -3010.342877887723   -3010.348170556672
     0.000    342.000     0.000000    -0.000000     0.100000   -3010.338570570243   -3010.342877887723   -3010.348170556672
     0.000    360.000     0.000000    -0.000000     0.100000   -3010.338570570243   -3010.342877887723   -3010.348170556672
     9.000      0.000     0.015643     0.000000     0.098769   -3010.334999202893   -3010.343369697422   -3010.346311878338
     9.000     18.000     0.014878     0.004834     0.098769   -3010.335114824366   -3010.342742414008   -3010.345534988101
     9.000     36.000     0.012656     0.009195     0.098769   -3010.335439337345   -3010.341951552926   -3010.344888795323
     9.000     54.000     0.009195     0.012656     0.098769   -3010.335960893075   -3010.341108138068   -3010.344485460375
     9.000     72.000     0.004834     0.014878     0.098769   -3010.336652317421   -3010.340347415711   -3010.344407704800
     9.000     90.000     0.000000     0.015643     0.098769   -3010.337463884858   -3010.339794787950   -3010.344684564976
     9.000    108.000    -0.004834     0.014878     0.098769   -3010.338321500846   -3010.339534533314   -3010.345279968139
     9.000    126.000    -0.009195     0.012656     0.098769   -3010.339132864125   -3010.339591176470   -3010.346098876938
     9.000    144.000    -0.012656     0.009195     0.098769   -3010.339800585317   -3010.339928142500   -3010.347010093584
     9.000    162.000    -0.014878     0.004834     0.098769   -3010.340238662912   -3010.340462811007   -3010.347878765567
     9.000    180.000    -0.015643     0.000000     0.098769   -3010.340388069038   -3010.341092611935   -3010.348597738971
     9.000    198.000    -0.014878    -0.004834     0.098769   -3010.340227832583   -3010.341723662635   -3010.349107167872
     9.000    216.000    -0.012656    -0.009195     0.098769   -3010.339779125182   -3010.342292433461   -3010.349396435981
     9.000    234.000    -0.009195    -0.012656     0.098769   -3010.339101403430   -3010.342773230255   -3010.349489646989
     9.000    252.000    -0.004834    -0.014878     0.098769   -3010.338281491496   -3010.343169754467   -3010.349422506734
     9.000    270.000    -0.000000    -0.015643     0.098769   -3010.337418034402   -3010.343495493335   -3010.349221377659
     9.000    288.000     0.004834    -0.014878     0.098769   -3010.336604846442   -3010.343752246632   -3010.348893468903
     9.000    306.000     0.009195    -0.012656     0.098769   -3010.335917345329   -3010.343916687561   -3010.348431626377
     9.000    324.000     0.012656    -0.009195     0.098769   -3010.335405771827   -3010.343941451865   -3010.347830588042
     9.000    342.000     0.014878    -0.004834     0.098769   -3010.335096502742   -3010.343771438934   -3010.347106703953
     9.000    360.000     0.015643    -0.000000     0.098769   -3010.334999202890   -3010.343369697423   -3010.346311878338
    18.000      0.000     0.030902     0.000000     0.095106   -3010.330036999957   -3010.342577875995   -3010.343204142700
    18.000     18.000     0.029389     0.009549     0.095106   -3010.330206605205   -3010.341382022367   -3010.341458039353
    18.000     36.000     0.025000     0.018164     0.095106   -3010.330687321710   -3010.339629402594   -3010.339875150659
    18.000     54.000     0.018164     0.025000     0.095106   -3010.331516966795   -3010.337634054771   -3010.338797994214
    18.000     72.000     0.009549     0.029389     0.095106   -3010.332711484940   -3010.335807173579   -3010.338499889458
    18.000     90.000     0.000000     0.030902     0.095106   -3010.334220480471   -3010.334527154887   -3010.339096940865
    18.000    108.000    -0.009549     0.029389     0.095106   -3010.335908325929   -3010.334030577229   -3010.340500123903
    18.000    126.000    -0.018164     0.025000     0.095106   -3010.337570749051   -3010.334357877615   -3010.342429315740
    18.000    144.000    -0.025000     0.018164     0.095106   -3010.338976840006   -3010.335358531091   -3010.344491568974
    18.000    162.000    -0.029389     0.009549     0.095106   -3010.339916691739   -3010.336745766389   -3010.346299127707
    18.000    180.000    -0.030902     0.000000     0.095106   -3010.340242949977   -3010.338187622353   -3010.347583482946
    18.000    198.000    -0.029389    -0.009549     0.095106   -3010.339901895867   -3010.339411206491   -3010.348261418107
    18.000    216.000    -0.025000    -0.018164     0.095106   -3010.338946021441   -3010.340283308662   -3010.348427507609
    18.000    234.000    -0.018164    -0.025000     0.095106   -3010.337522250128   -3010.340833356326   -3010.348279221985
    18.000    252.000    -0.009549    -0.029389     0.095106   -3010.335841255691   -3010.341208740172   -3010.348010851242
    18.000    270.000    -0.000000    -0.030902     0.095106   -3010.334136415417   -3010.341582691543   -3010.347723707222
    18.000    288.000     0.009549    -0.029389     0.095106   -3010.332616616202   -3010.342055970407   -3010.347389556885
    18.000    306.000     0.018164    -0.025000     0.095106   -3010.331423258201   -3010.342594453079   -3010.346879677088
    18.000    324.000     0.025000    -0.018164     0.095106   -3010.330610942129   -3010.343025576676   -3010.346043540349
    18.000    342.000     0.029389    -0.009549     0.095106   -3010.330163445119   -3010.343096195323   -3010.344800372461
    18.000    360.000     0.030902    -0.000000     0.095106   -3010.330036999955   -3010.342577875992   -3010.343204142700
    27.000      0.000     0.045399     0.000000     0.089101   -3010.324168269774   -3010.340660516129   -3010.339184208666
    27.000     18.000     0.043177     0.014029     0.089101   -3010.324323573799   -3010.339022549815   -3010.336349952505
    27.000     36.000     0.036729     0.026685     0.089101   -3010.324776973369   -3010.336205663354   -3010.333613210395
    27.000     54.000     0.026685     0.036729     0.089101   -3010.325679684029   -3010.332819529928   -3010.331644772177
    27.000     72.000     0.014029     0.043177     0.089101   -3010.327156759505   -3010.329689700171   -3010.331000949984
    27.000     90.000     0.000000     0.045399     0.089101   -3010.329196638596   -3010.327560658852   -3010.331939284076
    27.000    108.000    -0.014029     0.043177     0.089101   -3010.331607073189   -3010.326869260187   -3010.334307121367
    27.000    126.000    -0.026685     0.036729     0.089101   -3010.334057599002   -3010.327657265777   -3010.337559437010
    27.000    144.000    -0.036729     0.026685     0.089101   -3010.336172496251   -3010.329599431391   -3010.340923028242
    27.000    162.000    -0.043177     0.014029     0.089101   -3010.337608759830   -3010.332106241155   -3010.343652087403
    27.000    180.000    -0.045399     0.000000     0.089101   -3010.338115230861   -3010.334500100182   -3010.345273441941
    27.000    198.000    -0.043177    -0.014029     0.089101   -3010.337595767661   -3010.336241718334   -3010.345725680067
    27.000    216.000    -0.036729    -0.026685     0.089101   -3010.336142578778   -3010.337116703203   -3010.345329837555
    27.000    234.000    -0.026685    -0.036729     0.089101   -3010.334005508605   -3010.337287564279   -3010.344604987143
    27.000    252.000    -0.014029    -0.043177     0.089101   -3010.331527901410   -3010.337186326711   -3010.344021015774
    27.000    270.000    -0.000000    -0.045399     0.089101   -3010.329087457221   -3010.337293618173   -3010.343795741029
    27.000    288.000     0.014029    -0.043177     0.089101   -3010.327021975279   -3010.337904953213   -3010.343815665258
    27.000    306.000     0.026685    -0.036729     0.089101   -3010.325536385832   -3010.338993927603   -3010.343709984298
    27.000    324.000     0.036729    -0.026685     0.089101   -3010.324653746143   -3010.340203606761   -3010.343042354806
    27.000    342.000     0.043177    -0.014029     0.089101   -3010.324251624249   -3010.340953190102   -3010.341528910725
    27.000    360.000     0.045399    -0.000000     0.089101   -3010.324168269771   -3010.340660516131   -3010.339184208664
    36.000      0.000     0.058779     0.000000     0.080902   -3010.317957754963   -3010.337862900416   -3010.334692982269
    36.000     18.000     0.055902     0.018164     0.080902   -3010.318033856192   -3010.335979398758   -3010.330728940587
    36.000     36.000     0.047553     0.034549     0.080902   -3010.318288253153   -3010.332089476446   -3010.326706365670
    36.000     54.000     0.034549     0.047553     0.080902   -3010.319039665136   -3010.327174324365   -3010.323698216595
    36.000     72.000     0.018164     0.055902     0.080902   -3010.320569538032   -3010.322594265408   -3010.322614965136
    36.000     90.000     0.000000     0.058779     0.080902   -3010.322929461834   -3010.319553764710   -3010.323899573559
    36.000    108.000    -0.018164     0.055902     0.080902   -3010.325873449896   -3010.318719139397   -3010.327325671805
    36.000    126.000    -0.034549     0.047553     0.080902   -3010.328946363373   -3010.320116632081   -3010.332014201002
    36.000    144.000    -0.047553     0.034549     0.080902   -3010.331650619331   -3010.323208603939   -3010.336717123098
    36.000    162.000    -0.055902     0.018164     0.080902   -3010.333525756135   -3010.327032655711   -3010.340256492576
    36.000    180.000    -0.058779     0.000000     0.080902   -3010.334200321577   -3010.330464292155   -3010.341932199165
    36.000    198.000    -0.055902    -0.018164     0.080902   -3010.333520086609   -3010.332613932854   -3010.341756346321
    36.000    216.000    -0.047553    -0.034549     0.080902   -3010.331630212329   -3010.333174437466   -3010.340387332360
    36.000    234.000    -0.034549    -0.047553     0.080902   -3010.328901316268   -3010.332513672344   -3010.338788142358
    36.000    252.000    -0.018164    -0.055902     0.080902   -3010.325795760206   -3010.331481560139   -3010.337799416022
    36.000    270.000    -0.000000    -0.058779     0.080902   -3010.322810308337   -3010.331004727632   -3010.337792233330
    36.000    288.000     0.018164    -0.055902     0.080902   -3010.320407684295   -3010.331649999942   -3010.338525138872
    36.000    306.000     0.034549    -0.047553     0.080902   -3010.318854454296   -3010.333410639869   -3010.339274507704
    36.000    324.000     0.047553    -0.034549     0.080902   -3010.318120437891   -3010.335713801686   -3010.339186707592
    36.000    342.000     0.055902    -0.018164     0.080902   -3010.317932674254   -3010.337558764482   -3010.337679283226
    36.000    360.000     0.058779    -0.000000     0.080902   -3010.317957754964   -3010.337862900417   -3010.334692982267
    45.000      0.000     0.070711     0.000000     0.070711   -3010.311999329101   -3010.334469619012   -3010.330210693294
    45.000     18.000     0.067250     0.021851     0.070711   -3010.311942977284   -3010.332589914737   -3010.325161263550
    45.000     36.000     0.057206     0.041563     0.070711   -3010.311859308254   -3010.327732676019   -3010.319822002270
    45.000     54.000     0.041563     0.057206     0.070711   -3010.312269392437   -3010.321286831906   -3010.315711986984
    45.000     72.000     0.021851     0.067250     0.070711   -3010.313630179848   -3010.315226090157   -3010.314139128245
    45.000     90.000     0.000000     0.070711     0.070711   -3010.316064777262   -3010.311281081449   -3010.315759019481
    45.000    108.000    -0.021851     0.067250     0.070711   -3010.319284090724   -3010.310359728279   -3010.320258930550
    45.000    126.000    -0.041563     0.057206     0.070711   -3010.322734711700   -3010.312457430614   -3010.326373230916
    45.000    144.000    -0.057206     0.041563     0.070711   -3010.325850226099   -3010.316812570780   -3010.332324181823
    45.000    162.000    -0.067250     0.021851     0.070711   -3010.328077380505   -3010.322053167115   -3010.336474953382
    45.000    180.000    -0.070711     0.000000     0.070711   -3010.328899866520   -3010.326533004978   -3010.337903693454
    45.000    198.000    -0.067250    -0.021851     0.070711   -3010.328085074909   -3010.328945035297   -3010.336749735626
    45.000    216.000    -0.057206    -0.041563     0.070711   -3010.325847609096   -3010.328885870205   -3010.334089600153
    45.000    234.000    -0.041563    -0.057206     0.070711   -3010.322704866450   -3010.326990232414   -3010.331399898057
    45.000    252.000    -0.021851    -0.067250     0.070711   -3010.319218224729   -3010.324636237554   -3010.329948937352
    45.000    270.000    -0.000000    -0.070711     0.070711   -3010.315949553997   -3010.323307492116   -3010.330292171608
    45.000    288.000     0.021851    -0.067250     0.070711   -3010.313456439193   -3010.323879995169   -3010.332037481746
    45.000    306.000     0.041563    -0.057206     0.070711   -3010.312055461332   -3010.326361793323   -3010.334030593551
    45.000    324.000     0.057206    -0.041563     0.070711   -3010.311655161035   -3010.329962939388   -3010.334898411908
    45.000    342.000     0.067250    -0.021851     0.070711   -3010.311815855156   -3010.333225954467   -3010.333680368754
    45.000    360.000     0.070711    -0.000000     0.070711   -3010.311999329103   -3010.334469619012   -3010.330210693293
    54.000      0.000     0.080902     0.000000     0.058779   -3010.306860677793   -3010.330784055402   -3010.326194995529
    54.000     18.000     0.076942     0.025000     0.058779   -3010.306636014292   -3010.329172095898   -3010.320198462021
    54.000     36.000     0.065451     0.047553     0.058779   -3010.306120438463   -3010.323569961911   -3010.313626561563
    54.000     54.000     0.047553     0.065451     0.058779   -3010.306046801179   -3010.315752579599   -3010.308452310915
    54.000     72.000     0.025000     0.076942     0.058779   -3010.307037135478   -3010.308320590217   -3010.306390283866
    54.000     90.000     0.000000     0.080902     0.058779   -3010.309282240140   -3010.303556945043   -3010.308313839171
    54.000    108.000    -0.025000     0.076942     0.058779   -3010.312476882869   -3010.302606698654   -3010.313809305947
    54.000    126.000    -0.047553     0.065451     0.058779   -3010.316023265897   -3010.305424782224   -3010.321199822161
    54.000    144.000    -0.065451     0.047553     0.058779   -3010.319349084677   -3010.311039536659   -3010.328176839460
    54.000    162.000    -0.076942     0.025000     0.058779   -3010.321826136091   -3010.317669524782   -3010.332671955650
    54.000    180.000    -0.080902     0.000000     0.058779   -3010.322769605604   -3010.323113088561   -3010.333576379858
    54.000    198.000    -0.076942    -0.025000     0.058779   -3010.321853361042   -3010.325611048033   -3010.331203834861
    54.000    216.000    -0.065451    -0.047553     0.058779   -3010.319372778311   -3010.324674426872   -3010.327080904574
    54.000    234.000    -0.047553    -0.065451     0.058779   -3010.316015784923   -3010.321250171864   -3010.323201492660
    54.000    252.000    -0.025000    -0.076942     0.058779   -3010.312430001649   -3010.317314411780   -3010.321271469838
    54.000    270.000    -0.000000    -0.080902     0.058779   -3010.309181558669   -3010.314965171093   -3010.322049580038
    54.000    288.000     0.025000    -0.076942     0.058779   -3010.306866137359   -3010.315376725379   -3010.324993405428
    54.000    306.000     0.047553    -0.065451     0.058779   -3010.305820350700   -3010.318552830640   -3010.328491975456
    54.000    324.000     0.065451    -0.047553     0.058779   -3010.305892773669   -3010.323510475919   -3010.330605692959
    54.000    342.000     0.076942    -0.025000     0.058779   -3010.306489561137   -3010.328355426661   -3010.329942796077
    54.000    360.000     0.080902    -0.000000     0.058779   -3010.306860677792   -3010.330784055402   -3010.326194995529
    63.000      0.000     0.089101     0.000000     0.045399   -3010.303030867683   -3010.327122399488   -3010.323031361353
    63.000     18.000     0.084740     0.027534     0.045399   -3010.302622073286   -3010.326008985220   -3010.316320795311
    63.000     36.000     0.072084     0.052372     0.045399   -3010.301630359819   -3010.319979150882   -3010.308720168518
    63.000     54.000     0.052372     0.072084     0.045399   -3010.300982495342   -3010.311109955318   -3010.302623969269
    63.000     72.000     0.027534     0.084740     0.045399   -3010.301432394773   -3010.302564035563   -3010.300124569756
    63.000     90.000     0.000000     0.089101     0.045399   -3010.303228727068   -3010.297149777873   -3010.302293175200
    63.000    108.000    -0.027534     0.084740     0.045399   -3010.306094909881   -3010.296227566922   -3010.308603460603
    63.000    126.000    -0.052372     0.072084     0.045399   -3010.309462039703   -3010.299711531975   -3010.316983282949
    63.000    144.000    -0.072084     0.052372     0.045399   -3010.312800041962   -3010.306455210983   -3010.324651891208
    63.000    162.000    -0.084740     0.027534     0.045399   -3010.315413957431   -3010.314304965008   -3010.329185800191
    63.000    180.000    -0.089101     0.000000     0.045399   -3010.316443111310   -3010.320523706095   -3010.329351613041
    63.000    198.000    -0.084740    -0.027534     0.045399   -3010.315465757068   -3010.322912431988   -3010.325665484017
    63.000    216.000    -0.072084    -0.052372     0.045399   -3010.312857843235   -3010.320921775064   -3010.320078097662
    63.000    234.000    -0.052372    -0.072084     0.045399   -3010.309483921645   -3010.315834752490   -3010.315042522851
    63.000    252.000    -0.027534    -0.084740     0.045399   -3010.306072161429   -3010.310238062524   -3010.312664357861
    63.000    270.000    -0.000000    -0.089101     0.045399   -3010.303149430264   -3010.306825189142   -3010.313904491158
    63.000    288.000     0.027534    -0.084740     0.045399   -3010.301276290276   -3010.307017103007   -3010.318090091938
    63.000    306.000     0.052372    -0.072084     0.045399   -3010.300760028299   -3010.310792582400   -3010.323183667850
    63.000    324.000     0.072084    -0.052372     0.045399   -3010.301394416170   -3010.317013445109   -3010.326703910027
    63.000    342.000     0.084740    -0.027534     0.045399   -3010.302465257890   -3010.323413361513   -3010.326815917379
    63.000    360.000     0.089101    -0.000000     0.045399   -3010.303030867683   -3010.327122399490   -3010.323031361349
    72.000      0.000     0.095106     0.000000     0.030902   -3010.300875605585   -3010.323802439941   -3010.320999874310
    72.000     18.000     0.090451     0.029389     0.030902   -3010.300286483730   -3010.323346083660   -3010.313892321395
    72.000     36.000     0.076942     0.055902     0.030902   -3010.298821935785   -3010.317259552682   -3010.305578305902
    72.000     54.000     0.055902     0.076942     0.030902   -3010.297559978540   -3010.307790308760   -3010.298800371801
    72.000     72.000     0.029389     0.090451     0.030902   -3010.297341885152   -3010.298521848910   -3010.295961089932
    72.000     90.000     0.000000     0.095106     0.030902   -3010.298464045588   -3010.292699831161   -3010.298285136131
    72.000    108.000    -0.029389     0.090451     0.030902   -3010.300733533756   -3010.291860534954   -3010.305132267508
    72.000    126.000    -0.055902     0.076942     0.030902   -3010.303685818772   -3010.295887412958   -3010.314099720216
    72.000    144.000    -0.076942     0.055902     0.030902   -3010.306853880113   -3010.303508602580   -3010.322047480432
    72.000    162.000    -0.090451     0.029389     0.030902   -3010.309482810020   -3010.312269205554   -3010.326310013341
    72.000    180.000    -0.095106     0.000000     0.030902   -3010.310553923372   -3010.318976765930   -3010.325611697362
    72.000    198.000    -0.090451    -0.029389     0.030902   -3010.309561908924   -3010.321060328105   -3010.320670506009
    72.000    216.000    -0.076942    -0.055902     0.030902   -3010.306951135948   -3010.317945006028   -3010.313782031299
    72.000    234.000    -0.055902    -0.076942     0.030902   -3010.303743266641   -3010.311247206530   -3010.307752203159
    72.000    252.000    -0.029389    -0.090451     0.030902   -3010.300739037551   -3010.304106925893   -3010.305004759814
    72.000    270.000    -0.000000    -0.095106     0.030902   -3010.298409863640   -3010.299711863410   -3010.306677471120
    72.000    288.000     0.029389    -0.090451     0.030902   -3010.297209608741   -3010.299656983203   -3010.312003398169
    72.000    306.000     0.055902    -0.076942     0.030902   -3010.297356048858   -3010.303884310182   -3010.318597831631
    72.000    324.000     0.076942    -0.055902     0.030902   -3010.298593113352   -3010.311141389263   -3010.323530376339
    72.000    342.000     0.090451    -0.029389     0.030902   -3010.300129340892   -3010.318884718949   -3010.324563385831
    72.000    360.000     0.095106    -0.000000     0.030902   -3010.300875605587   -3010.323802439944   -3010.320999874311
    81.000      0.000     0.098769     0.000000     0.015643   -3010.300604087399   -3010.321119726265   -3010.320259507227
    81.000     18.000     0.093935     0.030521     0.015643   -3010.299855361768   -3010.321389311021   -3010.313131202453
    81.000     36.000     0.079906     0.058055     0.015643   -3010.297962863257   -3010.315622383988   -3010.304506764206
    81.000     54.000     0.058055     0.079906     0.015643   -3010.296094612522   -3010.306085534076   -3010.297366095356
    81.000     72.000     0.030521     0.093935     0.015643   -3010.295134210276   -3010.296583676025   -3010.294319312577
    81.000     90.000     0.000000     0.098769     0.015643   -3010.295418780332   -3010.290652144274   -3010.296680506218
    81.000    108.000    -0.030521     0.093935     0.015643   -3010.296891081062   -3010.289947831663   -3010.303711617857
    81.000    126.000    -0.058055     0.079906     0.015643   -3010.299249336329   -3010.294341654735   -3010.312790786286
    81.000    144.000    -0.079906     0.058055     0.015643   -3010.302088706374   -3010.302491615422   -3010.320570990177
    81.000    162.000    -0.093935     0.030521     0.015643   -3010.304607337482   -3010.311739561048   -3010.324280078577
    81.000    180.000    -0.098769     0.000000     0.015643   -3010.305670841379   -3010.318574898664   -3010.322689914066
    81.000    198.000    -0.093935    -0.030521     0.015643   -3010.304713508424   -3010.320176237451   -3010.316690834726
    81.000    216.000    -0.079906    -0.058055     0.015643   -3010.302226984858   -3010.315982706766   -3010.308804087477
    81.000    234.000    -0.058055    -0.079906     0.015643   -3010.299346343037   -3010.307910220310   -3010.302049377572
    81.000    252.000    -0.030521    -0.093935     0.015643   -3010.296928017168   -3010.299522428911   -3010.299051851749
    81.000    270.000    -0.000000    -0.098769     0.015643   -3010.295391399545   -3010.294332837484   -3010.301077726589
    81.000    288.000     0.030521    -0.093935     0.015643   -3010.295031560480   -3010.294032552918   -3010.307315591986
    81.000    306.000     0.058055    -0.079906     0.015643   -3010.295920415901   -3010.298526976403   -3010.315152004016
    81.000    324.000     0.079906    -0.058055     0.015643   -3010.297754829637   -3010.306489566675   -3010.321347891436
    81.000    342.000     0.093935    -0.030521     0.015643   -3010.299707643984   -3010.315213871066   -3010.323354179221
    81.000    360.000     0.098769    -0.000000     0.015643   -3010.300604087400   -3010.321119726270   -3010.320259507226
    90.000      0.000     0.100000     0.000000     0.000000   -3010.302250471890   -3010.319319351832   -3010.320847740345
    90.000     18.000     0.095106     0.030902     0.000000   -3010.301375971769   -3010.320298256834   -3010.314096680210
    90.000     36.000     0.080902     0.058779     0.000000   -3010.299134315968   -3010.315187455631   -3010.305614284023
    90.000     54.000     0.058779     0.080902     0.000000   -3010.296712520760   -3010.306132426841   -3010.298478206348
    90.000     72.000     0.030902     0.095106     0.000000   -3010.294996989090   -3010.296930324003   -3010.295377052664
    90.000     90.000     0.000000     0.100000     0.000000   -3010.294363739216   -3010.291213043426   -3010.297639019845
    90.000    108.000    -0.030902     0.095106     0.000000   -3010.294926958089   -3010.290691254233   -3010.304463973189
    90.000    126.000    -0.058779     0.080902     0.000000   -3010.296575308200   -3010.295244200319   -3010.313155882562
    90.000    144.000    -0.080902     0.058779     0.000000   -3010.298957719516   -3010.303513575423   -3010.320333455540
    90.000    162.000    -0.095106     0.030902     0.000000   -3010.301245998914   -3010.312754415967   -3010.323263782056
    90.000    180.000    -0.100000     0.000000     0.000000   -3010.302250471891   -3010.319319351833   -3010.320847740343
    90.000    198.000    -0.095106    -0.030902     0.000000   -3010.301375971770   -3010.320298256835   -3010.314096680210
    90.000    216.000    -0.080902    -0.058779     0.000000   -3010.299134315966   -3010.315187455629   -3010.305614284022
    90.000    234.000    -0.058779    -0.080902     0.000000   -3010.296712520762   -3010.306132426843   -3010.298478206349
    90.000    252.000    -0.030902    -0.095106     0.000000   -3010.294996989091   -3010.296930324003   -3010.295377052666
    90.000    270.000    -0.000000    -0.100000     0.000000   -3010.294363739215   -3010.291213043423   -3010.297639019849
    90.000    288.000     0.030902    -0.095106     0.000000   -3010.294926958089   -3010.290691254230   -3010.304463973186
    90.000    306.000     0.058779    -0.080902     0.000000   -3010.296575308201   -3010.295244200317   -3010.313155882560
    90.000    324.000     0.080902    -0.058779     0.000000   -3010.298957719513   -3010.303513575423   -3010.320333455539
    90.000    342.000     0.095106    -0.030902     0.000000   -3010.301245998911   -3010.312754415968   -3010.323263782056
    90.000    360.000     0.100000    -0.000000     0.000000   -3010.302250471888   -3010.319319351833   -3010.320847740345
    99.000      0.000     0.098769     0.000000    -0.015643   -3010.305670841379   -3010.318574898664   -3010.322689914066
    99.000     18.000     0.093935     0.030521    -0.015643   -3010.304713508423   -3010.320176237452   -3010.316690834725
    99.000     36.000     0.079906     0.058055    -0.015643   -3010.302226984857   -3010.315982706767   -3010.308804087478
    99.000     54.000     0.058055     0.079906    -0.015643   -3010.299346343039   -3010.307910220309   -3010.302049377575
    99.000     72.000     0.030521     0.093935    -0.015643   -3010.296928017166   -3010.299522428910   -3010.299051851749
    99.000     90.000     0.000000     0.098769    -0.015643   -3010.295391399543   -3010.294332837483   -3010.301077726589
    99.000    108.000    -0.030521     0.093935    -0.015643   -3010.295031560480   -3010.294032552917   -3010.307315591987
    99.000    126.000    -0.058055     0.079906    -0.015643   -3010.295920415902   -3010.298526976402   -3010.315152004016
    99.000    144.000    -0.079906     0.058055    -0.015643   -3010.297754829636   -3010.306489566678   -3010.321347891438
    99.000    162.000    -0.093935     0.030521    -0.015643   -3010.299707643985   -3010.315213871065   -3010.323354179223
    99.000    180.000    -0.098769     0.000000    -0.015643   -3010.300604087401   -3010.321119726266   -3010.320259507227
    99.000    198.000    -0.093935    -0.030521    -0.015643   -3010.299855361767   -3010.321389311021   -3010.313131202454
    99.000    216.000    -0.079906    -0.058055    -0.015643   -3010.297962863259   -3010.315622383988   -3010.304506764208
    99.000    234.000    -0.058055    -0.079906    -0.015643   -3010.296094612523   -3010.306085534080   -3010.297366095358
    99.000    252.000    -0.030521    -0.093935    -0.015643   -3010.295134210278   -3010.296583676023   -3010.294319312574
    99.000    270.000    -0.000000    -0.098769    -0.015643   -3010.295418780328   -3010.290652144271   -3010.296680506216
    99.000    288.000     0.030521    -0.093935    -0.015643   -3010.296891081065   -3010.289947831664   -3010.303711617858
    99.000    306.000     0.058055    -0.079906    -0.015643   -3010.299249336330   -3010.294341654733   -3010.312790786283
    99.000    324.000     0.079906    -0.058055    -0.015643   -3010.302088706374   -3010.302491615424   -3010.320570990176
    99.000    342.000     0.093935    -0.030521    -0.015643   -3010.304607337481   -3010.311739561049   -3010.324280078578
    99.000    360.000     0.098769    -0.000000    -0.015643   -3010.305670841377   -3010.318574898661   -3010.322689914063
   108.000      0.000     0.095106     0.000000    -0.030902   -3010.310553923373   -3010.318976765930   -3010.325611697363
   108.000     18.000     0.090451     0.029389    -0.030902   -3010.309561908923   -3010.321060328105   -3010.320670506007
   108.000     36.000     0.076942     0.055902    -0.030902   -3010.306951135947   -3010.317945006028   -3010.313782031299
   108.000     54.000     0.055902     0.076942    -0.030902   -3010.303743266641   -3010.311247206531   -3010.307752203158
   108.000     72.000     0.029389     0.090451    -0.030902   -3010.300739037551   -3010.304106925892   -3010.305004759814
   108.000     90.000     0.000000     0.095106    -0.030902   -3010.298409863636   -3010.299711863413   -3010.306677471120
   108.000    108.000    -0.029389     0.090451    -0.030902   -3010.297209608741   -3010.299656983202   -3010.312003398167
   108.000    126.000    -0.055902     0.076942    -0.030902   -3010.297356048857   -3010.303884310182   -3010.318597831629
   108.000    144.000    -0.076942     0.055902    -0.030902   -3010.298593113351   -3010.311141389265   -3010.323530376340
   108.000    162.000    -0.090451     0.029389    -0.030902   -3010.300129340895   -3010.318884718950   -3010.324563385833
   108.000    180.000    -0.095106     0.000000    -0.030902   -3010.300875605587   -3010.323802439942   -3010.320999874310
   108.000    198.000    -0.090451    -0.029389    -0.030902   -3010.300286483732   -3010.323346083659   -3010.313892321396
   108.000    216.000    -0.076942    -0.055902    -0.030902   -3010.298821935787   -3010.317259552681   -3010.305578305900
   108.000    234.000    -0.055902    -0.076942    -0.030902   -3010.297559978536   -3010.307790308760   -3010.298800371802
   108.000    252.000    -0.029389    -0.090451    -0.030902   -3010.297341885152   -3010.298521848912   -3010.295961089928
   108.000    270.000    -0.000000    -0.095106    -0.030902   -3010.298464045589   -3010.292699831161   -3010.298285136132
   108.000    288.000     0.029389    -0.090451    -0.030902   -3010.300733533757   -3010.291860534955   -3010.305132267509
   108.000    306.000     0.055902    -0.076942    -0.030902   -3010.303685818777   -3010.295887412959   -3010.314099720214
   108.000    324.000     0.076942    -0.055902    -0.030902   -3010.306853880113   -3010.303508602579   -3010.322047480432
   108.000    342.000     0.090451    -0.029389    -0.030902   -3010.309482810025   -3010.312269205554   -3010.326310013340
   108.000    360.000     0.095106    -0.000000    -0.030902   -3010.310553923372   -3010.318976765928   -3010.325611697363
   117.000      0.000     0.089101     0.000000    -0.045399   -3010.316443111308   -3010.320523706095   -3010.329351613041
   117.000     18.000     0.084740     0.027534    -0.045399   -3010.315465757068   -3010.322912431988   -3010.325665484016
   117.000     36.000     0.072084     0.052372    -0.045399   -3010.312857843237   -3010.320921775064   -3010.320078097658
   117.000     54.000     0.052372     0.072084    -0.045399   -3010.309483921648   -3010.315834752490   -3010.315042522854
   117.000     72.000     0.027534     0.084740    -0.045399   -3010.306072161430   -3010.310238062522   -3010.312664357863
   117.000     90.000     0.000000     0.089101    -0.045399   -3010.303149430266   -3010.306825189145   -3010.313904491157
   117.000    108.000    -0.027534     0.084740    -0.045399   -3010.301276290274   -3010.307017103007   -3010.318090091937
   117.000    126.000    -0.052372     0.072084    -0.045399   -3010.300760028300   -3010.310792582402   -3010.323183667850
   117.000    144.000    -0.072084     0.052372    -0.045399   -3010.301394416171   -3010.317013445107   -3010.326703910021
   117.000    162.000    -0.084740     0.027534    -0.045399   -3010.302465257890   -3010.323413361511   -3010.326815917380
   117.000    180.000    -0.089101     0.000000    -0.045399   -3010.303030867684   -3010.327122399493   -3010.323031361349
   117.000    198.000    -0.084740    -0.027534    -0.045399   -3010.302622073288   -3010.326008985224   -3010.316320795309
   117.000    216.000    -0.072084    -0.052372    -0.045399   -3010.301630359819   -3010.319979150884   -3010.308720168519
   117.000    234.000    -0.052372    -0.072084    -0.045399   -3010.300982495343   -3010.311109955316   -3010.302623969270
   117.000    252.000    -0.027534    -0.084740    -0.045399   -3010.301432394776   -3010.302564035561   -3010.300124569757
   117.000    270.000    -0.000000    -0.089101    -0.045399   -3010.303228727072   -3010.297149777874   -3010.302293175198
   117.000    288.000     0.027534    -0.084740    -0.045399   -3010.306094909877   -3010.296227566925   -3010.308603460601
   117.000    306.000     0.052372    -0.072084    -0.045399   -3010.309462039704   -3010.299711531977   -3010.316983282951
   117.000    324.000     0.072084    -0.052372    -0.045399   -3010.312800041962   -3010.306455210983   -3010.324651891206
   117.000    342.000     0.084740    -0.027534    -0.045399   -3010.315413957432   -3010.314304965009   -3010.329185800189
   117.000    360.000     0.089101    -0.000000    -0.045399   -3010.316443111309   -3010.320523706093   -3010.329351613040
   126.000      0.000     0.080902     0.000000    -0.058779   -3010.322769605601   -3010.323113088560   -3010.333576379858
   126.000     18.000     0.076942     0.025000    -0.058779   -3010.321853361041   -3010.325611048034   -3010.331203834861
   126.000     36.000     0.065451     0.047553    -0.058779   -3010.319372778315   -3010.324674426874   -3010.327080904575
   126.000     54.000     0.047553     0.065451    -0.058779   -3010.316015784924   -3010.321250171863   -3010.323201492660
   126.000     72.000     0.025000     0.076942    -0.058779   -3010.312430001649   -3010.317314411779   -3010.321271469838
   126.000     90.000     0.000000     0.080902    -0.058779   -3010.309181558669   -3010.314965171092   -3010.322049580038
   126.000    108.000    -0.025000     0.076942    -0.058779   -3010.306866137360   -3010.315376725378   -3010.324993405432
   126.000    126.000    -0.047553     0.065451    -0.058779   -3010.305820350699   -3010.318552830643   -3010.328491975455
   126.000    144.000    -0.065451     0.047553    -0.058779   -3010.305892773667   -3010.323510475919   -3010.330605692958
   126.000    162.000    -0.076942     0.025000    -0.058779   -3010.306489561138   -3010.328355426660   -3010.329942796079
   126.000    180.000    -0.080902     0.000000    -0.058779   -3010.306860677793   -3010.330784055401   -3010.326194995528
   126.000    198.000    -0.076942    -0.025000    -0.058779   -3010.306636014291   -3010.329172095896   -3010.320198462023
   126.000    216.000    -0.065451    -0.047553    -0.058779   -3010.306120438464   -3010.323569961911   -3010.313626561562
   126.000    234.000    -0.047553    -0.065451    -0.058779   -3010.306046801179   -3010.315752579599   -3010.308452310915
   126.000    252.000    -0.025000    -0.076942    -0.058779   -3010.307037135481   -3010.308320590220   -3010.306390283868
   126.000    270.000    -0.000000    -0.080902    -0.058779   -3010.309282240140   -3010.303556945045   -3010.308313839164
   126.000    288.000     0.025000    -0.076942    -0.058779   -3010.312476882869   -3010.302606698655   -3010.313809305947
   126.000    306.000     0.047553    -0.065451    -0.058779   -3010.316023265896   -3010.305424782226   -3010.321199822160
   126.000    324.000     0.065451    -0.047553    -0.058779   -3010.319349084679   -3010.311039536658   -3010.328176839465
   126.000    342.000     0.076942    -0.025000    -0.058779   -3010.321826136091   -3010.317669524779   -3010.332671955649
   126.000    360.000     0.080902    -0.000000    -0.058779   -3010.322769605601   -3010.323113088560   -3010.333576379855
   135.000      0.000     0.070711     0.000000    -0.070711   -3010.328899866519   -3010.326533004977   -3010.337903693453
   135.000     18.000     0.067250     0.021851    -0.070711   -3010.328085074909   -3010.328945035299   -3010.336749735625
   135.000     36.000     0.057206     0.041563    -0.070711   -3010.325847609096   -3010.328885870209   -3010.334089600155
   135.000     54.000     0.041563     0.057206    -0.070711   -3010.322704866451   -3010.326990232413   -3010.331399898058
   135.000     72.000     0.021851     0.067250    -0.070711   -3010.319218224729   -3010.324636237554   -3010.329948937353
   135.000     90.000     0.000000     0.070711    -0.070711   -3010.315949553995   -3010.323307492115   -3010.330292171608
   135.000    108.000    -0.021851     0.067250    -0.070711   -3010.313456439193   -3010.323879995170   -3010.332037481744
   135.000    126.000    -0.041563     0.057206    -0.070711   -3010.312055461331   -3010.326361793324   -3010.334030593551
   135.000    144.000    -0.057206     0.041563    -0.070711   -3010.311655161033   -3010.329962939385   -3010.334898411911
   135.000    162.000    -0.067250     0.021851    -0.070711   -3010.311815855154   -3010.333225954465   -3010.333680368756
   135.000    180.000    -0.070711     0.000000    -0.070711   -3010.311999329102   -3010.334469619015   -3010.330210693291
   135.000    198.000    -0.067250    -0.021851    -0.070711   -3010.311942977285   -3010.332589914736   -3010.325161263553
   135.000    216.000    -0.057206    -0.041563    -0.070711   -3010.311859308256   -3010.327732676020   -3010.319822002272
   135.000    234.000    -0.041563    -0.057206    -0.070711   -3010.312269392438   -3010.321286831906   -3010.315711986984
   135.000    252.000    -0.021851    -0.067250    -0.070711   -3010.313630179849   -3010.315226090160   -3010.314139128245
   135.000    270.000    -0.000000    -0.070711    -0.070711   -3010.316064777262   -3010.311281081448   -3010.315759019479
   135.000    288.000     0.021851    -0.067250    -0.070711   -3010.319284090724   -3010.310359728280   -3010.320258930549
   135.000    306.000     0.041563    -0.057206    -0.070711   -3010.322734711700   -3010.312457430614   -3010.326373230916
   135.000    324.000     0.057206    -0.041563    -0.070711   -3010.325850226101   -3010.316812570780   -3010.332324181821
   135.000    342.000     0.067250    -0.021851    -0.070711   -3010.328077380505   -3010.322053167111   -3010.336474953382
   135.000    360.000     0.070711    -0.000000    -0.070711   -3010.328899866518   -3010.326533004979   -3010.337903693457
   144.000      0.000     0.058779     0.000000    -0.080902   -3010.334200321578   -3010.330464292158   -3010.341932199163
   144.000     18.000     0.055902     0.018164    -0.080902   -3010.333520086609   -3010.332613932853   -3010.341756346320
   144.000     36.000     0.047553     0.034549    -0.080902   -3010.331630212328   -3010.333174437466   -3010.340387332359
   144.000     54.000     0.034549     0.047553    -0.080902   -3010.328901316267   -3010.332513672344   -3010.338788142357
   144.000     72.000     0.018164     0.055902    -0.080902   -3010.325795760207   -3010.331481560136   -3010.337799416021
   144.000     90.000     0.000000     0.058779    -0.080902   -3010.322810308336   -3010.331004727631   -3010.337792233330
   144.000    108.000    -0.018164     0.055902    -0.080902   -3010.320407684296   -3010.331649999941   -3010.338525138872
   144.000    126.000    -0.034549     0.047553    -0.080902   -3010.318854454297   -3010.333410639868   -3010.339274507700
   144.000    144.000    -0.047553     0.034549    -0.080902   -3010.318120437889   -3010.335713801688   -3010.339186707594
   144.000    162.000    -0.055902     0.018164    -0.080902   -3010.317932674255   -3010.337558764484   -3010.337679283222
   144.000    180.000    -0.058779     0.000000    -0.080902   -3010.317957754967   -3010.337862900418   -3010.334692982266
   144.000    198.000    -0.055902    -0.018164    -0.080902   -3010.318033856188   -3010.335979398753   -3010.330728940588
   144.000    216.000    -0.047553    -0.034549    -0.080902   -3010.318288253156   -3010.332089476443   -3010.326706365672
   144.000    234.000    -0.034549    -0.047553    -0.080902   -3010.319039665133   -3010.327174324364   -3010.323698216595
   144.000    252.000    -0.018164    -0.055902    -0.080902   -3010.320569538032   -3010.322594265409   -3010.322614965136
   144.000    270.000    -0.000000    -0.058779    -0.080902   -3010.322929461835   -3010.319553764709   -3010.323899573559
   144.000    288.000     0.018164    -0.055902    -0.080902   -3010.325873449893   -3010.318719139395   -3010.327325671804
   144.000    306.000     0.034549    -0.047553    -0.080902   -3010.328946363370   -3010.320116632078   -3010.332014201003
   144.000    324.000     0.047553    -0.034549    -0.080902   -3010.331650619329   -3010.323208603940   -3010.336717123098
   144.000    342.000     0.055902    -0.018164    -0.080902   -3010.333525756137   -3010.327032655711   -3010.340256492572
   144.000    360.000     0.058779    -0.000000    -0.080902   -3010.334200321578   -3010.330464292158   -3010.341932199166
   153.000      0.000     0.045399     0.000000    -0.089101   -3010.338115230863   -3010.334500100180   -3010.345273441939
   153.000     18.000     0.043177     0.014029    -0.089101   -3010.337595767665   -3010.336241718336   -3010.345725680066
   153.000     36.000     0.036729     0.026685    -0.089101   -3010.336142578776   -3010.337116703204   -3010.345329837555
   153.000     54.000     0.026685     0.036729    -0.089101   -3010.334005508606   -3010.337287564278   -3010.344604987141
   153.000     72.000     0.014029     0.043177    -0.089101   -3010.331527901410   -3010.337186326711   -3010.344021015774
   153.000     90.000     0.000000     0.045399    -0.089101   -3010.329087457220   -3010.337293618172   -3010.343795741026
   153.000    108.000    -0.014029     0.043177    -0.089101   -3010.327021975279   -3010.337904953215   -3010.343815665258
   153.000    126.000    -0.026685     0.036729    -0.089101   -3010.325536385830   -3010.338993927601   -3010.343709984301
   153.000    144.000    -0.036729     0.026685    -0.089101   -3010.324653746146   -3010.340203606760   -3010.343042354804
   153.000    162.000    -0.043177     0.014029    -0.089101   -3010.324251624249   -3010.340953190100   -3010.341528910727
   153.000    180.000    -0.045399     0.000000    -0.089101   -3010.324168269772   -3010.340660516130   -3010.339184208665
   153.000    198.000    -0.043177    -0.014029    -0.089101   -3010.324323573800   -3010.339022549813   -3010.336349952505
   153.000    216.000    -0.036729    -0.026685    -0.089101   -3010.324776973370   -3010.336205663352   -3010.333613210394
   153.000    234.000    -0.026685    -0.036729    -0.089101   -3010.325679684032   -3010.332819529928   -3010.331644772178
   153.000    252.000    -0.014029    -0.043177    -0.089101   -3010.327156759505   -3010.329689700168   -3010.331000949984
   153.000    270.000    -0.000000    -0.045399    -0.089101   -3010.329196638601   -3010.327560658850   -3010.331939284073
   153.000    288.000     0.014029    -0.043177    -0.089101   -3010.331607073189   -3010.326869260190   -3010.334307121365
   153.000    306.000     0.026685    -0.036729    -0.089101   -3010.334057599001   -3010.327657265778   -3010.337559437013
   153.000    324.000     0.036729    -0.026685    -0.089101   -3010.336172496251   -3010.329599431390   -3010.340923028241
   153.000    342.000     0.043177    -0.014029    -0.089101   -3010.337608759829   -3010.332106241150   -3010.343652087405
   153.000    360.000     0.045399    -0.000000    -0.089101   -3010.338115230860   -3010.334500100183   -3010.345273441938
   162.000      0.000     0.030902     0.000000    -0.095106   -3010.340242949977   -3010.338187622355   -3010.347583482947
   162.000     18.000     0.029389     0.009549    -0.095106   -3010.339901895868   -3010.339411206490   -3010.348261418107
   162.000     36.000     0.025000     0.018164    -0.095106   -3010.338946021441   -3010.340283308663   -3010.348427507609
   162.000     54.000     0.018164     0.025000    -0.095106   -3010.337522250129   -3010.340833356326   -3010.348279221987
   162.000     72.000     0.009549     0.029389    -0.095106   -3010.335841255691   -3010.341208740172   -3010.348010851243
   162.000     90.000     0.000000     0.030902    -0.095106   -3010.334136415415   -3010.341582691543   -3010.347723707224
   162.000    108.000    -0.009549     0.029389    -0.095106   -3010.332616616198   -3010.342055970406   -3010.347389556889
   162.000    126.000    -0.018164     0.025000    -0.095106   -3010.331423258202   -3010.342594453079   -3010.346879677086
   162.000    144.000    -0.025000     0.018164    -0.095106   -3010.330610942125   -3010.343025576676   -3010.346043540348
   162.000    162.000    -0.029389     0.009549    -0.095106   -3010.330163445118   -3010.343096195325   -3010.344800372461
   162.000    180.000    -0.030902     0.000000    -0.095106   -3010.330036999957   -3010.342577875993   -3010.343204142703
   162.000    198.000    -0.029389    -0.009549    -0.095106   -3010.330206605204   -3010.341382022367   -3010.341458039353
   162.000    216.000    -0.025000    -0.018164    -0.095106   -3010.330687321714   -3010.339629402593   -3010.339875150659
   162.000    234.000    -0.018164    -0.025000    -0.095106   -3010.331516966797   -3010.337634054770   -3010.338797994215
   162.000    252.000    -0.009549    -0.029389    -0.095106   -3010.332711484941   -3010.335807173579   -3010.338499889459
   162.000    270.000    -0.000000    -0.030902    -0.095106   -3010.334220480470   -3010.334527154885   -3010.339096940862
   162.000    288.000     0.009549    -0.029389    -0.095106   -3010.335908325931   -3010.334030577231   -3010.340500123901
   162.000    306.000     0.018164    -0.025000    -0.095106   -3010.337570749053   -3010.334357877617   -3010.342429315740
   162.000    324.000     0.025000    -0.018164    -0.095106   -3010.338976840006   -3010.335358531088   -3010.344491568971
   162.000    342.000     0.029389    -0.009549    -0.095106   -3010.339916691742   -3010.336745766390   -3010.346299127702
   162.000    360.000     0.030902    -0.000000    -0.095106   -3010.340242949977   -3010.338187622350   -3010.347583482947
   171.000      0.000     0.015643     0.000000    -0.098769   -3010.340388069041   -3010.341092611934   -3010.348597738973
   171.000     18.000     0.014878     0.004834    -0.098769   -3010.340227832582   -3010.341723662634   -3010.349107167873
   171.000     36.000     0.012656     0.009195    -0.098769   -3010.339779125181   -3010.342292433457   -3010.349396435980
   171.000     54.000     0.009195     0.012656    -0.098769   -3010.339101403430   -3010.342773230256   -3010.349489646992
   171.000     72.000     0.004834     0.014878    -0.098769   -3010.338281491493   -3010.343169754467   -3010.349422506734
   171.000     90.000     0.000000     0.015643    -0.098769   -3010.337418034403   -3010.343495493336   -3010.349221377659
   171.000    108.000    -0.004834     0.014878    -0.098769   -3010.336604846445   -3010.343752246631   -3010.348893468902
   171.000    126.000    -0.009195     0.012656    -0.098769   -3010.335917345330   -3010.343916687562   -3010.348431626379
   171.000    144.000    -0.012656     0.009195    -0.098769   -3010.335405771826   -3010.343941451864   -3010.347830588040
   171.000    162.000    -0.014878     0.004834    -0.098769   -3010.335096502741   -3010.343771438935   -3010.347106703952
   171.000    180.000    -0.015643     0.000000    -0.098769   -3010.334999202890   -3010.343369697423   -3010.346311878333
   171.000    198.000    -0.014878    -0.004834    -0.098769   -3010.335114824366   -3010.342742414006   -3010.345534988100
   171.000    216.000    -0.012656    -0.009195    -0.098769   -3010.335439337344   -3010.341951552926   -3010.344888795322
   171.000    234.000    -0.009195    -0.012656    -0.098769   -3010.335960893073   -3010.341108138066   -3010.344485460378
   171.000    252.000    -0.004834    -0.014878    -0.098769   -3010.336652317422   -3010.340347415711   -3010.344407704799
   171.000    270.000    -0.000000    -0.015643    -0.098769   -3010.337463884863   -3010.339794787948   -3010.344684564974
   171.000    288.000     0.004834    -0.014878    -0.098769   -3010.338321500848   -3010.339534533313   -3010.345279968140
   171.000    306.000     0.009195    -0.012656    -0.098769   -3010.339132864125   -3010.339591176475   -3010.346098876937
   171.000    324.000     0.012656    -0.009195    -0.098769   -3010.339800585316   -3010.339928142502   -3010.347010093581
   171.000    342.000     0.014878    -0.004834    -0.098769   -3010.340238662914   -3010.340462811006   -3010.347878765566
   171.000    360.000     0.015643    -0.000000    -0.098769   -3010.340388069039   -3010.341092611933   -3010.348597738976
   180.000      0.000     0.000000     0.000000    -0.100000   -3010.338570570245   -3010.342877887724   -3010.348170556673
   180.000     18.000     0.000000     0.000000    -0.100000   -3010.338570570245   -3010.342877887724   -3010.348170556673
   180.000     36.000     0.000000     0.000000    -0.100000   -3010.338570570242   -3010.342877887724   -3010.348170556674
   180.000     54.000     0.000000     0.000000    -0.100000   -3010.338570570244   -3010.342877887725   -3010.348170556671
   180.000     72.000     0.000000     0.000000    -0.100000   -3010.338570570244   -3010.342877887724   -3010.348170556672
   180.000     90.000     0.000000     0.000000    -0.100000   -3010.338570570246   -3010.342877887724   -3010.348170556671
   180.000    108.000    -0.000000     0.000000    -0.100000   -3010.338570570245   -3010.342877887723   -3010.348170556674
   180.000    126.000    -0.000000     0.000000    -0.100000   -3010.338570570246   -3010.342877887722   -3010.348170556672
   180.000    144.000    -0.000000     0.000000    -0.100000   -3010.338570570244   -3010.342877887723   -3010.348170556672
   180.000    162.000    -0.000000     0.000000    -0.100000   -3010.338570570244   -3010.342877887724   -3010.348170556672
   180.000    180.000    -0.000000     0.000000    -0.100000   -3010.338570570246   -3010.342877887725   -3010.348170556671
   180.000    198.000    -0.000000    -0.000000    -0.100000   -3010.338570570244   -3010.342877887724   -3010.348170556671
   180.000    216.000    -0.000000    -0.000000    -0.100000   -3010.338570570245   -3010.342877887724   -3010.348170556671
   180.000    234.000    -0.000000    -0.000000    -0.100000   -3010.338570570244   -3010.342877887723   -3010.348170556674
   180.000    252.000    -0.000000    -0.000000    -0.100000   -3010.338570570244   -3010.342877887724   -3010.348170556672
   180.000    270.000    -0.000000    -0.000000    -0.100000   -3010.338570570245   -3010.342877887723   -3010.348170556670
   180.000    288.000     0.000000    -0.000000    -0.100000   -3010.338570570245   -3010.342877887724   -3010.348170556670
   180.000    306.000     0.000000    -0.000000    -0.100000   -3010.338570570244   -3010.342877887725   -3010.348170556672
   180.000    324.000     0.000000    -0.000000    -0.100000   -3010.338570570243   -3010.342877887726   -3010.348170556672
   180.000    342.000     0.000000    -0.000000    -0.100000   -3010.338570570245   -3010.342877887723   -3010.348170556671
   180.000    360.000     0.000000    -0.000000    -0.100000   -3010.338570570245   -3010.342877887724   -3010.348170556673
