     Theta        Phi           Ex           Ey           Ez               Para_E              Ortho_E               Meta_E
----------------------------------------------------------------------------------------------------------------------------
     0.000      0.000     0.000000     0.000000     0.100000   -3009.641949745245   -3009.645511828415   -3009.650437455274
     0.000     18.000     0.000000     0.000000     0.100000   -3009.641949745245   -3009.645511828415   -3009.650437455274
     0.000     36.000     0.000000     0.000000     0.100000   -3009.641949745245   -3009.645511828415   -3009.650437455274
     0.000     54.000     0.000000     0.000000     0.100000   -3009.641949745245   -3009.645511828415   -3009.650437455274
     0.000     72.000     0.000000     0.000000     0.100000   -3009.641949745245   -3009.645511828415   -3009.650437455274
     0.000     90.000     0.000000     0.000000     0.100000   -3009.641949745245   -3009.645511828415   -3009.650437455274
     0.000    108.000    -0.000000     0.000000     0.100000   -3009.641949745245   -3009.645511828415   -3009.650437455274
     0.000    126.000    -0.000000     0.000000     0.100000   -3009.641949745245   -3009.645511828415   -3009.650437455274
     0.000    144.000    -0.000000     0.000000     0.100000   -3009.641949745245   -3009.645511828415   -3009.650437455274
     0.000    162.000    -0.000000     0.000000     0.100000   -3009.641949745245   -3009.645511828415   -3009.650437455274
     0.000    180.000    -0.000000     0.000000     0.100000   -3009.641949745245   -3009.645511828415   -3009.650437455274
     0.000    198.000    -0.000000    -0.000000     0.100000   -3009.641949745245   -3009.645511828415   -3009.650437455274
     0.000    216.000    -0.000000    -0.000000     0.100000   -3009.641949745245   -3009.645511828415   -3009.650437455274
     0.000    234.000    -0.000000    -0.000000     0.100000   -3009.641949745245   -3009.645511828415   -3009.650437455274
     0.000    252.000    -0.000000    -0.000000     0.100000   -3009.641949745245   -3009.645511828415   -3009.650437455274
     0.000    270.000    -0.000000    -0.000000     0.100000   -3009.641949745245   -3009.645511828415   -3009.650437455274
     0.000    288.000     0.000000    -0.000000     0.100000   -3009.641949745245   -3009.645511828415   -3009.650437455274
     0.000    306.000     0.000000    -0.000000     0.100000   -3009.641949745245   -3009.645511828415   -3009.650437455274
     0.000    324.000     0.000000    -0.000000     0.100000   -3009.641949745245   -3009.645511828415   -3009.650437455274
     0.000    342.000     0.000000    -0.000000     0.100000   -3009.641949745245   -3009.645511828415   -3009.650437455274
     0.000    360.000     0.000000    -0.000000     0.100000   -3009.641949745245   -3009.645511828415   -3009.650437455274
     9.000      0.000     0.015643     0.000000     0.098769   -3009.637848935374   -3009.646139264377   -3009.648251897437
     9.000     18.000     0.014878     0.004834     0.098769   -3009.637987046920   -3009.645375110403   -3009.647362377731
     9.000     36.000     0.012656     0.009195     0.098769   -3009.638380105505   -3009.644449659104   -3009.646643965702
     9.000     54.000     0.009195     0.012656     0.098769   -3009.639009701315   -3009.643485137293   -3009.646212733549
     9.000     72.000     0.004834     0.014878     0.098769   -3009.639837797713   -3009.642624691845   -3009.646151191353
     9.000     90.000     0.000000     0.015643     0.098769   -3009.640800328402   -3009.641998684155   -3009.646485316168
     9.000    108.000    -0.004834     0.014878     0.098769   -3009.641807139709   -3009.641694929779   -3009.647173806228
     9.000    126.000    -0.009195     0.012656     0.098769   -3009.642750591333   -3009.641741649557   -3009.648114193164
     9.000    144.000    -0.012656     0.009195     0.098769   -3009.643520942916   -3009.642106345917   -3009.649165474854
     9.000    162.000    -0.014878     0.004834     0.098769   -3009.644023972831   -3009.642709155985   -3009.650180941465
     9.000    180.000    -0.015643     0.000000     0.098769   -3009.644196331894   -3009.643446177189   -3009.651040418071
     9.000    198.000    -0.014878    -0.004834     0.098769   -3009.644015746065   -3009.644215894762   -3009.651670953757
     9.000    216.000    -0.012656    -0.009195     0.098769   -3009.643504610257   -3009.644940495615   -3009.652049702103
     9.000    234.000    -0.009195    -0.012656     0.098769   -3009.642726518388   -3009.645575223421   -3009.652190335264
     9.000    252.000    -0.004834    -0.014878     0.098769   -3009.641776212787   -3009.646103504621   -3009.652121197440
     9.000    270.000    -0.000000    -0.015643     0.098769   -3009.640764369648   -3009.646521481325   -3009.651866130710
     9.000    288.000     0.004834    -0.014878     0.098769   -3009.639799945061   -3009.646819949807   -3009.651436335681
     9.000    306.000     0.009195    -0.012656     0.098769   -3009.638974419411   -3009.646972557967   -3009.650835619217
     9.000    324.000     0.012656    -0.009195     0.098769   -3009.638352558030   -3009.646936437139   -3009.650075229377
     9.000    342.000     0.014878    -0.004834     0.098769   -3009.637971884965   -3009.646666560543   -3009.649190617225
     9.000    360.000     0.015643    -0.000000     0.098769   -3009.637848935376   -3009.646139264379   -3009.648251897438
    18.000      0.000     0.030902     0.000000     0.095106   -3009.632319089187   -3009.645354199215   -3009.644709752274
    18.000     18.000     0.029389     0.009549     0.095106   -3009.632530675902   -3009.643897127603   -3009.642758785386
    18.000     36.000     0.025000     0.018164     0.095106   -3009.633140998966   -3009.641897026646   -3009.641055631560
    18.000     54.000     0.018164     0.025000     0.095106   -3009.634178679982   -3009.639690093351   -3009.639941481349
    18.000     72.000     0.009549     0.029389     0.095106   -3009.635640290644   -3009.637697775331   -3009.639681751153
    18.000     90.000     0.000000     0.030902     0.095106   -3009.637444871332   -3009.636296466432   -3009.640384779051
    18.000    108.000    -0.009549     0.029389     0.095106   -3009.639419246044   -3009.635717254946   -3009.641955360366
    18.000    126.000    -0.018164     0.025000     0.095106   -3009.641324218250   -3009.636003893921   -3009.644104219965
    18.000    144.000    -0.025000     0.018164     0.095106   -3009.642907052470   -3009.637022591518   -3009.646421906581
    18.000    162.000    -0.029389     0.009549     0.095106   -3009.643951741482   -3009.638508150580   -3009.648498128103
    18.000    180.000    -0.030902     0.000000     0.095106   -3009.644313343132   -3009.640140096411   -3009.650040457000
    18.000    198.000    -0.029389    -0.009549     0.095106   -3009.643940367671   -3009.641636231205   -3009.650943922285
    18.000    216.000    -0.025000    -0.018164     0.095106   -3009.642883811907   -3009.642831532554   -3009.651284101234
    18.000    234.000    -0.018164    -0.025000     0.095106   -3009.641288193390   -3009.643707672053   -3009.651240080114
    18.000    252.000    -0.009549    -0.029389     0.095106   -3009.639369202708   -3009.644360332744   -3009.650987221536
    18.000    270.000    -0.000000    -0.030902     0.095106   -3009.637380482430   -3009.644920298352   -3009.650612256080
    18.000    288.000     0.009549    -0.029389     0.095106   -3009.635564918900   -3009.645465329317   -3009.650086708672
    18.000    306.000     0.018164    -0.025000     0.095106   -3009.634101581246   -3009.645961646092   -3009.649302175603
    18.000    324.000     0.025000    -0.018164     0.095106   -3009.633076441226   -3009.646255395690   -3009.648145904142
    18.000    342.000     0.029389    -0.009549     0.095106   -3009.632493584993   -3009.646119954784   -3009.646582967433
    18.000    360.000     0.030902    -0.000000     0.095106   -3009.632319089184   -3009.645354199217   -3009.644709752275
    27.000      0.000     0.045399     0.000000     0.089101   -3009.625902034910   -3009.643346479359   -3009.640209573495
    27.000     18.000     0.043177     0.014029     0.089101   -3009.626112504745   -3009.641351842277   -3009.637100373529
    27.000     36.000     0.036729     0.026685     0.089101   -3009.626740444837   -3009.638195802930   -3009.634216440983
    27.000     54.000     0.026685     0.036729     0.089101   -3009.627932910684   -3009.634529247356   -3009.632214305220
    27.000     72.000     0.014029     0.043177     0.089101   -3009.629791752231   -3009.631194800258   -3009.631629153621
    27.000     90.000     0.000000     0.045399     0.089101   -3009.632256239360   -3009.628920995222   -3009.632707495885
    27.000    108.000    -0.014029     0.043177     0.089101   -3009.635066190604   -3009.628115708288   -3009.635297411260
    27.000    126.000    -0.026685     0.036729     0.089101   -3009.637829156818   -3009.628816674142   -3009.638847442102
    27.000    144.000    -0.036729     0.026685     0.089101   -3009.640145809182   -3009.630736980946   -3009.642557332788
    27.000    162.000    -0.043177     0.014029     0.089101   -3009.641688300081   -3009.633342737671   -3009.645643905908
    27.000    180.000    -0.045399     0.000000     0.089101   -3009.642227652304   -3009.635989635123   -3009.647599670039
    27.000    198.000    -0.043177    -0.014029     0.089101   -3009.641676961088   -3009.638127226558   -3009.648339021735
    27.000    216.000    -0.036729    -0.026685     0.089101   -3009.640121574211   -3009.639485750457   -3009.648169417428
    27.000    234.000    -0.026685    -0.036729     0.089101   -3009.637790429585   -3009.640143872958   -3009.647595733324
    27.000    252.000    -0.014029    -0.043177     0.089101   -3009.635009653383   -3009.640447214852   -3009.647061032618
    27.000    270.000    -0.000000    -0.045399     0.089101   -3009.632175907176   -3009.640811445024   -3009.646748119648
    27.000    288.000     0.014029    -0.043177     0.089101   -3009.629686275309   -3009.641501905011   -3009.646525816335
    27.000    306.000     0.026685    -0.036729     0.089101   -3009.627814178918   -3009.642504861175   -3009.646043345485
    27.000    324.000     0.036729    -0.026685     0.089101   -3009.626634022543   -3009.643507665091   -3009.644919233189
    27.000    342.000     0.043177    -0.014029     0.089101   -3009.626048821645   -3009.643973042285   -3009.642945364321
    27.000    360.000     0.045399    -0.000000     0.089101   -3009.625902034910   -3009.643346479360   -3009.640209573497
    36.000      0.000     0.058779     0.000000     0.080902   -3009.619213405771   -3009.640382723924   -3009.635251828839
    36.000     18.000     0.055902     0.018164     0.080902   -3009.619349833397   -3009.638095873925   -3009.630964278583
    36.000     36.000     0.047553     0.034549     0.080902   -3009.619803117460   -3009.633802394890   -3009.626784033187
    36.000     54.000     0.034549     0.047553     0.080902   -3009.620902173242   -3009.628554843618   -3009.623751321774
    36.000     72.000     0.018164     0.055902     0.080902   -3009.622905649872   -3009.623749339847   -3009.622739820589
    36.000     90.000     0.000000     0.058779     0.080902   -3009.625793308938   -3009.620560924255   -3009.624182152456
    36.000    108.000    -0.018164     0.055902     0.080902   -3009.629210603355   -3009.619590811766   -3009.627868562467
    36.000    126.000    -0.034549     0.047553     0.080902   -3009.632608047474   -3009.620846140874   -3009.632915930459
    36.000    144.000    -0.047553     0.034549     0.080902   -3009.635482582590   -3009.623857677577   -3009.638028857587
    36.000    162.000    -0.055902     0.018164     0.080902   -3009.637432040311   -3009.627763466983   -3009.641974594669
    36.000    180.000    -0.058779     0.000000     0.080902   -3009.638126842770   -3009.631496136344   -3009.644009545394
    36.000    198.000    -0.055902    -0.018164     0.080902   -3009.637424381227   -3009.634147650851   -3009.644126284601
    36.000    216.000    -0.047553    -0.034549     0.080902   -3009.635461723909   -3009.635324347089   -3009.642988945770
    36.000    234.000    -0.034549    -0.047553     0.080902   -3009.632571725225   -3009.635269232169   -3009.641561882252
    36.000    252.000    -0.018164    -0.055902     0.080902   -3009.629157220079   -3009.634718361964   -3009.640659439397
    36.000    270.000    -0.000000    -0.058779     0.080902   -3009.625710542638   -3009.634527725475   -3009.640598810139
    36.000    288.000     0.018164    -0.055902     0.080902   -3009.622782265453   -3009.635232493564   -3009.641094535606
    36.000    306.000     0.034549    -0.047553     0.080902   -3009.620748754995   -3009.636853993879   -3009.641425994926
    36.000    324.000     0.047553    -0.034549     0.080902   -3009.619655951403   -3009.638901466842   -3009.640794157152
    36.000    342.000     0.055902    -0.018164     0.080902   -3009.619258163016   -3009.640435956679   -3009.638718679484
    36.000    360.000     0.058779    -0.000000     0.080902   -3009.619213405767   -3009.640382723924   -3009.635251828835
    45.000      0.000     0.070711     0.000000     0.070711   -3009.612886194051   -3009.636752107504   -3009.630364011922
    45.000     18.000     0.067250     0.021851     0.070711   -3009.612887417722   -3009.634488290205   -3009.624963692580
    45.000     36.000     0.057206     0.041563     0.070711   -3009.613006153627   -3009.629202965974   -3009.619469628119
    45.000     54.000     0.041563     0.057206     0.070711   -3009.613796440533   -3009.622392783366   -3009.615346020827
    45.000     72.000     0.021851     0.067250     0.070711   -3009.615694827372   -3009.616100162497   -3009.613849107546
    45.000     90.000     0.000000     0.070711     0.070711   -3009.618723824277   -3009.612020249680   -3009.615630111262
    45.000    108.000    -0.021851     0.067250     0.070711   -3009.622436847818   -3009.610951370698   -3009.620415224357
    45.000    126.000    -0.041563     0.057206     0.070711   -3009.626159249256   -3009.612849087667   -3009.626930970231
    45.000    144.000    -0.057206     0.041563     0.070711   -3009.629369759368   -3009.617057037965   -3009.633322676415
    45.000    162.000    -0.067250     0.021851     0.070711   -3009.631625122675   -3009.622352654536   -3009.637883986719
    45.000    180.000    -0.070711     0.000000     0.070711   -3009.632453464113   -3009.627167998525   -3009.639641486889
    45.000    198.000    -0.067250    -0.021851     0.070711   -3009.631626925683   -3009.630162215122   -3009.638732566123
    45.000    216.000    -0.057206    -0.041563     0.070711   -3009.629358453478   -3009.630806481632   -3009.636270480849
    45.000    234.000    -0.041563    -0.057206     0.070711   -3009.626128425794   -3009.629568310679   -3009.633746805448
    45.000    252.000    -0.021851    -0.067250     0.070711   -3009.622391721207   -3009.627704488212   -3009.632408174020
    45.000    270.000    -0.000000    -0.070711     0.070711   -3009.618649580518   -3009.626649147036   -3009.632750105953
    45.000    288.000     0.021851    -0.067250     0.070711   -3009.615567271285   -3009.627241352865   -3009.634315474742
    45.000    306.000     0.041563    -0.057206     0.070711   -3009.613620508605   -3009.629524261178   -3009.635921221617
    45.000    324.000     0.057206    -0.041563     0.070711   -3009.612825291289   -3009.632839128752   -3009.636222497401
    45.000    342.000     0.067250    -0.021851     0.070711   -3009.612770119945   -3009.635816499805   -3009.634373986947
    45.000    360.000     0.070711    -0.000000     0.070711   -3009.612886194053   -3009.636752107502   -3009.630364011920
    54.000      0.000     0.080902     0.000000     0.058779   -3009.607512477588   -3009.632757426487   -3009.626037253066
    54.000     18.000     0.076942     0.025000     0.058779   -3009.607336582254   -3009.630852614310   -3009.619683353725
    54.000     36.000     0.065451     0.047553     0.058779   -3009.607009647443   -3009.624851309600   -3009.612970716914
    54.000     54.000     0.047553     0.065451     0.058779   -3009.607325034039   -3009.616666283008   -3009.607794086894
    54.000     72.000     0.025000     0.076942     0.058779   -3009.608885975345   -3009.609011112101   -3009.605805104478
    54.000     90.000     0.000000     0.080902     0.058779   -3009.611746801357   -3009.604138457346   -3009.607883522739
    54.000    108.000    -0.025000     0.076942     0.058779   -3009.615393318053   -3009.603036129405   -3009.613676947090
    54.000    126.000    -0.047553     0.065451     0.058779   -3009.619102691959   -3009.605597950844   -3009.621487601074
    54.000    144.000    -0.065451     0.047553     0.058779   -3009.622428971026   -3009.610998504352   -3009.628898571371
    54.000    162.000    -0.076942     0.025000     0.058779   -3009.624891464209   -3009.617652115924   -3009.633761564877
    54.000    180.000    -0.080902     0.000000     0.058779   -3009.625830048078   -3009.623451472895   -3009.634911899703
    54.000    198.000    -0.076942    -0.025000     0.058779   -3009.624909905884   -3009.626579122963   -3009.632700478574
    54.000    216.000    -0.065451    -0.047553     0.058779   -3009.622436272859   -3009.626375110096   -3009.628723392481
    54.000    234.000    -0.047553    -0.065451     0.058779   -3009.619081813318   -3009.623583034841   -3009.624986978935
    54.000    252.000    -0.025000    -0.076942     0.058779   -3009.615358171792   -3009.620083888871   -3009.623177952330
    54.000    270.000    -0.000000    -0.080902     0.058779   -3009.611687579906   -3009.617969911888   -3009.624004848173
    54.000    288.000     0.025000    -0.076942     0.058779   -3009.608766596259   -3009.618353894989   -3009.626856535226
    54.000    306.000     0.047553    -0.065451     0.058779   -3009.607141517009   -3009.621267560508   -3009.630058909922
    54.000    324.000     0.065451    -0.047553     0.058779   -3009.606806843718   -3009.625914882799   -3009.631652919740
    54.000    342.000     0.076942    -0.025000     0.058779   -3009.607199610212   -3009.630528093459   -3009.630350964107
    54.000    360.000     0.080902    -0.000000     0.058779   -3009.607512477589   -3009.632757426487   -3009.626037253064
    63.000      0.000     0.089101     0.000000     0.045399   -3009.603591474687   -3009.628724808535   -3009.622678334176
    63.000     18.000     0.084740     0.027534     0.045399   -3009.603219516030   -3009.627471285052   -3009.615624139926
    63.000     36.000     0.072084     0.052372     0.045399   -3009.602391487666   -3009.621132446062   -3009.607905616710
    63.000     54.000     0.052372     0.072084     0.045399   -3009.602121305451   -3009.611930124730   -3009.601818195868
    63.000     72.000     0.027534     0.084740     0.045399   -3009.603142538812   -3009.603188155190   -3009.599385751688
    63.000     90.000     0.000000     0.089101     0.045399   -3009.605525493313   -3009.597700854024   -3009.601699011454
    63.000    108.000    -0.027534     0.084740     0.045399   -3009.608740003077   -3009.596626224589   -3009.608307351283
    63.000    126.000    -0.052372     0.072084     0.045399   -3009.612127384647   -3009.599802160562   -3009.617096843655
    63.000    144.000    -0.072084     0.052372     0.045399   -3009.615374171739   -3009.606270364673   -3009.625154187805
    63.000    162.000    -0.084740     0.027534     0.045399   -3009.617942092536   -3009.614111212468   -3009.629967181735
    63.000    180.000    -0.089101     0.000000     0.045399   -3009.618960425893   -3009.620690858284   -3009.630255458686
    63.000    198.000    -0.084740    -0.027534     0.045399   -3009.617983680286   -3009.623718599375   -3009.626631931872
    63.000    216.000    -0.072084    -0.052372     0.045399   -3009.615410086615   -3009.622424896099   -3009.621137547827
    63.000    234.000    -0.052372    -0.072084     0.045399   -3009.612123711892   -3009.617872248278   -3009.616216205617
    63.000    252.000    -0.027534    -0.084740     0.045399   -3009.608715853747   -3009.612617338055   -3009.613952538220
    63.000    270.000    -0.000000    -0.089101     0.045399   -3009.605483369888   -3009.609394956552   -3009.615277926529
    63.000    288.000     0.027534    -0.084740     0.045399   -3009.603040551471   -3009.609515121114   -3009.619465232835
    63.000    306.000     0.052372    -0.072084     0.045399   -3009.601945216308   -3009.612967179268   -3009.624388850606
    63.000    324.000     0.072084    -0.052372     0.045399   -3009.602181214942   -3009.618852299862   -3009.627496326624
    63.000    342.000     0.084740    -0.027534     0.045399   -3009.603071605775   -3009.625076851239   -3009.627017332657
    63.000    360.000     0.089101    -0.000000     0.045399   -3009.603591474689   -3009.628724808535   -3009.622678334179
    72.000      0.000     0.095106     0.000000     0.030902   -3009.601487406285   -3009.625000833488   -3009.620578305862
    72.000     18.000     0.090451     0.029389     0.030902   -3009.600923115422   -3009.624592593724   -3009.613159725804
    72.000     36.000     0.076942     0.055902     0.030902   -3009.599593027680   -3009.618345678879   -3009.604756420277
    72.000     54.000     0.055902     0.076942     0.030902   -3009.598681860608   -3009.608621276803   -3009.597998618707
    72.000     72.000     0.029389     0.090451     0.030902   -3009.599004214934   -3009.599205277251   -3009.595221456670
    72.000     90.000     0.000000     0.095106     0.030902   -3009.600633249833   -3009.593353189489   -3009.597680595198
    72.000    108.000    -0.029389     0.090451     0.030902   -3009.603097285772   -3009.592362605319   -3009.604812083805
    72.000    126.000    -0.055902     0.076942     0.030902   -3009.605918869789   -3009.596037035248   -3009.614147822056
    72.000    144.000    -0.076942     0.055902     0.030902   -3009.608917620826   -3009.603332202805   -3009.622403129260
    72.000    162.000    -0.090451     0.029389     0.030902   -3009.611479356590   -3009.612053673765   -3009.626815130277
    72.000    180.000    -0.095106     0.000000     0.030902   -3009.612537131313   -3009.619110859436   -3009.626093814763
    72.000    198.000    -0.090451    -0.029389     0.030902   -3009.611548071418   -3009.621800693681   -3009.621118504258
    72.000    216.000    -0.076942    -0.055902     0.030902   -3009.608989972566   -3009.619281586393   -3009.614277479396
    72.000    234.000    -0.055902    -0.076942     0.030902   -3009.605940966287   -3009.612966182017   -3009.608334631890
    72.000    252.000    -0.029389    -0.090451     0.030902   -3009.603086578510   -3009.606055304867   -3009.605686540396
    72.000    270.000    -0.000000    -0.095106     0.030902   -3009.600607219726   -3009.601807944615   -3009.607466127167
    72.000    288.000     0.029389    -0.090451     0.030902   -3009.598925249726   -3009.601646190642   -3009.612878476158
    72.000    306.000     0.055902    -0.076942     0.030902   -3009.598526094845   -3009.605501575681   -3009.619438149420
    72.000    324.000     0.076942    -0.055902     0.030902   -3009.599390254017   -3009.612397896982   -3009.624104875797
    72.000    342.000     0.090451    -0.029389     0.030902   -3009.600774480857   -3009.620008658574   -3009.624647267760
    72.000    360.000     0.095106    -0.000000     0.030902   -3009.601487406285   -3009.625000833486   -3009.620578305858
    81.000      0.000     0.098769     0.000000     0.015643   -3009.601399772865   -3009.621925432481   -3009.619898029119
    81.000     18.000     0.093935     0.030521     0.015643   -3009.600666107212   -3009.622433995979   -3009.612508102191
    81.000     36.000     0.079906     0.058055     0.015643   -3009.598880538213   -3009.616698589761   -3009.603825845098
    81.000     54.000     0.058055     0.079906     0.015643   -3009.597325385715   -3009.607027779948   -3009.596717517543
    81.000     72.000     0.030521     0.093935     0.015643   -3009.596845219436   -3009.597448659855   -3009.593732926441
    81.000     90.000     0.000000     0.098769     0.015643   -3009.597510795319   -3009.591533435088   -3009.596222393723
    81.000    108.000    -0.030521     0.093935     0.015643   -3009.598994244597   -3009.590679961597   -3009.603509694373
    81.000    126.000    -0.058055     0.079906     0.015643   -3009.601082181727   -3009.594687984955   -3009.612887332180
    81.000    144.000    -0.079906     0.058055     0.015643   -3009.603687841113   -3009.602476403492   -3009.620862099408
    81.000    162.000    -0.093935     0.030521     0.015643   -3009.606122609001   -3009.611659923943   -3009.624561386464
    81.000    180.000    -0.098769     0.000000     0.015643   -3009.607171318383   -3009.618814907177   -3009.622799865905
    81.000    198.000    -0.093935    -0.030521     0.015643   -3009.606218963673   -3009.620944698785   -3009.616679179339
    81.000    216.000    -0.079906    -0.058055     0.015643   -3009.603800012714   -3009.617189469473   -3009.608801525117
    81.000    234.000    -0.058055    -0.079906     0.015643   -3009.601137037394   -3009.609319959171   -3009.602111173103
    81.000    252.000    -0.030521    -0.093935     0.015643   -3009.599001086475   -3009.601048546519   -3009.599196103176
    81.000    270.000    -0.000000    -0.098769     0.015643   -3009.597498624355   -3009.595965008785   -3009.601339843084
    81.000    288.000     0.030521    -0.093935     0.015643   -3009.596791622753   -3009.595534122061   -3009.607734844225
    81.000    306.000     0.058055    -0.079906     0.015643   -3009.597199361073   -3009.599629085296   -3009.615663962400
    81.000    324.000     0.079906    -0.058055     0.015643   -3009.598698759424   -3009.607214095365   -3009.621756875230
    81.000    342.000     0.093935    -0.030521     0.015643   -3009.600526940600   -3009.615833556717   -3009.623414165833
    81.000    360.000     0.098769    -0.000000     0.015643   -3009.601399772865   -3009.621925432478   -3009.619898029121
    90.000      0.000     0.100000     0.000000     0.000000   -3009.603348166150   -3009.619792090750   -3009.620668441962
    90.000     18.000     0.095106     0.030902     0.000000   -3009.602482219650   -3009.621175420628   -3009.613719558010
    90.000     36.000     0.080902     0.058779     0.000000   -3009.600325149436   -3009.616305742129   -3009.605211999518
    90.000     54.000     0.058779     0.080902     0.000000   -3009.598171675564   -3009.607274241278   -3009.598122490158
    90.000     72.000     0.030902     0.095106     0.000000   -3009.596849614070   -3009.598084340703   -3009.595090433451
    90.000     90.000     0.000000     0.100000     0.000000   -3009.596434730829   -3009.592429510276   -3009.597475907871
    90.000    108.000    -0.030902     0.095106     0.000000   -3009.596820862923   -3009.591764106357   -3009.604514526781
    90.000    126.000    -0.058779     0.080902     0.000000   -3009.598080727495   -3009.595913875446   -3009.613411522119
    90.000    144.000    -0.080902     0.058779     0.000000   -3009.600174907636   -3009.603804312261   -3009.620644157479
    90.000    162.000    -0.095106     0.030902     0.000000   -3009.602361308073   -3009.612960295682   -3009.623392122782
    90.000    180.000    -0.100000     0.000000     0.000000   -3009.603348166151   -3009.619792090750   -3009.620668441962
    90.000    198.000    -0.095106    -0.030902     0.000000   -3009.602482219654   -3009.621175420626   -3009.613719558009
    90.000    216.000    -0.080902    -0.058779     0.000000   -3009.600325149435   -3009.616305742129   -3009.605211999517
    90.000    234.000    -0.058779    -0.080902     0.000000   -3009.598171675565   -3009.607274241280   -3009.598122490159
    90.000    252.000    -0.030902    -0.095106     0.000000   -3009.596849614072   -3009.598084340703   -3009.595090433450
    90.000    270.000    -0.000000    -0.100000     0.000000   -3009.596434730830   -3009.592429510275   -3009.597475907869
    90.000    288.000     0.030902    -0.095106     0.000000   -3009.596820862925   -3009.591764106354   -3009.604514526780
    90.000    306.000     0.058779    -0.080902     0.000000   -3009.598080727494   -3009.595913875448   -3009.613411522121
    90.000    324.000     0.080902    -0.058779     0.000000   -3009.600174907637   -3009.603804312260   -3009.620644157479
    90.000    342.000     0.095106    -0.030902     0.000000   -3009.602361308071   -3009.612960295683   -3009.623392122780
    90.000    360.000     0.100000    -0.000000     0.000000   -3009.603348166150   -3009.619792090748   -3009.620668441962
    99.000      0.000     0.098769     0.000000    -0.015643   -3009.607171318382   -3009.618814907178   -3009.622799865906
    99.000     18.000     0.093935     0.030521    -0.015643   -3009.606218963677   -3009.620944698785   -3009.616679179339
    99.000     36.000     0.079906     0.058055    -0.015643   -3009.603800012717   -3009.617189469473   -3009.608801525118
    99.000     54.000     0.058055     0.079906    -0.015643   -3009.601137037395   -3009.609319959168   -3009.602111173104
    99.000     72.000     0.030521     0.093935    -0.015643   -3009.599001086474   -3009.601048546521   -3009.599196103177
    99.000     90.000     0.000000     0.098769    -0.015643   -3009.597498624355   -3009.595965008783   -3009.601339843085
    99.000    108.000    -0.030521     0.093935    -0.015643   -3009.596791622751   -3009.595534122060   -3009.607734844227
    99.000    126.000    -0.058055     0.079906    -0.015643   -3009.597199361070   -3009.599629085296   -3009.615663962400
    99.000    144.000    -0.079906     0.058055    -0.015643   -3009.598698759425   -3009.607214095364   -3009.621756875234
    99.000    162.000    -0.093935     0.030521    -0.015643   -3009.600526940601   -3009.615833556719   -3009.623414165831
    99.000    180.000    -0.098769     0.000000    -0.015643   -3009.601399772865   -3009.621925432478   -3009.619898029121
    99.000    198.000    -0.093935    -0.030521    -0.015643   -3009.600666107213   -3009.622433995981   -3009.612508102188
    99.000    216.000    -0.079906    -0.058055    -0.015643   -3009.598880538214   -3009.616698589763   -3009.603825845096
    99.000    234.000    -0.058055    -0.079906    -0.015643   -3009.597325385717   -3009.607027779945   -3009.596717517543
    99.000    252.000    -0.030521    -0.093935    -0.015643   -3009.596845219435   -3009.597448659854   -3009.593732926441
    99.000    270.000    -0.000000    -0.098769    -0.015643   -3009.597510795320   -3009.591533435088   -3009.596222393723
    99.000    288.000     0.030521    -0.093935    -0.015643   -3009.598994244594   -3009.590679961596   -3009.603509694370
    99.000    306.000     0.058055    -0.079906    -0.015643   -3009.601082181726   -3009.594687984954   -3009.612887332180
    99.000    324.000     0.079906    -0.058055    -0.015643   -3009.603687841116   -3009.602476403496   -3009.620862099408
    99.000    342.000     0.093935    -0.030521    -0.015643   -3009.606122608999   -3009.611659923941   -3009.624561386464
    99.000    360.000     0.098769    -0.000000    -0.015643   -3009.607171318381   -3009.618814907178   -3009.622799865903
   108.000      0.000     0.095106     0.000000    -0.030902   -3009.612537131314   -3009.619110859436   -3009.626093814765
   108.000     18.000     0.090451     0.029389    -0.030902   -3009.611548071418   -3009.621800693681   -3009.621118504259
   108.000     36.000     0.076942     0.055902    -0.030902   -3009.608989972566   -3009.619281586396   -3009.614277479393
   108.000     54.000     0.055902     0.076942    -0.030902   -3009.605940966284   -3009.612966182016   -3009.608334631889
   108.000     72.000     0.029389     0.090451    -0.030902   -3009.603086578509   -3009.606055304866   -3009.605686540396
   108.000     90.000     0.000000     0.095106    -0.030902   -3009.600607219726   -3009.601807944615   -3009.607466127165
   108.000    108.000    -0.029389     0.090451    -0.030902   -3009.598925249724   -3009.601646190644   -3009.612878476158
   108.000    126.000    -0.055902     0.076942    -0.030902   -3009.598526094843   -3009.605501575682   -3009.619438149423
   108.000    144.000    -0.076942     0.055902    -0.030902   -3009.599390254020   -3009.612397896984   -3009.624104875796
   108.000    162.000    -0.090451     0.029389    -0.030902   -3009.600774480858   -3009.620008658575   -3009.624647267761
   108.000    180.000    -0.095106     0.000000    -0.030902   -3009.601487406283   -3009.625000833486   -3009.620578305859
   108.000    198.000    -0.090451    -0.029389    -0.030902   -3009.600923115425   -3009.624592593723   -3009.613159725803
   108.000    216.000    -0.076942    -0.055902    -0.030902   -3009.599593027681   -3009.618345678882   -3009.604756420279
   108.000    234.000    -0.055902    -0.076942    -0.030902   -3009.598681860609   -3009.608621276801   -3009.597998618709
   108.000    252.000    -0.029389    -0.090451    -0.030902   -3009.599004214935   -3009.599205277252   -3009.595221456670
   108.000    270.000    -0.000000    -0.095106    -0.030902   -3009.600633249834   -3009.593353189487   -3009.597680595197
   108.000    288.000     0.029389    -0.090451    -0.030902   -3009.603097285770   -3009.592362605318   -3009.604812083805
   108.000    306.000     0.055902    -0.076942    -0.030902   -3009.605918869791   -3009.596037035245   -3009.614147822056
   108.000    324.000     0.076942    -0.055902    -0.030902   -3009.608917620824   -3009.603332202806   -3009.622403129264
   108.000    342.000     0.090451    -0.029389    -0.030902   -3009.611479356591   -3009.612053673764   -3009.626815130279
   108.000    360.000     0.095106    -0.000000    -0.030902   -3009.612537131310   -3009.619110859435   -3009.626093814765
   117.000      0.000     0.089101     0.000000    -0.045399   -3009.618960425893   -3009.620690858285   -3009.630255458689
   117.000     18.000     0.084740     0.027534    -0.045399   -3009.617983680288   -3009.623718599373   -3009.626631931872
   117.000     36.000     0.072084     0.052372    -0.045399   -3009.615410086613   -3009.622424896098   -3009.621137547826
   117.000     54.000     0.052372     0.072084    -0.045399   -3009.612123711895   -3009.617872248277   -3009.616216205618
   117.000     72.000     0.027534     0.084740    -0.045399   -3009.608715853748   -3009.612617338056   -3009.613952538220
   117.000     90.000     0.000000     0.089101    -0.045399   -3009.605483369884   -3009.609394956551   -3009.615277926529
   117.000    108.000    -0.027534     0.084740    -0.045399   -3009.603040551473   -3009.609515121114   -3009.619465232834
   117.000    126.000    -0.052372     0.072084    -0.045399   -3009.601945216306   -3009.612967179267   -3009.624388850607
   117.000    144.000    -0.072084     0.052372    -0.045399   -3009.602181214942   -3009.618852299862   -3009.627496326623
   117.000    162.000    -0.084740     0.027534    -0.045399   -3009.603071605777   -3009.625076851238   -3009.627017332656
   117.000    180.000    -0.089101     0.000000    -0.045399   -3009.603591474690   -3009.628724808535   -3009.622678334178
   117.000    198.000    -0.084740    -0.027534    -0.045399   -3009.603219516028   -3009.627471285055   -3009.615624139924
   117.000    216.000    -0.072084    -0.052372    -0.045399   -3009.602391487667   -3009.621132446061   -3009.607905616711
   117.000    234.000    -0.052372    -0.072084    -0.045399   -3009.602121305451   -3009.611930124730   -3009.601818195870
   117.000    252.000    -0.027534    -0.084740    -0.045399   -3009.603142538813   -3009.603188155191   -3009.599385751686
   117.000    270.000    -0.000000    -0.089101    -0.045399   -3009.605525493314   -3009.597700854023   -3009.601699011455
   117.000    288.000     0.027534    -0.084740    -0.045399   -3009.608740003079   -3009.596626224589   -3009.608307351282
   117.000    306.000     0.052372    -0.072084    -0.045399   -3009.612127384648   -3009.599802160562   -3009.617096843653
   117.000    324.000     0.072084    -0.052372    -0.045399   -3009.615374171744   -3009.606270364673   -3009.625154187806
   117.000    342.000     0.084740    -0.027534    -0.045399   -3009.617942092538   -3009.614111212470   -3009.629967181734
   117.000    360.000     0.089101    -0.000000    -0.045399   -3009.618960425893   -3009.620690858284   -3009.630255458690
   126.000      0.000     0.080902     0.000000    -0.058779   -3009.625830048080   -3009.623451472894   -3009.634911899700
   126.000     18.000     0.076942     0.025000    -0.058779   -3009.624909905883   -3009.626579122964   -3009.632700478571
   126.000     36.000     0.065451     0.047553    -0.058779   -3009.622436272858   -3009.626375110096   -3009.628723392481
   126.000     54.000     0.047553     0.065451    -0.058779   -3009.619081813317   -3009.623583034839   -3009.624986978938
   126.000     72.000     0.025000     0.076942    -0.058779   -3009.615358171788   -3009.620083888871   -3009.623177952326
   126.000     90.000     0.000000     0.080902    -0.058779   -3009.611687579907   -3009.617969911886   -3009.624004848171
   126.000    108.000    -0.025000     0.076942    -0.058779   -3009.608766596260   -3009.618353894989   -3009.626856535226
   126.000    126.000    -0.047553     0.065451    -0.058779   -3009.607141517008   -3009.621267560510   -3009.630058909924
   126.000    144.000    -0.065451     0.047553    -0.058779   -3009.606806843716   -3009.625914882798   -3009.631652919741
   126.000    162.000    -0.076942     0.025000    -0.058779   -3009.607199610214   -3009.630528093458   -3009.630350964107
   126.000    180.000    -0.080902     0.000000    -0.058779   -3009.607512477588   -3009.632757426487   -3009.626037253066
   126.000    198.000    -0.076942    -0.025000    -0.058779   -3009.607336582252   -3009.630852614306   -3009.619683353730
   126.000    216.000    -0.065451    -0.047553    -0.058779   -3009.607009647440   -3009.624851309597   -3009.612970716916
   126.000    234.000    -0.047553    -0.065451    -0.058779   -3009.607325034038   -3009.616666283007   -3009.607794086895
   126.000    252.000    -0.025000    -0.076942    -0.058779   -3009.608885975346   -3009.609011112100   -3009.605805104476
   126.000    270.000    -0.000000    -0.080902    -0.058779   -3009.611746801360   -3009.604138457348   -3009.607883522735
   126.000    288.000     0.025000    -0.076942    -0.058779   -3009.615393318049   -3009.603036129401   -3009.613676947093
   126.000    306.000     0.047553    -0.065451    -0.058779   -3009.619102691960   -3009.605597950842   -3009.621487601075
   126.000    324.000     0.065451    -0.047553    -0.058779   -3009.622428971023   -3009.610998504350   -3009.628898571370
   126.000    342.000     0.076942    -0.025000    -0.058779   -3009.624891464207   -3009.617652115927   -3009.633761564876
   126.000    360.000     0.080902    -0.000000    -0.058779   -3009.625830048079   -3009.623451472894   -3009.634911899700
   135.000      0.000     0.070711     0.000000    -0.070711   -3009.632453464112   -3009.627167998521   -3009.639641486890
   135.000     18.000     0.067250     0.021851    -0.070711   -3009.631626925679   -3009.630162215123   -3009.638732566120
   135.000     36.000     0.057206     0.041563    -0.070711   -3009.629358453478   -3009.630806481629   -3009.636270480848
   135.000     54.000     0.041563     0.057206    -0.070711   -3009.626128425799   -3009.629568310679   -3009.633746805445
   135.000     72.000     0.021851     0.067250    -0.070711   -3009.622391721206   -3009.627704488209   -3009.632408174019
   135.000     90.000     0.000000     0.070711    -0.070711   -3009.618649580515   -3009.626649147035   -3009.632750105953
   135.000    108.000    -0.021851     0.067250    -0.070711   -3009.615567271285   -3009.627241352865   -3009.634315474741
   135.000    126.000    -0.041563     0.057206    -0.070711   -3009.613620508609   -3009.629524261179   -3009.635921221619
   135.000    144.000    -0.057206     0.041563    -0.070711   -3009.612825291290   -3009.632839128754   -3009.636222497401
   135.000    162.000    -0.067250     0.021851    -0.070711   -3009.612770119945   -3009.635816499806   -3009.634373986947
   135.000    180.000    -0.070711     0.000000    -0.070711   -3009.612886194051   -3009.636752107500   -3009.630364011918
   135.000    198.000    -0.067250    -0.021851    -0.070711   -3009.612887417724   -3009.634488290202   -3009.624963692578
   135.000    216.000    -0.057206    -0.041563    -0.070711   -3009.613006153627   -3009.629202965974   -3009.619469628120
   135.000    234.000    -0.041563    -0.057206    -0.070711   -3009.613796440532   -3009.622392783363   -3009.615346020827
   135.000    252.000    -0.021851    -0.067250    -0.070711   -3009.615694827371   -3009.616100162496   -3009.613849107546
   135.000    270.000    -0.000000    -0.070711    -0.070711   -3009.618723824278   -3009.612020249680   -3009.615630111263
   135.000    288.000     0.021851    -0.067250    -0.070711   -3009.622436847817   -3009.610951370696   -3009.620415224355
   135.000    306.000     0.041563    -0.057206    -0.070711   -3009.626159249255   -3009.612849087671   -3009.626930970232
   135.000    324.000     0.057206    -0.041563    -0.070711   -3009.629369759369   -3009.617057037963   -3009.633322676413
   135.000    342.000     0.067250    -0.021851    -0.070711   -3009.631625122678   -3009.622352654535   -3009.637883986719
   135.000    360.000     0.070711    -0.000000    -0.070711   -3009.632453464114   -3009.627167998521   -3009.639641486890
   144.000      0.000     0.058779     0.000000    -0.080902   -3009.638126842769   -3009.631496136343   -3009.644009545397
   144.000     18.000     0.055902     0.018164    -0.080902   -3009.637424381226   -3009.634147650847   -3009.644126284599
   144.000     36.000     0.047553     0.034549    -0.080902   -3009.635461723908   -3009.635324347091   -3009.642988945770
   144.000     54.000     0.034549     0.047553    -0.080902   -3009.632571725227   -3009.635269232169   -3009.641561882252
   144.000     72.000     0.018164     0.055902    -0.080902   -3009.629157220078   -3009.634718361963   -3009.640659439398
   144.000     90.000     0.000000     0.058779    -0.080902   -3009.625710542639   -3009.634527725475   -3009.640598810136
   144.000    108.000    -0.018164     0.055902    -0.080902   -3009.622782265454   -3009.635232493564   -3009.641094535603
   144.000    126.000    -0.034549     0.047553    -0.080902   -3009.620748754996   -3009.636853993879   -3009.641425994928
   144.000    144.000    -0.047553     0.034549    -0.080902   -3009.619655951405   -3009.638901466840   -3009.640794157156
   144.000    162.000    -0.055902     0.018164    -0.080902   -3009.619258163018   -3009.640435956680   -3009.638718679486
   144.000    180.000    -0.058779     0.000000    -0.080902   -3009.619213405769   -3009.640382723921   -3009.635251828837
   144.000    198.000    -0.055902    -0.018164    -0.080902   -3009.619349833398   -3009.638095873924   -3009.630964278583
   144.000    216.000    -0.047553    -0.034549    -0.080902   -3009.619803117458   -3009.633802394892   -3009.626784033188
   144.000    234.000    -0.034549    -0.047553    -0.080902   -3009.620902173243   -3009.628554843618   -3009.623751321775
   144.000    252.000    -0.018164    -0.055902    -0.080902   -3009.622905649874   -3009.623749339847   -3009.622739820592
   144.000    270.000    -0.000000    -0.058779    -0.080902   -3009.625793308935   -3009.620560924255   -3009.624182152459
   144.000    288.000     0.018164    -0.055902    -0.080902   -3009.629210603357   -3009.619590811766   -3009.627868562468
   144.000    306.000     0.034549    -0.047553    -0.080902   -3009.632608047474   -3009.620846140876   -3009.632915930460
   144.000    324.000     0.047553    -0.034549    -0.080902   -3009.635482582592   -3009.623857677576   -3009.638028857585
   144.000    342.000     0.055902    -0.018164    -0.080902   -3009.637432040314   -3009.627763466985   -3009.641974594669
   144.000    360.000     0.058779    -0.000000    -0.080902   -3009.638126842768   -3009.631496136345   -3009.644009545394
   153.000      0.000     0.045399     0.000000    -0.089101   -3009.642227652303   -3009.635989635125   -3009.647599670039
   153.000     18.000     0.043177     0.014029    -0.089101   -3009.641676961089   -3009.638127226561   -3009.648339021739
   153.000     36.000     0.036729     0.026685    -0.089101   -3009.640121574210   -3009.639485750456   -3009.648169417429
   153.000     54.000     0.026685     0.036729    -0.089101   -3009.637790429583   -3009.640143872958   -3009.647595733323
   153.000     72.000     0.014029     0.043177    -0.089101   -3009.635009653383   -3009.640447214853   -3009.647061032617
   153.000     90.000     0.000000     0.045399    -0.089101   -3009.632175907175   -3009.640811445022   -3009.646748119648
   153.000    108.000    -0.014029     0.043177    -0.089101   -3009.629686275307   -3009.641501905011   -3009.646525816337
   153.000    126.000    -0.026685     0.036729    -0.089101   -3009.627814178918   -3009.642504861175   -3009.646043345486
   153.000    144.000    -0.036729     0.026685    -0.089101   -3009.626634022543   -3009.643507665091   -3009.644919233191
   153.000    162.000    -0.043177     0.014029    -0.089101   -3009.626048821643   -3009.643973042285   -3009.642945364320
   153.000    180.000    -0.045399     0.000000    -0.089101   -3009.625902034908   -3009.643346479359   -3009.640209573493
   153.000    198.000    -0.043177    -0.014029    -0.089101   -3009.626112504743   -3009.641351842275   -3009.637100373530
   153.000    216.000    -0.036729    -0.026685    -0.089101   -3009.626740444839   -3009.638195802932   -3009.634216440982
   153.000    234.000    -0.026685    -0.036729    -0.089101   -3009.627932910684   -3009.634529247352   -3009.632214305223
   153.000    252.000    -0.014029    -0.043177    -0.089101   -3009.629791752229   -3009.631194800259   -3009.631629153620
   153.000    270.000    -0.000000    -0.045399    -0.089101   -3009.632256239364   -3009.628920995225   -3009.632707495889
   153.000    288.000     0.014029    -0.043177    -0.089101   -3009.635066190604   -3009.628115708287   -3009.635297411260
   153.000    306.000     0.026685    -0.036729    -0.089101   -3009.637829156817   -3009.628816674144   -3009.638847442098
   153.000    324.000     0.036729    -0.026685    -0.089101   -3009.640145809183   -3009.630736980946   -3009.642557332787
   153.000    342.000     0.043177    -0.014029    -0.089101   -3009.641688300081   -3009.633342737671   -3009.645643905908
   153.000    360.000     0.045399    -0.000000    -0.089101   -3009.642227652302   -3009.635989635123   -3009.647599670038
   162.000      0.000     0.030902     0.000000    -0.095106   -3009.644313343131   -3009.640140096411   -3009.650040457002
   162.000     18.000     0.029389     0.009549    -0.095106   -3009.643940367673   -3009.641636231206   -3009.650943922284
   162.000     36.000     0.025000     0.018164    -0.095106   -3009.642883811906   -3009.642831532553   -3009.651284101235
   162.000     54.000     0.018164     0.025000    -0.095106   -3009.641288193389   -3009.643707672052   -3009.651240080115
   162.000     72.000     0.009549     0.029389    -0.095106   -3009.639369202708   -3009.644360332744   -3009.650987221537
   162.000     90.000     0.000000     0.030902    -0.095106   -3009.637380482429   -3009.644920298353   -3009.650612256081
   162.000    108.000    -0.009549     0.029389    -0.095106   -3009.635564918896   -3009.645465329312   -3009.650086708669
   162.000    126.000    -0.018164     0.025000    -0.095106   -3009.634101581245   -3009.645961646094   -3009.649302175602
   162.000    144.000    -0.025000     0.018164    -0.095106   -3009.633076441230   -3009.646255395691   -3009.648145904146
   162.000    162.000    -0.029389     0.009549    -0.095106   -3009.632493584993   -3009.646119954783   -3009.646582967432
   162.000    180.000    -0.030902     0.000000    -0.095106   -3009.632319089187   -3009.645354199215   -3009.644709752274
   162.000    198.000    -0.029389    -0.009549    -0.095106   -3009.632530675899   -3009.643897127605   -3009.642758785387
   162.000    216.000    -0.025000    -0.018164    -0.095106   -3009.633140998965   -3009.641897026647   -3009.641055631561
   162.000    234.000    -0.018164    -0.025000    -0.095106   -3009.634178679984   -3009.639690093352   -3009.639941481345
   162.000    252.000    -0.009549    -0.029389    -0.095106   -3009.635640290643   -3009.637697775331   -3009.639681751157
   162.000    270.000    -0.000000    -0.030902    -0.095106   -3009.637444871334   -3009.636296466431   -3009.640384779053
   162.000    288.000     0.009549    -0.029389    -0.095106   -3009.639419246048   -3009.635717254943   -3009.641955360365
   162.000    306.000     0.018164    -0.025000    -0.095106   -3009.641324218250   -3009.636003893922   -3009.644104219966
   162.000    324.000     0.025000    -0.018164    -0.095106   -3009.642907052469   -3009.637022591516   -3009.646421906579
   162.000    342.000     0.029389    -0.009549    -0.095106   -3009.643951741482   -3009.638508150577   -3009.648498128105
   162.000    360.000     0.030902    -0.000000    -0.095106   -3009.644313343132   -3009.640140096412   -3009.650040457001
   171.000      0.000     0.015643     0.000000    -0.098769   -3009.644196331894   -3009.643446177190   -3009.651040418072
   171.000     18.000     0.014878     0.004834    -0.098769   -3009.644015746068   -3009.644215894763   -3009.651670953759
   171.000     36.000     0.012656     0.009195    -0.098769   -3009.643504610259   -3009.644940495616   -3009.652049702102
   171.000     54.000     0.009195     0.012656    -0.098769   -3009.642726518390   -3009.645575223422   -3009.652190335263
   171.000     72.000     0.004834     0.014878    -0.098769   -3009.641776212785   -3009.646103504620   -3009.652121197438
   171.000     90.000     0.000000     0.015643    -0.098769   -3009.640764369644   -3009.646521481324   -3009.651866130709
   171.000    108.000    -0.004834     0.014878    -0.098769   -3009.639799945062   -3009.646819949808   -3009.651436335681
   171.000    126.000    -0.009195     0.012656    -0.098769   -3009.638974419409   -3009.646972557969   -3009.650835619215
   171.000    144.000    -0.012656     0.009195    -0.098769   -3009.638352558029   -3009.646936437138   -3009.650075229377
   171.000    162.000    -0.014878     0.004834    -0.098769   -3009.637971884963   -3009.646666560541   -3009.649190617225
   171.000    180.000    -0.015643     0.000000    -0.098769   -3009.637848935376   -3009.646139264379   -3009.648251897439
   171.000    198.000    -0.014878    -0.004834    -0.098769   -3009.637987046922   -3009.645375110407   -3009.647362377729
   171.000    216.000    -0.012656    -0.009195    -0.098769   -3009.638380105506   -3009.644449659103   -3009.646643965704
   171.000    234.000    -0.009195    -0.012656    -0.098769   -3009.639009701318   -3009.643485137292   -3009.646212733551
   171.000    252.000    -0.004834    -0.014878    -0.098769   -3009.639837797713   -3009.642624691844   -3009.646151191354
   171.000    270.000    -0.000000    -0.015643    -0.098769   -3009.640800328403   -3009.641998684152   -3009.646485316166
   171.000    288.000     0.004834    -0.014878    -0.098769   -3009.641807139714   -3009.641694929780   -3009.647173806223
   171.000    306.000     0.009195    -0.012656    -0.098769   -3009.642750591333   -3009.641741649555   -3009.648114193163
   171.000    324.000     0.012656    -0.009195    -0.098769   -3009.643520942917   -3009.642106345918   -3009.649165474854
   171.000    342.000     0.014878    -0.004834    -0.098769   -3009.644023972832   -3009.642709155983   -3009.650180941467
   171.000    360.000     0.015643    -0.000000    -0.098769   -3009.644196331893   -3009.643446177190   -3009.651040418073
   180.000      0.000     0.000000     0.000000    -0.100000   -3009.641949745247   -3009.645511828415   -3009.650437455277
   180.000     18.000     0.000000     0.000000    -0.100000   -3009.641949745247   -3009.645511828417   -3009.650437455275
   180.000     36.000     0.000000     0.000000    -0.100000   -3009.641949745247   -3009.645511828417   -3009.650437455275
   180.000     54.000     0.000000     0.000000    -0.100000   -3009.641949745248   -3009.645511828418   -3009.650437455275
   180.000     72.000     0.000000     0.000000    -0.100000   -3009.641949745244   -3009.645511828416   -3009.650437455276
   180.000     90.000     0.000000     0.000000    -0.100000   -3009.641949745245   -3009.645511828418   -3009.650437455272
   180.000    108.000    -0.000000     0.000000    -0.100000   -3009.641949745246   -3009.645511828417   -3009.650437455274
   180.000    126.000    -0.000000     0.000000    -0.100000   -3009.641949745247   -3009.645511828416   -3009.650437455275
   180.000    144.000    -0.000000     0.000000    -0.100000   -3009.641949745246   -3009.645511828416   -3009.650437455276
   180.000    162.000    -0.000000     0.000000    -0.100000   -3009.641949745245   -3009.645511828418   -3009.650437455275
   180.000    180.000    -0.000000     0.000000    -0.100000   -3009.641949745246   -3009.645511828414   -3009.650437455275
   180.000    198.000    -0.000000    -0.000000    -0.100000   -3009.641949745246   -3009.645511828414   -3009.650437455277
   180.000    216.000    -0.000000    -0.000000    -0.100000   -3009.641949745247   -3009.645511828416   -3009.650437455276
   180.000    234.000    -0.000000    -0.000000    -0.100000   -3009.641949745245   -3009.645511828416   -3009.650437455276
   180.000    252.000    -0.000000    -0.000000    -0.100000   -3009.641949745246   -3009.645511828416   -3009.650437455278
   180.000    270.000    -0.000000    -0.000000    -0.100000   -3009.641949745246   -3009.645511828413   -3009.650437455277
   180.000    288.000     0.000000    -0.000000    -0.100000   -3009.641949745245   -3009.645511828417   -3009.650437455275
   180.000    306.000     0.000000    -0.000000    -0.100000   -3009.641949745245   -3009.645511828416   -3009.650437455276
   180.000    324.000     0.000000    -0.000000    -0.100000   -3009.641949745246   -3009.645511828415   -3009.650437455273
   180.000    342.000     0.000000    -0.000000    -0.100000   -3009.641949745243   -3009.645511828417   -3009.650437455274
   180.000    360.000     0.000000    -0.000000    -0.100000   -3009.641949745247   -3009.645511828415   -3009.650437455277
