     Theta        Phi           Ex           Ey           Ez               Para_E              Ortho_E               Meta_E
---------------------------------------------------------------------------------------------------------------------------
     0.000      0.000     0.000000     0.000000     0.100000   -3007.813866912619   -3007.819266318423   -3007.822188699797
     0.000     15.652     0.000000     0.000000     0.100000   -3007.813866912621   -3007.819266318420   -3007.822188699800
     0.000     31.304     0.000000     0.000000     0.100000   -3007.813866912620   -3007.819266318425   -3007.822188699800
     0.000     46.956     0.000000     0.000000     0.100000   -3007.813866912620   -3007.819266318424   -3007.822188699801
     0.000     62.609     0.000000     0.000000     0.100000   -3007.813866912620   -3007.819266318423   -3007.822188699800
     0.000     78.261     0.000000     0.000000     0.100000   -3007.813866912621   -3007.819266318421   -3007.822188699800
     0.000     93.913    -0.000000     0.000000     0.100000   -3007.813866912619   -3007.819266318422   -3007.822188699799
     0.000    109.565    -0.000000     0.000000     0.100000   -3007.813866912620   -3007.819266318422   -3007.822188699799
     0.000    125.217    -0.000000     0.000000     0.100000   -3007.813866912617   -3007.819266318423   -3007.822188699797
     0.000    140.870    -0.000000     0.000000     0.100000   -3007.813866912620   -3007.819266318420   -3007.822188699799
     0.000    156.522    -0.000000     0.000000     0.100000   -3007.813866912621   -3007.819266318423   -3007.822188699801
     0.000    172.174    -0.000000     0.000000     0.100000   -3007.813866912617   -3007.819266318422   -3007.822188699799
     0.000    187.826    -0.000000    -0.000000     0.100000   -3007.813866912620   -3007.819266318422   -3007.822188699800
     0.000    203.478    -0.000000    -0.000000     0.100000   -3007.813866912617   -3007.819266318422   -3007.822188699800
     0.000    219.130    -0.000000    -0.000000     0.100000   -3007.813866912618   -3007.819266318421   -3007.822188699799
     0.000    234.783    -0.000000    -0.000000     0.100000   -3007.813866912619   -3007.819266318422   -3007.822188699797
     0.000    250.435    -0.000000    -0.000000     0.100000   -3007.813866912620   -3007.819266318424   -3007.822188699799
     0.000    266.087    -0.000000    -0.000000     0.100000   -3007.813866912620   -3007.819266318423   -3007.822188699802
     0.000    281.739     0.000000    -0.000000     0.100000   -3007.813866912621   -3007.819266318423   -3007.822188699801
     0.000    297.391     0.000000    -0.000000     0.100000   -3007.813866912619   -3007.819266318420   -3007.822188699800
     0.000    313.043     0.000000    -0.000000     0.100000   -3007.813866912619   -3007.819266318424   -3007.822188699800
     0.000    328.696     0.000000    -0.000000     0.100000   -3007.813866912619   -3007.819266318425   -3007.822188699801
     0.000    344.348     0.000000    -0.000000     0.100000   -3007.813866912622   -3007.819266318424   -3007.822188699800
     0.000    360.000     0.000000    -0.000000     0.100000   -3007.813866912619   -3007.819266318421   -3007.822188699797
     7.826      0.000     0.013617     0.000000     0.099069   -3007.800973278843   -3007.818649542279   -3007.815091992754
     7.826     15.652     0.013112     0.003674     0.099069   -3007.801377083731   -3007.816608329524   -3007.813096622625
     7.826     31.304     0.011634     0.007075     0.099069   -3007.802666883077   -3007.814716001972   -3007.811789794383
     7.826     46.956     0.009294     0.009952     0.099069   -3007.804754237826   -3007.813120296320   -3007.811315002465
     7.826     62.609     0.006265     0.012090     0.099069   -3007.807491678371   -3007.811951445123   -3007.811728663922
     7.826     78.261     0.002770     0.013332     0.099069   -3007.810682031863   -3007.811307818606   -3007.812989328133
     7.826     93.913    -0.000929     0.013585     0.099069   -3007.814091612516   -3007.811243531304   -3007.814962170552
     7.826    109.565    -0.004560     0.012830     0.099069   -3007.817466476869   -3007.811761636168   -3007.817439089158
     7.826    125.217    -0.007852     0.011124     0.099069   -3007.820550891051   -3007.812813889263   -3007.820171190843
     7.826    140.870    -0.010563     0.008593     0.099069   -3007.823106962142   -3007.814309372975   -3007.822906921882
     7.826    156.522    -0.012489     0.005425     0.099069   -3007.824934996464   -3007.816126056156   -3007.825427282802
     7.826    172.174    -0.013490     0.001854     0.099069   -3007.825891620665   -3007.818124287112   -3007.827567191412
     7.826    187.826    -0.013490    -0.001854     0.099069   -3007.825903701212   -3007.820158288210   -3007.829224063963
     7.826    203.478    -0.012489    -0.005425     0.099069   -3007.824975067309   -3007.822084794476   -3007.830346620071
     7.826    219.130    -0.010563    -0.008593     0.099069   -3007.823184728550   -3007.823769761335   -3007.830916261766
     7.826    234.783    -0.007852    -0.011124     0.099069   -3007.820677235627   -3007.825094879080   -3007.830928010765
     7.826    250.435    -0.004560    -0.012830     0.099069   -3007.817647541486   -3007.825964967250   -3007.830379732855
     7.826    266.087    -0.000929    -0.013585     0.099069   -3007.814323754691   -3007.826315752737   -3007.829273823840
     7.826    281.739     0.002770    -0.013332     0.099069   -3007.810949408687   -3007.826120203583   -3007.827630066181
     7.826    297.391     0.006265    -0.012090     0.099069   -3007.807767307552   -3007.825391455483   -3007.825503772493
     7.826    313.043     0.009294    -0.009952     0.099069   -3007.805004312465   -3007.824181435606   -3007.823001236762
     7.826    328.696     0.011634    -0.007075     0.099069   -3007.802857203568   -3007.822575695866   -3007.820285502668
     7.826    344.348     0.013112    -0.003674     0.099069   -3007.801479967928   -3007.820687472362   -3007.817568404595
     7.826    360.000     0.013617    -0.000000     0.099069   -3007.800973278841   -3007.818649542278   -3007.815091992753
    15.652      0.000     0.026980     0.000000     0.096292   -3007.788260602124   -3007.817388358307   -3007.807716965170
    15.652     15.652     0.025979     0.007279     0.096292   -3007.788992379289   -3007.813467255232   -3007.803334739775
    15.652     31.304     0.023052     0.014018     0.096292   -3007.791421335115   -3007.809767976931   -3007.800398421866
    15.652     46.956     0.018415     0.019718     0.096292   -3007.795389576987   -3007.806592418140   -3007.799297697530
    15.652     62.609     0.012412     0.023955     0.096292   -3007.800624051079   -3007.804235737677   -3007.800201394912
    15.652     78.261     0.005489     0.026415     0.096292   -3007.806753970737   -3007.802937174575   -3007.803017668665
    15.652     93.913    -0.001841     0.026917     0.096292   -3007.813336531696   -3007.802830890608   -3007.807394614465
    15.652    109.565    -0.009035     0.025422     0.096292   -3007.819886276805   -3007.803916601357   -3007.812773438012
    15.652    125.217    -0.015559     0.022042     0.096292   -3007.825904995104   -3007.806063284556   -3007.818488824995
    15.652    140.870    -0.020928     0.017027     0.096292   -3007.830914991019   -3007.809042352797   -3007.823902731469
    15.652    156.522    -0.024746     0.010749     0.096292   -3007.834501268449   -3007.812577998171   -3007.828528668734
    15.652    172.174    -0.026728     0.003674     0.096292   -3007.836359099581   -3007.816392636539   -3007.832108606604
    15.652    187.826    -0.026728    -0.003674     0.096292   -3007.836336719281   -3007.820229202540   -3007.834610911828
    15.652    203.478    -0.024746    -0.010749     0.096292   -3007.834455877385   -3007.823850885685   -3007.836154725584
    15.652    219.130    -0.020928    -0.017027     0.096292   -3007.830903396994   -3007.827031286216   -3007.836896879594
    15.652    234.783    -0.015559    -0.022042     0.096292   -3007.825996905929   -3007.829553397895   -3007.836930864591
    15.652    250.435    -0.009035    -0.025422     0.096292   -3007.820137161215   -3007.831224365250   -3007.836235918791
    15.652    266.087    -0.001841    -0.026917     0.096292   -3007.813764848671   -3007.831904304316   -3007.834692449205
    15.652    281.739     0.005489    -0.026415     0.096292   -3007.807330337924   -3007.831533046471   -3007.832153067701
    15.652    297.391     0.012412    -0.023955     0.096292   -3007.801274890568   -3007.830141958913   -3007.828540199199
    15.652    313.043     0.018415    -0.019718     0.096292   -3007.796013235939   -3007.827844841273   -3007.823931787806
    15.652    328.696     0.023052    -0.014018     0.096292   -3007.791911414965   -3007.824813677069   -3007.818602384305
    15.652    344.348     0.025979    -0.007279     0.096292   -3007.789261783976   -3007.821253092061   -3007.813006779390
    15.652    360.000     0.026980    -0.000000     0.096292   -3007.788260602124   -3007.817388358310   -3007.807716965166
    23.478      0.000     0.039840     0.000000     0.091721   -3007.776676868401   -3007.815670523969   -3007.800686325049
    23.478     15.652     0.038363     0.010749     0.091721   -3007.777649308346   -3007.810223616824   -3007.793738030603
    23.478     31.304     0.034040     0.020700     0.091721   -3007.781014709082   -3007.804961087910   -3007.788999380517
    23.478     46.956     0.027193     0.029117     0.091721   -3007.786560065942   -3007.800325686746   -3007.787170150289
    23.478     62.609     0.018329     0.035374     0.091721   -3007.793902693801   -3007.796815644371   -3007.788583389860
    23.478     78.261     0.008106     0.039007     0.091721   -3007.802520870791   -3007.794870666176   -3007.793114919512
    23.478     93.913    -0.002719     0.039747     0.091721   -3007.811797476146   -3007.794743982087   -3007.800154782180
    23.478    109.565    -0.013342     0.037540     0.091721   -3007.821062056404   -3007.796429276229   -3007.808683764000
    23.478    125.217    -0.022975     0.032548     0.091721   -3007.829620410860   -3007.799666645314   -3007.817465892496
    23.478    140.870    -0.030904     0.025143     0.091721   -3007.836780558531   -3007.804023221611   -3007.825329214404
    23.478    156.522    -0.036542     0.015872     0.091721   -3007.841912048566   -3007.809031621227   -3007.831463708545
    23.478    172.174    -0.039469     0.005425     0.091721   -3007.844539789540   -3007.814300604194   -3007.835603642254
    23.478    187.826    -0.039469    -0.005425     0.091721   -3007.844433200421   -3007.819535077052   -3007.837995044396
    23.478    203.478    -0.036542    -0.015872     0.091721   -3007.841647305548   -3007.824483544630   -3007.839173555692
    23.478    219.130    -0.030904    -0.025143     0.091721   -3007.836501698878   -3007.828878876730   -3007.839669829832
    23.478    234.783    -0.022975    -0.032548     0.091721   -3007.829506120304   -3007.832414731637   -3007.839765893050
    23.478    250.435    -0.013342    -0.037540     0.091721   -3007.821259987435   -3007.834782634717   -3007.839389894119
    23.478    266.087    -0.002719    -0.039747     0.091721   -3007.812371639179   -3007.835745174573   -3007.838164045907
    23.478    281.739     0.008106    -0.039007     0.091721   -3007.803428300656   -3007.835203203756   -3007.835577413045
    23.478    297.391     0.018329    -0.035374     0.091721   -3007.795003282344   -3007.833221627877   -3007.831225925881
    23.478    313.043     0.027193    -0.029117     0.091721   -3007.787653126351   -3007.830003193313   -3007.825030116708
    23.478    328.696     0.034040    -0.020700     0.091721   -3007.781889435968   -3007.825822768386   -3007.817341994573
    23.478    344.348     0.038363    -0.010749     0.091721   -3007.778134263412   -3007.820959695411   -3007.808901346772
    23.478    360.000     0.039840    -0.000000     0.091721   -3007.776676868405   -3007.815670523970   -3007.800686325051
    31.304      0.000     0.051958     0.000000     0.085442   -3007.767095026207   -3007.813710806465   -3007.794609383139
    31.304     15.652     0.050032     0.014018     0.085442   -3007.768214845556   -3007.807249024505   -3007.785111969839
    31.304     31.304     0.044394     0.026997     0.085442   -3007.772280022550   -3007.800818984666   -3007.778549518456
    31.304     46.956     0.035464     0.037973     0.085442   -3007.779027456889   -3007.794958906826   -3007.775953799161
    31.304     62.609     0.023904     0.046133     0.085442   -3007.787971492980   -3007.790393771121   -3007.777853229149
    31.304     78.261     0.010571     0.050872     0.085442   -3007.798464088305   -3007.787832817742   -3007.784131494927
    31.304     93.913    -0.003546     0.051837     0.085442   -3007.809755914827   -3007.787698331686   -3007.793917305905
    31.304    109.565    -0.017400     0.048958     0.085442   -3007.821051541515   -3007.789982435662   -3007.805657993763
    31.304    125.217    -0.029963     0.042448     0.085442   -3007.831529682569   -3007.794250896329   -3007.817410553982
    31.304    140.870    -0.040305     0.032790     0.085442   -3007.840331286416   -3007.799781855748   -3007.827317303103
    31.304    156.522    -0.047657     0.020700     0.085442   -3007.846630259343   -3007.805873538340   -3007.834193835589
    31.304    172.174    -0.051474     0.007075     0.085442   -3007.849802563640   -3007.812088420620   -3007.837892444209
    31.304    187.826    -0.051474    -0.007075     0.085442   -3007.849564201441   -3007.818201376453   -3007.839169818908
    31.304    203.478    -0.047657    -0.020700     0.085442   -3007.846017681376   -3007.824029471433   -3007.839211023565
    31.304    219.130    -0.040305    -0.032790     0.085442   -3007.839613235425   -3007.829299128440   -3007.839077751201
    31.304    234.783    -0.029963    -0.042448     0.085442   -3007.831040462274   -3007.833606240232   -3007.839292262346
    31.304    250.435    -0.017400    -0.048958     0.085442   -3007.821070377116   -3007.836508187069   -3007.839696045902
    31.304    266.087    -0.003546    -0.051837     0.085442   -3007.810413470033   -3007.837668599703   -3007.839549753563
    31.304    281.739     0.010571    -0.050872     0.085442   -3007.799703859982   -3007.836958269917   -3007.837811049105
    31.304    297.391     0.023904    -0.046133     0.085442   -3007.789569533710   -3007.834488777078   -3007.833555638575
    31.304    313.043     0.035464    -0.037973     0.085442   -3007.780657238854   -3007.830566528225   -3007.826403005516
    31.304    328.696     0.044394    -0.026997     0.085442   -3007.773599792637   -3007.825583341092   -3007.816746155909
    31.304    344.348     0.050032    -0.014018     0.085442   -3007.768950016968   -3007.819887099201   -3007.805663585143
    31.304    360.000     0.051958    -0.000000     0.085442   -3007.767095026211   -3007.813710806464   -3007.794609383138
    39.130      0.000     0.063109     0.000000     0.077571   -3007.760216573807   -3007.811693906819   -3007.789992458726
    39.130     15.652     0.060768     0.017027     0.077571   -3007.761388778735   -3007.804822689243   -3007.778126988965
    39.130     31.304     0.053921     0.032790     0.077571   -3007.765897556495   -3007.797748038693   -3007.769864409303
    39.130     46.956     0.043075     0.046122     0.077571   -3007.773424400588   -3007.791016772529   -3007.766541102433
    39.130     62.609     0.029034     0.056033     0.077571   -3007.783373682640   -3007.785567022084   -3007.768874988828
    39.130     78.261     0.012840     0.061789     0.077571   -3007.795009142185   -3007.782449609835   -3007.776816775876
    39.130     93.913    -0.004307     0.062962     0.077571   -3007.807497783267   -3007.782304889053   -3007.789258615468
    39.130    109.565    -0.021134     0.059465     0.077571   -3007.819977715752   -3007.785133370197   -3007.804071951626
    39.130    125.217    -0.036394     0.051558     0.077571   -3007.831579012220   -3007.790307638813   -3007.818506679066
    39.130    140.870    -0.048954     0.039827     0.077571   -3007.841331101170   -3007.796714262268   -3007.829876309302
    39.130    156.522    -0.057884     0.025143     0.077571   -3007.848256690251   -3007.803374550946   -3007.836598539893
    39.130    172.174    -0.062521     0.008593     0.077571   -3007.851653099506   -3007.809938346135   -3007.838830439390
    39.130    187.826    -0.062521    -0.008593     0.077571   -3007.851245166911   -3007.816377273650   -3007.838072898399
    39.130    203.478    -0.057884    -0.025143     0.077571   -3007.847192239636   -3007.822623447046   -3007.836328003734
    39.130    219.130    -0.048954    -0.039827     0.077571   -3007.840030151860   -3007.828397339630   -3007.835268230811
    39.130    234.783    -0.036394    -0.051558     0.077571   -3007.830567600477   -3007.833166978116   -3007.835651840649
    39.130    250.435    -0.021134    -0.059465     0.077571   -3007.819698924234   -3007.836360655491   -3007.837211869277
    39.130    266.087    -0.004307    -0.062962     0.077571   -3007.808167758204   -3007.837590979379   -3007.838819484803
    39.130    281.739     0.012840    -0.061789     0.077571   -3007.796560887130   -3007.836732383540   -3007.838797943238
    39.130    297.391     0.029034    -0.056033     0.077571   -3007.785488249309   -3007.833939301482   -3007.835524829091
    39.130    313.043     0.043075    -0.046122     0.077571   -3007.775628888694   -3007.829593705090   -3007.828143664776
    39.130    328.696     0.053921    -0.032790     0.077571   -3007.767698359281   -3007.824192513083   -3007.817023570005
    39.130    344.348     0.060768    -0.017027     0.077571   -3007.762394818850   -3007.818164680418   -3007.803639836822
    39.130    360.000     0.063109    -0.000000     0.077571   -3007.760216573809   -3007.811693906818   -3007.789992458726
    46.956      0.000     0.073084     0.000000     0.068255   -3007.756519277191   -3007.809754521678   -3007.787187554454
    46.956     15.652     0.070373     0.019718     0.068255   -3007.757644897963   -3007.803090735260   -3007.773255262287
    46.956     31.304     0.062444     0.037973     0.068255   -3007.762322101189   -3007.795969064782   -3007.763531968478
    46.956     46.956     0.049883     0.053412     0.068255   -3007.770169621348   -3007.788824480934   -3007.759598558397
    46.956     62.609     0.033623     0.064890     0.068255   -3007.780471911287   -3007.782744606333   -3007.762306779557
    46.956     78.261     0.014869     0.071555     0.068255   -3007.792458726375   -3007.779174513040   -3007.771739964950
    46.956     93.913    -0.004987     0.072913     0.068255   -3007.805259437538   -3007.779001704482   -3007.786584561856
    46.956    109.565    -0.024474     0.068864     0.068255   -3007.817989828638   -3007.782243630950   -3007.804116381773
    46.956    125.217    -0.042146     0.059707     0.068255   -3007.829808231434   -3007.788100458446   -3007.820736058079
    46.956    140.870    -0.056692     0.046122     0.068255   -3007.839694030253   -3007.794989175492   -3007.832829558261
    46.956    156.522    -0.067033     0.029117     0.068255   -3007.846587496859   -3007.801630751965   -3007.838451472350
    46.956    172.174    -0.072403     0.009952     0.068255   -3007.849824919455   -3007.807957665577   -3007.838302441809
    46.956    187.826    -0.072403    -0.009952     0.068255   -3007.849227309614   -3007.814222358876   -3007.834803184229
    46.956    203.478    -0.067033    -0.029117     0.068255   -3007.845011203589   -3007.820457938948   -3007.830827998140
    46.956    219.130    -0.056692    -0.046122     0.068255   -3007.837718001419   -3007.826352185811   -3007.828655968304
    46.956    234.783    -0.042146    -0.059707     0.068255   -3007.828168566248   -3007.831210064349   -3007.829229313374
    46.956    250.435    -0.024474    -0.068864     0.068255   -3007.817315060917   -3007.834375054677   -3007.832177315664
    46.956    266.087    -0.004987    -0.072913     0.068255   -3007.805867617003   -3007.835516154887   -3007.836043143641
    46.956    281.739     0.014869    -0.071555     0.068255   -3007.794280511025   -3007.834564413609   -3007.838497362718
    46.956    297.391     0.033623    -0.064890     0.068255   -3007.783091464438   -3007.831688880728   -3007.837083400185
    46.956    313.043     0.049883    -0.053412     0.068255   -3007.772955692507   -3007.827265952182   -3007.830269935150
    46.956    328.696     0.062444    -0.037973     0.068255   -3007.764615135542   -3007.821841969831   -3007.818289435416
    46.956    344.348     0.070373    -0.019718     0.068255   -3007.758928553233   -3007.815954455742   -3007.803059287756
    46.956    360.000     0.073084    -0.000000     0.068255   -3007.756519277194   -3007.809754521677   -3007.787187554452
    54.783      0.000     0.081697     0.000000     0.057668   -3007.756243832720   -3007.807989111349   -3007.786381149579
    54.783     15.652     0.078667     0.022042     0.057668   -3007.757216498266   -3007.802077847757   -3007.770762979483
    54.783     31.304     0.069804     0.042448     0.057668   -3007.761757745549   -3007.795503187551   -3007.759884255328
    54.783     46.956     0.055763     0.059707     0.057668   -3007.769436008189   -3007.788474638217   -3007.755518011661
    54.783     62.609     0.037586     0.072538     0.057668   -3007.779423140850   -3007.782110762847   -3007.758558913868
    54.783     78.261     0.016622     0.079988     0.057668   -3007.790972938935   -3007.778254880725   -3007.769255793969
    54.783     93.913    -0.005575     0.081507     0.057668   -3007.803206019676   -3007.778032538577   -3007.786101533460
    54.783    109.565    -0.027359     0.076980     0.057668   -3007.815246642127   -3007.781467600384   -3007.805777647432
    54.783    125.217    -0.047113     0.066744     0.057668   -3007.826348171068   -3007.787642952707   -3007.823863054937
    54.783    140.870    -0.063373     0.051558     0.057668   -3007.835509629595   -3007.794525041098   -3007.835820654582
    54.783    156.522    -0.074933     0.032548     0.057668   -3007.841686486428   -3007.800592418509   -3007.839467285345
    54.783    172.174    -0.080936     0.011124     0.057668   -3007.844393388438   -3007.806220777985   -3007.836275866886
    54.783    187.826    -0.080936    -0.011124     0.057668   -3007.843608217047   -3007.811919634731   -3007.829635311479
    54.783    203.478    -0.074933    -0.032548     0.057668   -3007.839595833598   -3007.817763864372   -3007.823222966289
    54.783    219.130    -0.063373    -0.051558     0.057668   -3007.832834888825   -3007.823382759021   -3007.819854954817
    54.783    234.783    -0.047113    -0.066744     0.057668   -3007.824031526428   -3007.827902862472   -3007.820590279716
    54.783    250.435    -0.027359    -0.076980     0.057668   -3007.814109146674   -3007.830670427328   -3007.824991021153
    54.783    266.087    -0.005575    -0.081507     0.057668   -3007.803681158791   -3007.831558180086   -3007.831400740096
    54.783    281.739     0.016622    -0.079988     0.057668   -3007.793002584166   -3007.830607057017   -3007.836895140183
    54.783    297.391     0.037586    -0.072538     0.057668   -3007.782503836662   -3007.827952614106   -3007.838122917983
    54.783    313.043     0.055763    -0.059707     0.057668   -3007.772778174058   -3007.823847249998   -3007.832690538457
    54.783    328.696     0.069804    -0.042448     0.057668   -3007.764528421148   -3007.818787676119   -3007.820530642361
    54.783    344.348     0.078667    -0.022042     0.057668   -3007.758770683964   -3007.813446025121   -3007.804009302266
    54.783    360.000     0.081697    -0.000000     0.057668   -3007.756243832720   -3007.807989111351   -3007.786381149580
    62.609      0.000     0.088789     0.000000     0.046006   -3007.759399218224   -3007.806477126169   -3007.787596328255
    62.609     15.652     0.085496     0.023955     0.046006   -3007.760109501532   -3007.801734257863   -3007.770732739699
    62.609     31.304     0.075863     0.046133     0.046006   -3007.764183994379   -3007.796221110850   -3007.759030304918
    62.609     46.956     0.060603     0.064890     0.046006   -3007.771179674653   -3007.789853665443   -3007.754435890890
    62.609     62.609     0.040848     0.078834     0.046006   -3007.780205039518   -3007.783636804358   -3007.757800722422
    62.609     78.261     0.018065     0.086931     0.046006   -3007.790580132965   -3007.779727262526   -3007.769497673557
    62.609     93.913    -0.006059     0.088582     0.046006   -3007.801430506016   -3007.779440887345   -3007.787811881092
    62.609    109.565    -0.029733     0.083662     0.046006   -3007.811911344290   -3007.782787340133   -3007.808860866537
    62.609    125.217    -0.051203     0.072538     0.046006   -3007.821424754565   -3007.788781963308   -3007.827494653513
    62.609    140.870    -0.068874     0.056033     0.046006   -3007.829066019962   -3007.795105184603   -3007.838405334311
    62.609    156.522    -0.081438     0.035374     0.046006   -3007.833927759372   -3007.800179372024   -3007.839398706704
    62.609    172.174    -0.087962     0.012090     0.046006   -3007.835810549863   -3007.804818850929   -3007.832843937105
    62.609    187.826    -0.087962    -0.012090     0.046006   -3007.834861082041   -3007.809672979758   -3007.822995556495
    62.609    203.478    -0.081438    -0.035374     0.046006   -3007.831375975956   -3007.814788546370   -3007.814165944906
    62.609    219.130    -0.068874    -0.056033     0.046006   -3007.825741483090   -3007.819726108404   -3007.809597394024
    62.609    234.783    -0.051203    -0.072538     0.046006   -3007.818447062942   -3007.823460452692   -3007.810414662150
    62.609    250.435    -0.029733    -0.083662     0.046006   -3007.810285192339   -3007.825462216753   -3007.816179741441
    62.609    266.087    -0.006059    -0.088582     0.046006   -3007.801710779738   -3007.825955399283   -3007.825186346393
    62.609    281.739     0.018065    -0.086931     0.046006   -3007.792738294854   -3007.825125128574   -3007.834027819356
    62.609    297.391     0.040848    -0.078834     0.046006   -3007.783670366108   -3007.823019293286   -3007.838493666773
    62.609    313.043     0.060603    -0.064890     0.046006   -3007.775017029993   -3007.819643266881   -3007.835204999739
    62.609    328.696     0.075863    -0.046133     0.046006   -3007.767391036594   -3007.815315751024   -3007.823599650666
    62.609    344.348     0.085496    -0.023955     0.046006   -3007.761913004963   -3007.810844911133   -3007.806430499315
    62.609    360.000     0.088789    -0.000000     0.046006   -3007.759399218223   -3007.806477126171   -3007.787596328253
    70.435      0.000     0.094226     0.000000     0.033488   -3007.765765995375   -3007.805286742912   -3007.790699147132
    70.435     15.652     0.090732     0.025422     0.033488   -3007.766115104365   -3007.801978905447   -3007.773088213318
    70.435     31.304     0.080509     0.048958     0.033488   -3007.769393456715   -3007.797914004335   -3007.760912627134
    70.435     46.956     0.064314     0.068864     0.033488   -3007.775197828017   -3007.792707812614   -3007.756294579420
    70.435     62.609     0.043350     0.083662     0.033488   -3007.782660516617   -3007.787111219765   -3007.759991388915
    70.435     78.261     0.019171     0.092255     0.033488   -3007.791199672034   -3007.783420969775   -3007.772380485480
    70.435     93.913    -0.006430     0.094006     0.033488   -3007.799960059597   -3007.783069148125   -3007.791517774990
    70.435    109.565    -0.031554     0.088786     0.033488   -3007.808150780794   -3007.786040166083   -3007.813028535845
    70.435    125.217    -0.054338     0.076980     0.033488   -3007.815354101072   -3007.791321045838   -3007.831181067676
    70.435    140.870    -0.073092     0.059465     0.033488   -3007.820838251961   -3007.796558979506   -3007.840188221768
    70.435    156.522    -0.086425     0.037540     0.033488   -3007.823952257090   -3007.800368969589   -3007.838122486683
    70.435    172.174    -0.093348     0.012830     0.033488   -3007.824831926494   -3007.803857592215   -3007.828227133167
    70.435    187.826    -0.093348    -0.012830     0.033488   -3007.823756577198   -3007.807667492785   -3007.815400289837
    70.435    203.478    -0.086425    -0.037540     0.033488   -3007.821037329553   -3007.811756954546   -3007.804365532214
    70.435    219.130    -0.073092    -0.059465     0.033488   -3007.816976691794   -3007.815617073086   -3007.798655839254
    70.435    234.783    -0.054338    -0.076980     0.033488   -3007.811793880679   -3007.818140290769   -3007.799437323540
    70.435    250.435    -0.031554    -0.088786     0.033488   -3007.806052611360   -3007.819060509707   -3007.806357796567
    70.435    266.087    -0.006430    -0.094006     0.033488   -3007.799998681673   -3007.819061338530   -3007.817794756217
    70.435    281.739     0.019171    -0.092255     0.033488   -3007.793394700591   -3007.818476455072   -3007.830001761521
    70.435    297.391     0.043350    -0.083662     0.033488   -3007.786403285058   -3007.817223355140   -3007.838041333557
    70.435    313.043     0.064314    -0.068864     0.033488   -3007.779434560110   -3007.814965758795   -3007.837531962649
    70.435    328.696     0.080509    -0.048958     0.033488   -3007.772968081960   -3007.811706048598   -3007.827225338178
    70.435    344.348     0.090732    -0.025422     0.033488   -3007.768132318793   -3007.808350969983   -3007.810118465742
    70.435    360.000     0.094226    -0.000000     0.033488   -3007.765765995376   -3007.805286742909   -3007.790699147136
    78.261      0.000     0.097908     0.000000     0.020346   -3007.774903485717   -3007.804473011640   -3007.795411928889
    78.261     15.652     0.094278     0.026415     0.020346   -3007.774816650427   -3007.802728264355   -3007.777610774221
    78.261     31.304     0.083655     0.050872     0.020346   -3007.777011358882   -3007.800352499995   -3007.765341454189
    78.261     46.956     0.066828     0.071555     0.020346   -3007.781164035478   -3007.796704367330   -3007.760892099560
    78.261     62.609     0.045044     0.086931     0.020346   -3007.786530712534   -3007.792175669335   -3007.764904325738
    78.261     78.261     0.019920     0.095861     0.020346   -3007.792668972126   -3007.788979192351   -3007.777616405414
    78.261     93.913    -0.006681     0.097680     0.020346   -3007.798775656185   -3007.788573898763   -3007.796848665002
    78.261    109.565    -0.032788     0.092255     0.020346   -3007.804137164545   -3007.790929016854   -3007.817846041686
    78.261    125.217    -0.056462     0.079988     0.020346   -3007.808525705996   -3007.795055652640   -3007.834496687865
    78.261    140.870    -0.075949     0.061789     0.020346   -3007.811441309676   -3007.798804997542   -3007.840906753436
    78.261    156.522    -0.089803     0.039007     0.020346   -3007.812571537681   -3007.801180372149   -3007.835667968294
    78.261    172.174    -0.096996     0.013332     0.020346   -3007.812378914556   -3007.803416383545   -3007.822743011121
    78.261    187.826    -0.096996    -0.013332     0.020346   -3007.811223893624   -3007.806027729190   -3007.807390690698
    78.261    203.478    -0.089803    -0.039007     0.020346   -3007.809416837697   -3007.808836240953   -3007.794510522673
    78.261    219.130    -0.075949    -0.061789     0.020346   -3007.807198486927   -3007.811267610422   -3007.787780632623
    78.261    234.783    -0.056462    -0.079988     0.020346   -3007.804511799228   -3007.812232846624   -3007.788399863386
    78.261    250.435    -0.032788    -0.092255     0.020346   -3007.801624442495   -3007.811855994149   -3007.796186347925
    78.261    266.087    -0.006681    -0.097680     0.020346   -3007.798545116681   -3007.811321159286   -3007.809698726588
    78.261    281.739     0.019920    -0.095861     0.020346   -3007.794803520118   -3007.811087150230   -3007.825005740021
    78.261    297.391     0.045044    -0.086931     0.020346   -3007.790417996659   -3007.810924232187   -3007.836649473529
    78.261    313.043     0.066828    -0.071555     0.020346   -3007.785671084411   -3007.810108506893   -3007.839350303444
    78.261    328.696     0.083655    -0.050872     0.020346   -3007.780857278499   -3007.808202448925   -3007.831039715618
    78.261    344.348     0.094278    -0.026415     0.020346   -3007.776997097473   -3007.806133630037   -3007.814739139385
    78.261    360.000     0.097908    -0.000000     0.020346   -3007.774903485722   -3007.804473011641   -3007.795411928889
    86.087      0.000     0.099767     0.000000     0.006824   -3007.786178165359   -3007.804078716610   -3007.801347109425
    86.087     15.652     0.096067     0.026917     0.006824   -3007.785611433359   -3007.803913184492   -3007.783960066625
    86.087     31.304     0.085243     0.051837     0.006824   -3007.786504595955   -3007.803321846860   -3007.772004073840
    86.087     46.956     0.068096     0.072913     0.006824   -3007.788637547997   -3007.801478925365   -3007.767894951377
    86.087     62.609     0.045899     0.088582     0.006824   -3007.791478660487   -3007.798369634166   -3007.772147789459
    86.087     78.261     0.020298     0.097680     0.006824   -3007.794781706069   -3007.795905083866   -3007.784752339161
    86.087     93.913    -0.006808     0.099534     0.006824   -3007.797845397482   -3007.795470194622   -3007.803311556252
    86.087    109.565    -0.033410     0.094006     0.006824   -3007.800060824835   -3007.797043241590   -3007.822838527809
    86.087    125.217    -0.057534     0.081507     0.006824   -3007.801382064222   -3007.799732144353   -3007.837093681334
    86.087    140.870    -0.077390     0.062962     0.006824   -3007.801566521380   -3007.801764988635   -3007.840460132920
    86.087    156.522    -0.091507     0.039747     0.006824   -3007.800665125494   -3007.802612160748   -3007.832209842908
    86.087    172.174    -0.098838     0.013585     0.006824   -3007.799421276426   -3007.803521992704   -3007.816776330359
    86.087    187.826    -0.098838    -0.013585     0.006824   -3007.798234333133   -3007.804808146481   -3007.799495459126
    86.087    203.478    -0.091507    -0.039747     0.006824   -3007.797403025587   -3007.806131121774   -3007.785230353088
    86.087    219.130    -0.077390    -0.062962     0.006824   -3007.797119836172   -3007.806867364181   -3007.777662747473
    86.087    234.783    -0.057534    -0.081507     0.006824   -3007.797076600613   -3007.806060245028   -3007.778016400764
    86.087    250.435    -0.033410    -0.094006     0.006824   -3007.797224618251   -3007.804306840012   -3007.786338866900
    86.087    266.087    -0.006808    -0.099534     0.006824   -3007.797339797840   -3007.803249674935   -3007.801428880303
    86.087    281.739     0.020298    -0.097680     0.006824   -3007.796760161074   -3007.803434646774   -3007.819320996206
    86.087    297.391     0.045899    -0.088582     0.006824   -3007.795359647879   -3007.804499281004   -3007.834283648687
    86.087    313.043     0.068096    -0.072913     0.006824   -3007.793257334183   -3007.805343794702   -3007.840359870929
    86.087    328.696     0.085243    -0.051837     0.006824   -3007.790499558401   -3007.805002252190   -3007.834624749744
    86.087    344.348     0.096067    -0.026917     0.006824   -3007.787890409728   -3007.804321384771   -3007.819868095760
    86.087    360.000     0.099767    -0.000000     0.006824   -3007.786178165362   -3007.804078716611   -3007.801347109426
    93.913      0.000     0.099767     0.000000    -0.006824   -3007.798807796426   -3007.804139430976   -3007.808052431696
    93.913     15.652     0.096067     0.026917    -0.006824   -3007.797749285786   -3007.805487682748   -3007.791706857232
    93.913     31.304     0.085243     0.051837    -0.006824   -3007.797207375160   -3007.806641632506   -3007.780476065440
    93.913     46.956     0.068096     0.072913    -0.006824   -3007.797082492561   -3007.806674902766   -3007.776843285803
    93.913     62.609     0.045899     0.088582    -0.006824   -3007.797122538347   -3007.805187680282   -3007.781196552453
    93.913     78.261     0.020298     0.097680    -0.006824   -3007.797329729655   -3007.803626000820   -3007.793225235097
    93.913     93.913    -0.006808     0.099534    -0.006824   -3007.797163030186   -3007.803195433218   -3007.810358932511
    93.913    109.565    -0.033410     0.094006    -0.006824   -3007.796148085249   -3007.803906400869   -3007.827558331543
    93.913    125.217    -0.057534     0.081507    -0.006824   -3007.794402471991   -3007.805041557482   -3007.838743714330
    93.913    140.870    -0.077390     0.062962    -0.006824   -3007.791928981568   -3007.805306512052   -3007.838913258026
    93.913    156.522    -0.091507     0.039747    -0.006824   -3007.789110768515   -3007.804619759835   -3007.828047330258
    93.913    172.174    -0.098838     0.013585    -0.006824   -3007.786905486505   -3007.804156130533   -3007.810760440987
    93.913    187.826    -0.098838    -0.013585    -0.006824   -3007.785731173248   -3007.804016768589   -3007.792221209392
    93.913    203.478    -0.091507    -0.039747    -0.006824   -3007.785867901967   -3007.803712598158   -3007.777088342066
    93.913    219.130    -0.077390    -0.062962    -0.006824   -3007.787458596284   -3007.802608667123   -3007.768920293240
    93.913    234.783    -0.057534    -0.081507    -0.006824   -3007.789982545473   -3007.799988182491   -3007.768951715755
    93.913    250.435    -0.033410    -0.094006    -0.006824   -3007.793103160712   -3007.796928675207   -3007.777478755274
    93.913    266.087    -0.006808    -0.099534    -0.006824   -3007.796398448572   -3007.795413608113   -3007.793557148737
    93.913    281.739     0.020298    -0.097680    -0.006824   -3007.799066681506   -3007.796038372094   -3007.813326202323
    93.913    297.391     0.045899    -0.088582    -0.006824   -3007.800839044978   -3007.798347596527   -3007.831032735845
    93.913    313.043     0.068096    -0.072913    -0.006824   -3007.801637169539   -3007.800931076682   -3007.840345229181
    93.913    328.696     0.085243    -0.051837    -0.006824   -3007.801207454610   -3007.802261526008   -3007.837576674755
    93.913    344.348     0.096067    -0.026917    -0.006824   -3007.800048848097   -3007.803006357767   -3007.825045532124
    93.913    360.000     0.099767    -0.000000    -0.006824   -3007.798807796428   -3007.804139430975   -3007.808052431696
   101.739      0.000     0.097908     0.000000    -0.020346   -3007.811906980825   -3007.804683948681   -3007.815052863386
   101.739     15.652     0.094278     0.026415    -0.020346   -3007.810377401051   -3007.807424322241   -3007.800362364138
   101.739     31.304     0.083655     0.050872    -0.020346   -3007.808363093704   -3007.810169741889   -3007.790243447595
   101.739     46.956     0.066828     0.071555    -0.020346   -3007.805906075048   -3007.811973663048   -3007.787173129407
   101.739     62.609     0.045044     0.086931    -0.020346   -3007.803073185444   -3007.812134920217   -3007.791433379477
   101.739     78.261     0.019920     0.095861    -0.020346   -3007.800139222133   -3007.811556046460   -3007.802417472377
   101.739     93.913    -0.006681     0.097680    -0.020346   -3007.796773640261   -3007.811170445100   -3007.817451654093
   101.739    109.565    -0.032788     0.092255    -0.020346   -3007.792668477254   -3007.811030436950   -3007.831644892199
   101.739    125.217    -0.056462     0.079988    -0.020346   -3007.788082228321   -3007.810654313431   -3007.839369350597
   101.739    140.870    -0.075949     0.061789    -0.020346   -3007.783224241652   -3007.809257351140   -3007.836481896924
   101.739    156.522    -0.089803     0.039007    -0.020346   -3007.778735298042   -3007.807117704104   -3007.823575548644
   101.739    172.174    -0.096996     0.013332    -0.020346   -3007.775712573718   -3007.805273065286   -3007.805158596347
   101.739    187.826    -0.096996    -0.013332    -0.020346   -3007.774590488751   -3007.803647464308   -3007.786050269964
   101.739    203.478    -0.089803    -0.039007    -0.020346   -3007.775625207230   -3007.801656777480   -3007.770583291339
   101.739    219.130    -0.075949    -0.061789    -0.020346   -3007.778896727479   -3007.798716200979   -3007.762089197051
   101.739    234.783    -0.056462    -0.079988    -0.020346   -3007.783723516957   -3007.794430202768   -3007.761799832048
   101.739    250.435    -0.032788    -0.092255    -0.020346   -3007.789542119281   -3007.790274910409   -3007.770232021544
   101.739    266.087    -0.006681    -0.097680    -0.020346   -3007.795786564564   -3007.788406712109   -3007.786672412365
   101.739    281.739     0.019920    -0.095861    -0.020346   -3007.801566772811   -3007.789441893673   -3007.807485554499
   101.739    297.391     0.045044    -0.086931    -0.020346   -3007.806472842695   -3007.792884512203   -3007.827126185400
   101.739    313.043     0.066828    -0.071555    -0.020346   -3007.810209007607   -3007.797114891429   -3007.839228718162
   101.739    328.696     0.083655    -0.050872    -0.020346   -3007.812208987896   -3007.800099483673   -3007.839573166241
   101.739    344.348     0.094278    -0.026415    -0.020346   -3007.812609866963   -3007.802251164418   -3007.829832161016
   101.739    360.000     0.097908    -0.000000    -0.020346   -3007.811906980825   -3007.804683948681   -3007.815052863386
   109.565      0.000     0.094226     0.000000    -0.033488   -3007.824523249941   -3007.805720129455   -3007.821874053515
   109.565     15.652     0.090732     0.025422    -0.033488   -3007.822578188194   -3007.809689830264   -3007.809390889344
   109.565     31.304     0.080509     0.048958    -0.033488   -3007.819165365875   -3007.813782569030   -3007.800715436615
   109.565     46.956     0.064314     0.068864    -0.033488   -3007.814496761969   -3007.817099661263   -3007.798240344546
   109.565     62.609     0.043350     0.083662    -0.033488   -3007.808958449597   -3007.818761242208   -3007.802184841554
   109.565     78.261     0.019171     0.092255    -0.033488   -3007.803079561699   -3007.819140454601   -3007.811699380024
   109.565     93.913    -0.006430     0.094006    -0.033488   -3007.796770437831   -3007.818841317310   -3007.824101211344
   109.565    109.565    -0.031554     0.088786    -0.033488   -3007.789918188506   -3007.817949487822   -3007.834854430462
   109.565    125.217    -0.054338     0.076980    -0.033488   -3007.782897422010   -3007.816242922679   -3007.839041040462
   109.565    140.870    -0.073092     0.059465    -0.033488   -3007.776080032708   -3007.813415922202   -3007.833494096009
   109.565    156.522    -0.086425     0.037540    -0.033488   -3007.770271914109   -3007.809984956757   -3007.819238215319
   109.565    172.174    -0.093348     0.012830    -0.033488   -3007.766621946311   -3007.806807837626   -3007.800431044045
   109.565    187.826    -0.093348    -0.012830    -0.033488   -3007.765584822006   -3007.803700190983   -3007.781422815684
   109.565    203.478    -0.086425    -0.037540    -0.033488   -3007.767389695398   -3007.800069571948   -3007.766138214266
   109.565    219.130    -0.073092    -0.059465    -0.033488   -3007.772039376237   -3007.795456408957   -3007.757605223861
   109.565    234.783    -0.054338    -0.076980    -0.033488   -3007.778760143385   -3007.789825876788   -3007.757053457286
   109.565    250.435    -0.031554    -0.088786    -0.033488   -3007.786839168540   -3007.784895021038   -3007.765148860755
   109.565    266.087    -0.006430    -0.094006    -0.033488   -3007.795614363503   -3007.782805782419   -3007.781338476696
   109.565    281.739     0.019171    -0.092255    -0.033488   -3007.804153996971   -3007.784174693084   -3007.802309790558
   109.565    297.391     0.043350    -0.083662    -0.033488   -3007.811909230511   -3007.788510840972   -3007.822917468778
   109.565    313.043     0.064314    -0.068864    -0.033488   -3007.818369976206   -3007.794108324916   -3007.837092310413
   109.565    328.696     0.080509    -0.048958    -0.033488   -3007.822696198371   -3007.798594058131   -3007.840419710287
   109.565    344.348     0.090732    -0.025422    -0.033488   -3007.824650844172   -3007.802084505151   -3007.833850582184
   109.565    360.000     0.094226    -0.000000    -0.033488   -3007.824523249941   -3007.805720129448   -3007.821874053518
   117.391      0.000     0.088789     0.000000    -0.046006   -3007.835675939289   -3007.807209213638   -3007.828052846506
   117.391     15.652     0.085496     0.023955    -0.046006   -3007.833410707233   -3007.812207952094   -3007.818208485749
   117.391     31.304     0.075863     0.046133    -0.046006   -3007.828803784284   -3007.817338498216   -3007.811227082017
   117.391     46.956     0.060603     0.064890    -0.046006   -3007.822255639356   -3007.821802291922   -3007.809337199287
   117.391     62.609     0.040848     0.078834    -0.046006   -3007.814429166704   -3007.824670769489   -3007.812745966054
   117.391     78.261     0.018065     0.086931    -0.046006   -3007.806047581839   -3007.825880140568   -3007.820454983882
   117.391     93.913    -0.006059     0.088582    -0.046006   -3007.797267067073   -3007.825701492294   -3007.829889582209
   117.391    109.565    -0.029733     0.083662    -0.046006   -3007.788182511945   -3007.824231190895   -3007.837060558656
   117.391    125.217    -0.051203     0.072538    -0.046006   -3007.779263789032   -3007.821485665204   -3007.837941800301
   117.391    140.870    -0.068874     0.056033    -0.046006   -3007.771013733014   -3007.817550412021   -3007.830328642875
   117.391    156.522    -0.081438     0.035374    -0.046006   -3007.764313075619   -3007.813057492699   -3007.815465405796
   117.391    172.174    -0.087962     0.012090    -0.046006   -3007.760264746592   -3007.808672206282   -3007.796986781556
   117.391    187.826    -0.087962    -0.012090    -0.046006   -3007.759338004696   -3007.804184095803   -3007.778702339378
   117.391    203.478    -0.081438    -0.035374    -0.046006   -3007.761732990610   -3007.799089244284   -3007.764074763056
   117.391    219.130    -0.068874    -0.056033    -0.046006   -3007.767375120606   -3007.793122227692   -3007.755784926640
   117.391    234.783    -0.051203    -0.072538    -0.046006   -3007.775483344782   -3007.786596361791   -3007.755073078905
   117.391    250.435    -0.029733    -0.083662    -0.046006   -3007.785270935392   -3007.781273761438   -3007.762651998056
   117.391    266.087    -0.006059    -0.088582    -0.046006   -3007.796007792545   -3007.779108218333   -3007.778032794343
   117.391    281.739     0.018065    -0.086931    -0.046006   -3007.806754334944   -3007.780693864363   -3007.798293035415
   117.391    297.391     0.040848    -0.078834    -0.046006   -3007.816834034370   -3007.785569197495   -3007.818834562610
   117.391    313.043     0.060603    -0.064890    -0.046006   -3007.825549583739   -3007.792068986194   -3007.834172367929
   117.391    328.696     0.075863    -0.046133    -0.046006   -3007.831872364403   -3007.797773747395   -3007.840075055421
   117.391    344.348     0.085496    -0.023955    -0.046006   -3007.835234682356   -3007.802490327607   -3007.836811472931
   117.391    360.000     0.088789    -0.000000    -0.046006   -3007.835675939287   -3007.807209213635   -3007.828052846506
   125.217      0.000     0.081697     0.000000    -0.057668   -3007.844427183226   -3007.809049246372   -3007.833151041202
   125.217     15.652     0.078667     0.022042    -0.057668   -3007.841979020229   -3007.814832298212   -3007.826189835313
   125.217     31.304     0.069804     0.042448    -0.057668   -3007.836522024289   -3007.820649841631   -3007.821048406557
   125.217     46.956     0.055763     0.059707    -0.057668   -3007.828631303084   -3007.825835816847   -3007.819710341672
   125.217     62.609     0.037586     0.072538    -0.057668   -3007.819158594728   -3007.829521711418   -3007.822404023141
   125.217     78.261     0.016622     0.079988    -0.057668   -3007.808940892332   -3007.831348025965   -3007.828102944517
   125.217     93.913    -0.005575     0.081507    -0.057668   -3007.798354211313   -3007.831306932095   -3007.834477102253
   125.217    109.565    -0.027359     0.076980    -0.057668   -3007.787693614243   -3007.829479880593   -3007.838231927798
   125.217    125.217    -0.047113     0.066744    -0.057668   -3007.777507705016   -3007.826058893369   -3007.836310048795
   125.217    140.870    -0.063373     0.051558    -0.057668   -3007.768409093283   -3007.821391794196   -3007.827346074459
   125.217    156.522    -0.074933     0.032548    -0.057668   -3007.761276851837   -3007.816123267487   -3007.812613191789
   125.217    172.174    -0.080936     0.011124    -0.057668   -3007.757080834010   -3007.810749513558   -3007.795132967772
   125.217    187.826    -0.080936    -0.011124    -0.057668   -3007.756282474733   -3007.805111258335   -3007.778136026677
   125.217    203.478    -0.074933    -0.032548    -0.057668   -3007.759051591065   -3007.798873330787   -3007.764591347566
   125.217    219.130    -0.063373    -0.051558    -0.057668   -3007.765256097375   -3007.792004604108   -3007.756821318967
   125.217    234.783    -0.047113    -0.066744    -0.057668   -3007.774188616434   -3007.785094626557   -3007.756070251102
   125.217    250.435    -0.027359    -0.076980    -0.057668   -3007.785052696285   -3007.779769420100   -3007.762993723147
   125.217    266.087    -0.005575    -0.081507    -0.057668   -3007.797064220476   -3007.777666908204   -3007.777084559484
   125.217    281.739     0.016622    -0.079988    -0.057668   -3007.809295961817   -3007.779325049546   -3007.795843045506
   125.217    297.391     0.037586    -0.072538    -0.057668   -3007.820968492542   -3007.784317232106   -3007.815321627736
   125.217    313.043     0.055763    -0.059707    -0.057668   -3007.831245222589   -3007.791140371720   -3007.830834192633
   125.217    328.696     0.069804    -0.042448    -0.057668   -3007.839016742640   -3007.797663871339   -3007.838663036563
   125.217    344.348     0.078667    -0.022042    -0.057668   -3007.843482226711   -3007.803416371247   -3007.838534530811
   125.217    360.000     0.081697    -0.000000    -0.057668   -3007.844427183226   -3007.809049246373   -3007.833151041205
   133.043      0.000     0.073084     0.000000    -0.068255   -3007.850000566787   -3007.811089820197   -3007.836790050464
   133.043     15.652     0.070373     0.019718    -0.068255   -3007.847544380749   -3007.817352714713   -3007.832706944213
   133.043     31.304     0.062444     0.037973    -0.068255   -3007.841703991064   -3007.823485313222   -3007.829423046074
   133.043     46.956     0.049883     0.053412    -0.068255   -3007.833164649626   -3007.828958711942   -3007.828595982306
   133.043     62.609     0.033623     0.064890    -0.068255   -3007.822851311643   -3007.833032239095   -3007.830472787633
   133.043     78.261     0.014869     0.071555    -0.068255   -3007.811635415329   -3007.835208292888   -3007.834126505611
   133.043     93.913    -0.004987     0.072913    -0.068255   -3007.800062402856   -3007.835296919478   -3007.837609403123
   133.043    109.565    -0.024474     0.068864    -0.068255   -3007.788596351686   -3007.833347759394   -3007.838403557000
   133.043    125.217    -0.042146     0.059707    -0.068255   -3007.777849422625   -3007.829640310138   -3007.834383889667
   133.043    140.870    -0.056692     0.046122    -0.068255   -3007.768507565283   -3007.824640536679   -3007.824835355385
   133.043    156.522    -0.067033     0.029117    -0.068255   -3007.761390886538   -3007.818934919002   -3007.810921507560
   133.043    172.174    -0.072403     0.009952    -0.068255   -3007.757292030865   -3007.812901592151   -3007.795038253640
   133.043    187.826    -0.072403    -0.009952    -0.068255   -3007.756632796191   -3007.806488133996   -3007.779825760476
   133.043    203.478    -0.067033    -0.029117    -0.068255   -3007.759551805203   -3007.799572481253   -3007.767748758914
   133.043    219.130    -0.056692    -0.046122    -0.068255   -3007.765891105817   -3007.792348766337   -3007.760774633933
   133.043    234.783    -0.042146    -0.059707    -0.068255   -3007.775061175852   -3007.785558535500   -3007.760092291679
   133.043    250.435    -0.024474    -0.068864    -0.068255   -3007.786306304204   -3007.780569049855   -3007.766226811022
   133.043    266.087    -0.004987    -0.072913    -0.068255   -3007.798814937301   -3007.778643598026   -3007.778628878635
   133.043    281.739     0.014869    -0.071555    -0.068255   -3007.811684559628   -3007.780225326369   -3007.795225814035
   133.043    297.391     0.033623    -0.064890    -0.068255   -3007.824071083905   -3007.784930808260   -3007.812781801855
   133.043    313.043     0.049883    -0.053412    -0.068255   -3007.835063808253   -3007.791524304919   -3007.827531290641
   133.043    328.696     0.062444    -0.037973    -0.068255   -3007.843568401620   -3007.798366893892   -3007.836463056818
   133.043    344.348     0.070373    -0.019718    -0.068255   -3007.848684285208   -3007.804813954799   -3007.838970613797
   133.043    360.000     0.073084    -0.000000    -0.068255   -3007.850000566789   -3007.811089820198   -3007.836790050465
   140.870      0.000     0.063109     0.000000    -0.077571   -3007.851924409085   -3007.813174457300   -3007.838701787586
   140.870     15.652     0.060768     0.017027    -0.077571   -3007.849648815994   -3007.819535324218   -3007.837202786768
   140.870     31.304     0.053921     0.032790    -0.077571   -3007.843954290239   -3007.825598290991   -3007.835640025312
   140.870     46.956     0.043075     0.046122    -0.077571   -3007.835529442878   -3007.830945850227   -3007.835273761237
   140.870     62.609     0.029034     0.056033    -0.077571   -3007.825257222165   -3007.834990722311   -3007.836337649901
   140.870     78.261     0.012840     0.061789    -0.077571   -3007.813977941637   -3007.837235647168   -3007.838107359423
   140.870     93.913    -0.004307     0.062962    -0.077571   -3007.802337721291   -3007.837419516138   -3007.839123710727
   140.870    109.565    -0.021134     0.059465    -0.077571   -3007.790916165196   -3007.835557970472   -3007.837646919702
   140.870    125.217    -0.036394     0.051558    -0.077571   -3007.780363003289   -3007.831930566385   -3007.832355331538
   140.870    140.870    -0.048954     0.039827    -0.077571   -3007.771376711013   -3007.826993870083   -3007.822978894430
   140.870    156.522    -0.057884     0.025143    -0.077571   -3007.764680262588   -3007.821239063424   -3007.810494770853
   140.870    172.174    -0.062521     0.008593    -0.077571   -3007.760895279334   -3007.814982076829   -3007.796719012772
   140.870    187.826    -0.062521    -0.008593    -0.077571   -3007.760378754399   -3007.808302745455   -3007.783714750044
   140.870    203.478    -0.057884    -0.025143    -0.077571   -3007.763238007676   -3007.801286157585   -3007.773447991165
   140.870    219.130    -0.048954    -0.039827    -0.077571   -3007.769316330673   -3007.794289238017   -3007.767525570402
   140.870    234.783    -0.036394    -0.051558    -0.077571   -3007.778139818167   -3007.788062329848   -3007.766982298400
   140.870    250.435    -0.021134    -0.059465    -0.077571   -3007.789030626239   -3007.783662335450   -3007.772187259614
   140.870    266.087    -0.004307    -0.062962    -0.077571   -3007.801201103133   -3007.781990423907   -3007.782588038201
   140.870    281.739     0.012840    -0.061789    -0.077571   -3007.813791890561   -3007.783372153125   -3007.796532166582
   140.870    297.391     0.029034    -0.056033    -0.077571   -3007.825945954743   -3007.787490023157   -3007.811517085076
   140.870    313.043     0.043075    -0.046122    -0.077571   -3007.836750414191   -3007.793431142328   -3007.824711797895
   140.870    328.696     0.053921    -0.032790    -0.077571   -3007.845200564987   -3007.800048305980   -3007.833849034412
   140.870    344.348     0.060768    -0.017027    -0.077571   -3007.850423920980   -3007.806672051370   -3007.838203866194
   140.870    360.000     0.063109    -0.000000    -0.077571   -3007.851924409086   -3007.813174457300   -3007.838701787586
   148.696      0.000     0.051958     0.000000    -0.085442   -3007.850112288110   -3007.815168229564   -3007.838763131717
   148.696     15.652     0.050032     0.014018    -0.085442   -3007.848183520502   -3007.821164826438   -3007.839269658773
   148.696     31.304     0.044394     0.026997    -0.085442   -3007.843133629709   -3007.826756783229   -3007.839117816958
   148.696     46.956     0.035464     0.037973    -0.085442   -3007.835549544422   -3007.831601593561   -3007.839135751673
   148.696     62.609     0.023904     0.046133    -0.085442   -3007.826183364953   -3007.835257846309   -3007.839505498081
   148.696     78.261     0.010571     0.050872    -0.085442   -3007.815787085158   -3007.837319763903   -3007.839754152071
   148.696     93.913    -0.003546     0.051837    -0.085442   -3007.805026590979   -3007.837545800233   -3007.838945478080
   148.696    109.565    -0.017400     0.048958    -0.085442   -3007.794524617126   -3007.835927768997   -3007.836038618315
   148.696    125.217    -0.029963     0.042448    -0.085442   -3007.784920183814   -3007.832685158183   -3007.830335593921
   148.696    140.870    -0.040305     0.032790    -0.085442   -3007.776859093015   -3007.828183335001   -3007.821833075713
   148.696    156.522    -0.047657     0.020700    -0.085442   -3007.770944965224   -3007.822807120165   -3007.811297002202
   148.696    172.174    -0.051474     0.007075    -0.085442   -3007.767657099649   -3007.816847733131   -3007.800036300332
   148.696    187.826    -0.051474    -0.007075    -0.085442   -3007.767279809703   -3007.810500380011   -3007.789574010073
   148.696    203.478    -0.047657    -0.020700    -0.085442   -3007.769889958859   -3007.804001856763   -3007.781389136280
   148.696    219.130    -0.040305    -0.032790    -0.085442   -3007.775344105417   -3007.797775208678   -3007.776709450256
   148.696    234.783    -0.029963    -0.042448    -0.085442   -3007.783262379862   -3007.792466376277   -3007.776331980329
   148.696    250.435    -0.017400    -0.048958    -0.085442   -3007.793069397032   -3007.788827049304   -3007.780481423106
   148.696    266.087    -0.003546    -0.051837    -0.085442   -3007.804059333363   -3007.787452231274   -3007.788669546541
   148.696    281.739     0.010571    -0.050872    -0.085442   -3007.815453719194   -3007.788555859164   -3007.799660243789
   148.696    297.391     0.023904    -0.046133    -0.085442   -3007.826445794466   -3007.791909862728   -3007.811657582821
   148.696    313.043     0.035464    -0.037973    -0.085442   -3007.836194232541   -3007.796907069928   -3007.822690916745
   148.696    328.696     0.044394    -0.026997    -0.085442   -3007.843839478695   -3007.802791909147   -3007.831168757407
   148.696    344.348     0.050032    -0.014018    -0.085442   -3007.848633980351   -3007.808982584696   -3007.836409629742
   148.696    360.000     0.051958    -0.000000    -0.085442   -3007.850112288111   -3007.815168229564   -3007.838763131715
   156.522      0.000     0.039840     0.000000    -0.091721   -3007.844831594692   -3007.816938073945   -3007.836987801541
   156.522     15.652     0.038363     0.010749    -0.091721   -3007.843360733942   -3007.822060821123   -3007.838699271609
   156.522     31.304     0.034040     0.020700    -0.091721   -3007.839340922820   -3007.826768729690   -3007.839481481924
   156.522     46.956     0.027193     0.029117    -0.091721   -3007.833198613157   -3007.830774283979   -3007.839763986121
   156.522     62.609     0.018329     0.035374    -0.091721   -3007.825500935593   -3007.833762113921   -3007.839654876530
   156.522     78.261     0.008106     0.039007    -0.091721   -3007.816858955866   -3007.835449566021   -3007.838914674995
   156.522     93.913    -0.002719     0.039747    -0.091721   -3007.807870791638   -3007.835661978427   -3007.837071430875
   156.522    109.565    -0.013342     0.037540    -0.091721   -3007.799115573066   -3007.834382243886   -3007.833636841027
   156.522    125.217    -0.022975     0.032548    -0.091721   -3007.791160333958   -3007.831750657692   -3007.828346867643
   156.522    140.870    -0.030904     0.025143    -0.091721   -3007.784543932533   -3007.828015244842   -3007.821334007695
   156.522    156.522    -0.036542     0.015872    -0.091721   -3007.779739188652   -3007.823460118610   -3007.813158093845
   156.522    172.174    -0.039469     0.005425    -0.091721   -3007.777106213005   -3007.818352626532   -3007.804700065042
   156.522    187.826    -0.039469    -0.005425    -0.091721   -3007.776857565839   -3007.812947755283   -3007.796990825819
   156.522    203.478    -0.036542    -0.015872    -0.091721   -3007.779042018602   -3007.807543847057   -3007.791041487230
   156.522    219.130    -0.030904    -0.025143    -0.091721   -3007.783535094399   -3007.802534034952   -3007.787690418215
   156.522    234.783    -0.022975    -0.032548    -0.091721   -3007.790036549709   -3007.798399538820   -3007.787467755128
   156.522    250.435    -0.013342    -0.037540    -0.091721   -3007.798089172076   -3007.795626176036   -3007.790486410277
   156.522    266.087    -0.002719    -0.039747    -0.091721   -3007.807117958109   -3007.794573977494   -3007.796377145231
   156.522    281.739     0.008106    -0.039007    -0.091721   -3007.816474373298   -3007.795371032106   -3007.804308268649
   156.522    297.391     0.018329    -0.035374    -0.091721   -3007.825473280935   -3007.797878273600   -3007.813121592935
   156.522    313.043     0.027193    -0.029117    -0.091721   -3007.833417078319   -3007.801735080900   -3007.821574639700
   156.522    328.696     0.034040    -0.020700    -0.091721   -3007.839634428501   -3007.806472897765   -3007.828642580549
   156.522    344.348     0.038363    -0.010749    -0.091721   -3007.843559808818   -3007.811653737202   -3007.833777677133
   156.522    360.000     0.039840    -0.000000    -0.091721   -3007.844831594688   -3007.816938073947   -3007.836987801540
   164.348      0.000     0.026980     0.000000    -0.096292   -3007.836585691519   -3007.818323334250   -3007.833489286766
   164.348     15.652     0.025979     0.007279    -0.096292   -3007.835620495277   -3007.822081203560   -3007.835492349829
   164.348     31.304     0.023052     0.014018    -0.096292   -3007.832871297932   -3007.825510069327   -3007.836617752087
   164.348     46.956     0.018415     0.019718    -0.096292   -3007.828595729224   -3007.828387531151   -3007.837000875324
   164.348     62.609     0.012412     0.023955    -0.096292   -3007.823159114076   -3007.830505613503   -3007.836680280953
   164.348     78.261     0.005489     0.026415    -0.096292   -3007.816986884473   -3007.831694081238   -3007.835579914965
   164.348     93.913    -0.001841     0.026917    -0.096292   -3007.810527391678   -3007.831850253240   -3007.833554889639
   164.348    109.565    -0.009035     0.025422    -0.096292   -3007.804228453768   -3007.830959561926   -3007.830480350361
   164.348    125.217    -0.015559     0.022042    -0.096292   -3007.798520529494   -3007.829096936835   -3007.826347969549
   164.348    140.870    -0.020928     0.017027    -0.096292   -3007.793797057640   -3007.826408750229   -3007.821332447112
   164.348    156.522    -0.024746     0.010749    -0.096292   -3007.790390336123   -3007.823085829840   -3007.815803894171
   164.348    172.174    -0.026728     0.003674    -0.096292   -3007.788547104349   -3007.819343918576   -3007.810285637406
   164.348    187.826    -0.026728    -0.003674    -0.096292   -3007.788409231152   -3007.815418204024   -3007.805376188054
   164.348    203.478    -0.024746    -0.010749    -0.096292   -3007.790001747257   -3007.811571340440   -3007.801657227861
   164.348    219.130    -0.020928    -0.017027    -0.096292   -3007.793227565947   -3007.808095607108   -3007.799602274647
   164.348    234.783    -0.015559    -0.022042    -0.096292   -3007.797869690206   -3007.805294821549   -3007.799498388425
   164.348    250.435    -0.009035    -0.025422    -0.096292   -3007.803603405140   -3007.803442871448   -3007.801386714155
   164.348    266.087    -0.001841    -0.026917    -0.096292   -3007.810018363270   -3007.802731827555   -3007.805042130843
   164.348    281.739     0.005489    -0.026415    -0.096292   -3007.816646685551   -3007.803230084697   -3007.809999183239
   164.348    297.391     0.012412    -0.023955    -0.096292   -3007.822992754100   -3007.804869873670   -3007.815631138172
   164.348    313.043     0.018415    -0.019718    -0.096292   -3007.828564037334   -3007.807465517259   -3007.821268667523
   164.348    328.696     0.023052    -0.014018    -0.096292   -3007.832908337004   -3007.810758310165   -3007.826336068581
   164.348    344.348     0.025979    -0.007279    -0.096292   -3007.835659679184   -3007.814467045083   -3007.830456070119
   164.348    360.000     0.026980    -0.000000    -0.096292   -3007.836585691521   -3007.818323334252   -3007.833489286763
   172.174      0.000     0.013617     0.000000    -0.099069   -3007.826017314297   -3007.819145913164   -3007.828460225049
   172.174     15.652     0.013112     0.003674    -0.099069   -3007.825553718510   -3007.821143645346   -3007.829853813343
   172.174     31.304     0.011634     0.007075    -0.099069   -3007.824179954971   -3007.822965315152   -3007.830701002881
   172.174     46.956     0.009294     0.009952    -0.099069   -3007.822009420813   -3007.824483885081   -3007.830992029124
   172.174     62.609     0.006265     0.012090    -0.099069   -3007.819213943056   -3007.825591629970   -3007.830723938229
   172.174     78.261     0.002770     0.013332    -0.099069   -3007.816007363338   -3007.826207889957   -3007.829895859038
   172.174     93.913    -0.000929     0.013585    -0.099069   -3007.812627525859   -3007.826286395279   -3007.828516765718
   172.174    109.565    -0.004560     0.012830    -0.099069   -3007.809319603842   -3007.825820098646   -3007.826621916010
   172.174    125.217    -0.007852     0.011124    -0.099069   -3007.806320260401   -3007.824841962432   -3007.824290654419
   172.174    140.870    -0.010563     0.008593    -0.099069   -3007.803843009076   -3007.823421399102   -3007.821657724457
   172.174    156.522    -0.012489     0.005425    -0.099069   -3007.802064704405   -3007.821659003821   -3007.818912145536
   172.174    172.174    -0.013490     0.001854    -0.099069   -3007.801113821681   -3007.819678302672   -3007.816284726388
   172.174    187.826    -0.013490    -0.001854    -0.099069   -3007.801061374638   -3007.817619866233   -3007.814020044003
   172.174    203.478    -0.012489    -0.005425    -0.099069   -3007.801915300446   -3007.815634077000   -3007.812346351981
   172.174    219.130    -0.010563    -0.008593    -0.099069   -3007.803618788300   -3007.813872352845   -3007.811442630913
   172.174    234.783    -0.007852    -0.011124    -0.099069   -3007.806052993165   -3007.812475455021   -3007.811411047221
   172.174    250.435    -0.004560    -0.012830    -0.099069   -3007.809044168293   -3007.811559443929   -3007.812259521883
   172.174    266.087    -0.000929    -0.013585    -0.099069   -3007.812375023092   -3007.811201843992   -3007.813898349254
   172.174    281.739     0.002770    -0.013332    -0.099069   -3007.815799559476   -3007.811431580599   -3007.816152660036
   172.174    297.391     0.006265    -0.012090    -0.099069   -3007.819060488679   -3007.812225783161   -3007.818789349052
   172.174    313.043     0.009294    -0.009952    -0.099069   -3007.821908567916   -3007.813513288476   -3007.821553413295
   172.174    328.696     0.011634    -0.007075    -0.099069   -3007.824122457586   -3007.815186028432   -3007.824205591496
   172.174    344.348     0.013112    -0.003674    -0.099069   -3007.825528570940   -3007.817111560300   -3007.826552571831
   172.174    360.000     0.013617    -0.000000    -0.099069   -3007.826017314294   -3007.819145913163   -3007.828460225048
   180.000      0.000     0.000000     0.000000    -0.100000   -3007.813866912619   -3007.819266318421   -3007.822188699800
   180.000     15.652     0.000000     0.000000    -0.100000   -3007.813866912618   -3007.819266318424   -3007.822188699797
   180.000     31.304     0.000000     0.000000    -0.100000   -3007.813866912620   -3007.819266318420   -3007.822188699800
   180.000     46.956     0.000000     0.000000    -0.100000   -3007.813866912620   -3007.819266318422   -3007.822188699799
   180.000     62.609     0.000000     0.000000    -0.100000   -3007.813866912619   -3007.819266318421   -3007.822188699795
   180.000     78.261     0.000000     0.000000    -0.100000   -3007.813866912617   -3007.819266318420   -3007.822188699800
   180.000     93.913    -0.000000     0.000000    -0.100000   -3007.813866912621   -3007.819266318424   -3007.822188699800
   180.000    109.565    -0.000000     0.000000    -0.100000   -3007.813866912617   -3007.819266318421   -3007.822188699799
   180.000    125.217    -0.000000     0.000000    -0.100000   -3007.813866912617   -3007.819266318422   -3007.822188699799
   180.000    140.870    -0.000000     0.000000    -0.100000   -3007.813866912617   -3007.819266318422   -3007.822188699800
   180.000    156.522    -0.000000     0.000000    -0.100000   -3007.813866912621   -3007.819266318421   -3007.822188699799
   180.000    172.174    -0.000000     0.000000    -0.100000   -3007.813866912617   -3007.819266318420   -3007.822188699800
   180.000    187.826    -0.000000    -0.000000    -0.100000   -3007.813866912620   -3007.819266318421   -3007.822188699799
   180.000    203.478    -0.000000    -0.000000    -0.100000   -3007.813866912617   -3007.819266318420   -3007.822188699801
   180.000    219.130    -0.000000    -0.000000    -0.100000   -3007.813866912620   -3007.819266318422   -3007.822188699801
   180.000    234.783    -0.000000    -0.000000    -0.100000   -3007.813866912620   -3007.819266318421   -3007.822188699801
   180.000    250.435    -0.000000    -0.000000    -0.100000   -3007.813866912619   -3007.819266318422   -3007.822188699799
   180.000    266.087    -0.000000    -0.000000    -0.100000   -3007.813866912620   -3007.819266318421   -3007.822188699800
   180.000    281.739     0.000000    -0.000000    -0.100000   -3007.813866912619   -3007.819266318422   -3007.822188699800
   180.000    297.391     0.000000    -0.000000    -0.100000   -3007.813866912617   -3007.819266318423   -3007.822188699801
   180.000    313.043     0.000000    -0.000000    -0.100000   -3007.813866912617   -3007.819266318425   -3007.822188699799
   180.000    328.696     0.000000    -0.000000    -0.100000   -3007.813866912618   -3007.819266318420   -3007.822188699798
   180.000    344.348     0.000000    -0.000000    -0.100000   -3007.813866912618   -3007.819266318423   -3007.822188699801
   180.000    360.000     0.000000    -0.000000    -0.100000   -3007.813866912620   -3007.819266318421   -3007.822188699799
