&FCI NORB=8,NELEC=0,MS2=0
ORBSYM=1,1,1,1,
ISYM=1,
/
      5.92854735697971313435e-01 	 1 1 1 1
      7.12211048964119484983e-03 	 1 1 2 1
      1.12407075707344566995e-01 	 1 1 2 2
      2.90460585069519695856e-02 	 1 1 3 1
     -6.24817883572691482041e-03 	 1 1 3 2
      3.32058005225096652957e-01 	 1 1 3 3
     -4.68963331693338005696e-03 	 1 1 4 1
      7.44787641290398506715e-04 	 1 1 4 2
     -2.05275817014991777965e-02 	 1 1 4 3
      2.41354521067319416350e-01 	 1 1 4 4
      3.36558217976992979370e-02 	 1 1 5 1
     -2.03904718465952213002e-02 	 1 1 5 2
     -2.22888316798937648200e-02 	 1 1 5 3
     -9.97702552263331904348e-03 	 1 1 5 4
      3.98960060408535988064e-01 	 1 1 5 5
      8.82684666775253486126e-03 	 1 1 6 1
     -2.42577622174952730813e-03 	 1 1 6 2
     -2.31049368256060969062e-02 	 1 1 6 3
     -2.49590387239592842450e-02 	 1 1 6 4
     -1.12106053970025439093e-02 	 1 1 6 5
      1.69690530462150712676e-01 	 1 1 6 6
      3.16881438319906042281e-03 	 1 1 7 1
      9.25800074593441726933e-03 	 1 1 7 2
      8.48977396430859385101e-03 	 1 1 7 3
      8.24822684074655483599e-03 	 1 1 7 4
      2.17254632130100752696e-02 	 1 1 7 5
      3.29220434154377022615e-04 	 1 1 7 6
      1.67320326618210418745e-01 	 1 1 7 7
      5.97821500629603652666e-02 	 1 1 8 1
      3.73723187860274625935e-03 	 1 1 8 2
     -1.00106061665702350538e-02 	 1 1 8 3
      2.42220818614378476108e-03 	 1 1 8 4
     -1.02124307873158737259e-02 	 1 1 8 5
      6.76297449883403803406e-03 	 1 1 8 6
      7.49508143862595305890e-04 	 1 1 8 7
      2.96634342129870554050e-01 	 1 1 8 8
      7.12211048964120959498e-03 	 2 1 1 1
      1.44825847171663928473e-03 	 2 1 2 1
     -2.10364789010750175002e-04 	 2 1 2 2
      7.91474386762808430375e-04 	 2 1 3 1
     -9.03573213408603252011e-04 	 2 1 3 2
      3.72631747623429487870e-03 	 2 1 3 3
      3.76550513076539280881e-04 	 2 1 4 1
      7.82368966009985112664e-06 	 2 1 4 2
     -1.09535054690247917603e-03 	 2 1 4 3
      2.54827213906944809521e-03 	 2 1 4 4
      6.51510736723583615791e-04 	 2 1 5 1
     -1.87191214363962915232e-03 	 2 1 5 2
     -8.31896929933826061870e-04 	 2 1 5 3
     -5.41150416580765984340e-04 	 2 1 5 4
      3.95898616317633990358e-03 	 2 1 5 5
      5.86073938932624573066e-04 	 2 1 6 1
     -5.12177997823342885490e-04 	 2 1 6 2
     -1.56273526140842246128e-03 	 2 1 6 3
     -1.96247622496557990943e-03 	 2 1 6 4
     -7.41948232531502169587e-04 	 2 1 6 5
      4.90924709272989954340e-04 	 2 1 6 6
     -6.07106319619482082996e-04 	 2 1 7 1
      1.57980851694488320415e-03 	 2 1 7 2
      6.73726844412089764282e-04 	 2 1 7 3
      3.74875842264896599366e-04 	 2 1 7 4
      1.40178677403208964275e-03 	 2 1 7 5
      3.60776890551472940918e-04 	 2 1 7 6
      2.18453972963957541997e-03 	 2 1 7 7
      8.93146367864547244611e-04 	 2 1 8 1
     -6.39466621071005814764e-04 	 2 1 8 2
     -1.67118497768722461955e-04 	 2 1 8 3
      9.68417550398816402669e-05 	 2 1 8 4
     -3.38794026767287451748e-04 	 2 1 8 5
      3.03892899392023093427e-05 	 2 1 8 6
      2.33944303700326776971e-04 	 2 1 8 7
      4.64018487644333402914e-03 	 2 1 8 8
      1.12407075707344622506e-01 	 2 2 1 1
     -2.10364789010775328493e-04 	 2 2 2 1
      4.11895922797222868716e-01 	 2 2 2 2
     -1.28125353371892521104e-02 	 2 2 3 1
     -6.34805408749167547275e-04 	 2 2 3 2
      1.06696806223875909070e-01 	 2 2 3 3
      5.09001082413361276291e-03 	 2 2 4 1
     -2.71913365367575663237e-03 	 2 2 4 2
      1.36126594607755783267e-02 	 2 2 4 3
      1.28183257368969599765e-01 	 2 2 4 4
     -1.84731143969806138605e-02 	 2 2 5 1
      4.39992635840030787975e-03 	 2 2 5 2
      1.30003950340596610008e-02 	 2 2 5 3
      5.39208336040770432052e-03 	 2 2 5 4
      4.21396800746209887478e-02 	 2 2 5 5
     -3.04717406178066059844e-03 	 2 2 6 1
     -2.15454301650423165823e-03 	 2 2 6 2
      1.92490657245182467117e-02 	 2 2 6 3
      2.75222187875920447364e-02 	 2 2 6 4
      1.10999687177533862270e-02 	 2 2 6 5
      1.93216215129260265870e-01 	 2 2 6 6
     -4.38191985534666910568e-03 	 2 2 7 1
      3.87576234788774382986e-03 	 2 2 7 2
     -4.30405916874360486291e-03 	 2 2 7 3
     -3.18558378327270935726e-03 	 2 2 7 4
     -1.43066704172249807570e-02 	 2 2 7 5
     -3.73796861547804129544e-03 	 2 2 7 6
      2.76984783169834936079e-01 	 2 2 7 7
     -3.00823041972993060478e-02 	 2 2 8 1
      2.95131655619871409099e-03 	 2 2 8 2
      5.75142407749392337718e-03 	 2 2 8 3
     -1.04030134902475448339e-02 	 2 2 8 4
      5.26589798373806004805e-03 	 2 2 8 5
     -8.37038969889653504397e-03 	 2 2 8 6
      6.75318153429139630961e-03 	 2 2 8 7
      1.77032380442048692393e-01 	 2 2 8 8
      2.90460585069519695856e-02 	 3 1 1 1
      7.91474386762816236630e-04 	 3 1 2 1
     -1.28125353371892486409e-02 	 3 1 2 2
      8.39690322403569000542e-03 	 3 1 3 1
     -1.89037932767656229049e-03 	 3 1 3 2
      4.02847749374314889614e-02 	 3 1 3 3
     -6.87136032037646707696e-04 	 3 1 4 1
     -3.35034448704972921511e-04 	 3 1 4 2
     -4.31184011061025180417e-03 	 3 1 4 3
      2.96485403281950433280e-03 	 3 1 4 4
      2.32027531225172112261e-03 	 3 1 5 1
     -3.07476164323430226771e-03 	 3 1 5 2
     -3.61268192804449278163e-03 	 3 1 5 3
     -1.15590772762946651653e-03 	 3 1 5 4
      1.86890040212298602640e-02 	 3 1 5 5
      6.88577692792017009155e-04 	 3 1 6 1
     -1.02518028676691847281e-03 	 3 1 6 2
     -4.87428888694774187229e-03 	 3 1 6 3
     -3.99102033305640674365e-03 	 3 1 6 4
     -1.61666099275928733595e-03 	 3 1 6 5
     -7.63953437248697780210e-03 	 3 1 6 6
      9.17422792530234675577e-04 	 3 1 7 1
      2.82421049238595553432e-03 	 3 1 7 2
      1.55720458139274381057e-03 	 3 1 7 3
      1.03671729344737549063e-03 	 3 1 7 4
      2.90311607400226467587e-03 	 3 1 7 5
      5.10372038308262308999e-04 	 3 1 7 6
     -1.49520619976150920954e-03 	 3 1 7 7
      6.41559037883288746373e-03 	 3 1 8 1
      9.38572983315340758290e-04 	 3 1 8 2
     -1.36213704606132426922e-03 	 3 1 8 3
      1.42070685014606865569e-03 	 3 1 8 4
     -1.49528492844543461904e-03 	 3 1 8 5
      8.31465695507596592659e-04 	 3 1 8 6
     -4.96305419640244481830e-04 	 3 1 8 7
      5.19227270446159881040e-03 	 3 1 8 8
     -6.24817883572691655514e-03 	 3 2 1 1
     -9.03573213408606070937e-04 	 3 2 2 1
     -6.34805408749188797637e-04 	 3 2 2 2
     -1.89037932767656163997e-03 	 3 2 3 1
      1.92866293385122425548e-03 	 3 2 3 2
     -1.75266583547559716416e-02 	 3 2 3 3
     -2.10153856711790842406e-04 	 3 2 4 1
      8.63208214918436637225e-04 	 3 2 4 2
      2.31546989197500309443e-03 	 3 2 4 3
     -4.37631815133708535967e-04 	 3 2 4 4
     -1.20024763290670771765e-03 	 3 2 5 1
      2.82367924198750333206e-03 	 3 2 5 2
      1.65190477928671766716e-03 	 3 2 5 3
      8.20188577972430239021e-04 	 3 2 5 4
     -5.03567814160082657948e-03 	 3 2 5 5
     -6.28904792178657640576e-04 	 3 2 6 1
      1.80258433995290055264e-03 	 3 2 6 2
      2.81011614177556143246e-03 	 3 2 6 3
      2.40534681401150191374e-03 	 3 2 6 4
      1.11624407569812654668e-03 	 3 2 6 5
      4.62075534066875431849e-03 	 3 2 6 6
      3.31273416669525852096e-04 	 3 2 7 1
     -3.01911431720263160813e-03 	 3 2 7 2
     -9.56291060718707686301e-04 	 3 2 7 3
     -6.98081403231352415166e-04 	 3 2 7 4
     -1.84352653633463301787e-03 	 3 2 7 5
     -6.92704907375693286313e-04 	 3 2 7 6
     -2.48572096911745411135e-03 	 3 2 7 7
     -1.93088695861190549723e-03 	 3 2 8 1
     -5.61648636542021878482e-04 	 3 2 8 2
      5.50969939952413324119e-04 	 3 2 8 3
     -4.04098454461353619530e-04 	 3 2 8 4
      4.54536692591753764027e-04 	 3 2 8 5
     -3.17743139650241725441e-04 	 3 2 8 6
      3.17575249637388730764e-04 	 3 2 8 7
     -2.87763326076214808608e-03 	 3 2 8 8
      3.32058005225096652957e-01 	 3 3 1 1
      3.72631747623430702177e-03 	 3 3 2 1
      1.06696806223875992337e-01 	 3 3 2 2
      4.02847749374314681448e-02 	 3 3 3 1
     -1.75266583547559438860e-02 	 3 3 3 2
      6.69089985092624406349e-01 	 3 3 3 3
     -3.16906873196349256686e-03 	 3 3 4 1
      1.34189660006454013208e-03 	 3 3 4 2
     -3.35907879183220403618e-02 	 3 3 4 3
      1.69736719299759641899e-01 	 3 3 4 4
      1.30608163041258280856e-02 	 3 3 5 1
     -1.10052108125353528822e-02 	 3 3 5 2
     -2.42382932394035605084e-02 	 3 3 5 3
     -4.39790656991471701903e-03 	 3 3 5 4
      2.54112740703371808859e-01 	 3 3 5 5
      2.42448019759203704099e-03 	 3 3 6 1
     -1.04220833210834818057e-03 	 3 3 6 2
     -3.58122453799248341433e-02 	 3 3 6 3
     -1.07564141072078508360e-02 	 3 3 6 4
     -5.02999780250918890334e-03 	 3 3 6 5
      1.29396453204048078600e-01 	 3 3 6 6
      3.41144056811770735038e-03 	 3 3 7 1
      9.07767559325713818685e-03 	 3 3 7 2
      9.58257940986437239950e-03 	 3 3 7 3
      5.57023423825882095517e-03 	 3 3 7 4
      1.24082597242476909416e-02 	 3 3 7 5
      5.02225154287372073207e-04 	 3 3 7 6
      1.61688380328181197099e-01 	 3 3 7 7
      3.12545948099146597698e-02 	 3 3 8 1
      3.83871104381276794307e-03 	 3 3 8 2
     -9.85689835685111398478e-03 	 3 3 8 3
      3.91712671945594354678e-03 	 3 3 8 4
     -6.92816764766010246418e-03 	 3 3 8 5
      3.90680338961312077078e-03 	 3 3 8 6
      1.03052371461118726786e-03 	 3 3 8 7
      2.06433927062689176468e-01 	 3 3 8 8
     -4.68963331693337485279e-03 	 4 1 1 1
      3.76550513076547846078e-04 	 4 1 2 1
      5.09001082413359801776e-03 	 4 1 2 2
     -6.87136032037639226701e-04 	 4 1 3 1
     -2.10153856711798621556e-04 	 4 1 3 2
     -3.16906873196346351024e-03 	 4 1 3 3
      1.72763584601327304345e-03 	 4 1 4 1
     -1.37597254074237144430e-04 	 4 1 4 2
     -6.83233787868610734084e-04 	 4 1 4 3
      6.38332748117799008564e-03 	 4 1 4 4
     -1.04240280727280806156e-03 	 4 1 5 1
     -5.61760018408468449896e-04 	 4 1 5 2
      1.58589931028449155747e-04 	 4 1 5 3
     -3.93965930181050701109e-04 	 4 1 5 4
     -3.37132710667873217170e-03 	 4 1 5 5
      5.74537539192187607720e-04 	 4 1 6 1
     -1.36076831198505345281e-04 	 4 1 6 2
     -8.37977182857427174527e-04 	 4 1 6 3
     -1.15559701924531363706e-03 	 4 1 6 4
     -3.34328589879938841648e-04 	 4 1 6 5
      6.42908948643469181639e-03 	 4 1 6 6
     -1.13986263661003265138e-03 	 4 1 7 1
      1.08630254074812047059e-03 	 4 1 7 2
      2.81250362898010015152e-04 	 4 1 7 3
      8.08493888211945046542e-05 	 4 1 7 4
      3.22908257632094158017e-04 	 4 1 7 5
      4.08806712410851640300e-06 	 4 1 7 6
      3.97333369730946180803e-03 	 4 1 7 7
     -1.99445941024848586581e-03 	 4 1 8 1
     -2.43565467322162388904e-04 	 4 1 8 2
      1.84843873282519667502e-04 	 4 1 8 3
     -1.03136417859139069980e-03 	 4 1 8 4
      2.63555874068796243750e-04 	 4 1 8 5
     -4.47140476028157218564e-04 	 4 1 8 6
      8.61178162285545991013e-04 	 4 1 8 7
      6.91887275265302102711e-03 	 4 1 8 8
      7.44787641290418456035e-04 	 4 2 1 1
      7.82368966010079302728e-06 	 4 2 2 1
     -2.71913365367579132684e-03 	 4 2 2 2
     -3.35034448704964573154e-04 	 4 2 3 1
      8.63208214918432517257e-04 	 4 2 3 2
      1.34189660006453297635e-03 	 4 2 3 3
     -1.37597254074223917164e-04 	 4 2 4 1
      1.46570181219082742302e-03 	 4 2 4 2
      8.17768783593098469616e-04 	 4 2 4 3
     -4.77040262750821463661e-03 	 4 2 4 4
     -4.38881472773120905745e-04 	 4 2 5 1
      1.08323053006802779569e-03 	 4 2 5 2
      4.91009839500925956979e-04 	 4 2 5 3
      5.18597339541721543549e-04 	 4 2 5 4
     -7.53839984658783292086e-04 	 4 2 5 5
     -3.45147134396836237445e-04 	 4 2 6 1
      1.71753778455183158703e-03 	 4 2 6 2
      7.20449858322199624024e-04 	 4 2 6 3
      7.13971062466524667919e-04 	 4 2 6 4
      7.14399825346762073520e-04 	 4 2 6 5
      2.10542143669608435713e-03 	 4 2 6 6
      1.24746910748233039433e-05 	 4 2 7 1
     -1.25332221416177996311e-03 	 4 2 7 2
     -3.80952319045930022992e-04 	 4 2 7 3
     -6.14015977946464350593e-04 	 4 2 7 4
     -4.24644375821286318168e-04 	 4 2 7 5
     -6.07276310431574236140e-04 	 4 2 7 6
     -6.05531390183436856942e-05 	 4 2 7 7
     -6.99958638551052402671e-04 	 4 2 8 1
     -6.24494839968329660748e-04 	 4 2 8 2
      1.79942670577814785911e-04 	 4 2 8 3
     -3.37384309960364592827e-04 	 4 2 8 4
      1.01379830233942243170e-04 	 4 2 8 5
     -2.18828845427563120239e-04 	 4 2 8 6
      5.81903671489569177672e-04 	 4 2 8 7
      7.66853228675524762475e-04 	 4 2 8 8
     -2.05275817014991812659e-02 	 4 3 1 1
     -1.09535054690248004339e-03 	 4 3 2 1
      1.36126594607755870003e-02 	 4 3 2 2
     -4.31184011061025700834e-03 	 4 3 3 1
      2.31546989197500656388e-03 	 4 3 3 2
     -3.35907879183220750563e-02 	 4 3 3 3
     -6.83233787868608999361e-04 	 4 3 4 1
      8.17768783593101830642e-04 	 4 3 4 2
      6.18640195538873016029e-03 	 4 3 4 3
     -2.02887775138763312710e-02 	 4 3 4 4
     -3.59411438577472795025e-03 	 4 3 5 1
      4.73238090570764300541e-03 	 4 3 5 2
      3.73384017181187678053e-03 	 4 3 5 3
      1.92480437173981385607e-03 	 4 3 5 4
     -2.38985041258742217374e-02 	 4 3 5 5
     -1.66868392481947990999e-03 	 4 3 6 1
      1.67926264358197172878e-03 	 4 3 6 2
      6.98478868945858356182e-03 	 4 3 6 3
      7.52358332147873981599e-03 	 4 3 6 4
      2.69403244125088290467e-03 	 4 3 6 5
      2.90124220496590498261e-03 	 4 3 6 6
      5.85935579255168564015e-04 	 4 3 7 1
     -4.28334291359439012226e-03 	 4 3 7 2
     -1.73805328135960600669e-03 	 4 3 7 3
     -1.46216060556654970509e-03 	 4 3 7 4
     -4.27869444847828704626e-03 	 4 3 7 5
     -5.99464660220412485017e-04 	 4 3 7 6
      2.03537915926117578269e-03 	 4 3 7 7
     -5.56620390517620182436e-03 	 4 3 8 1
     -7.34238946301579101933e-04 	 4 3 8 2
      1.55049715511438538501e-03 	 4 3 8 3
     -9.82447206927529806397e-04 	 4 3 8 4
      1.33088157256337031795e-03 	 4 3 8 5
     -1.38607825011159029906e-03 	 4 3 8 6
      4.14323662851681065629e-04 	 4 3 8 7
     -1.24039333864262735913e-02 	 4 3 8 8
      2.41354521067319610639e-01 	 4 4 1 1
      2.54827213906940559449e-03 	 4 4 2 1
      1.28183257368969433232e-01 	 4 4 2 2
      2.96485403281949088869e-03 	 4 4 3 1
     -4.37631815133682081434e-04 	 4 4 3 2
      1.69736719299759641899e-01 	 4 4 3 3
      6.38332748117797360576e-03 	 4 4 4 1
     -4.77040262750821203452e-03 	 4 4 4 2
     -2.02887775138763416793e-02 	 4 4 4 3
      4.74573665202338401681e-01 	 4 4 4 4
      1.28016091297554097939e-02 	 4 4 5 1
     -1.05244539133940318704e-02 	 4 4 5 2
     -7.61553088655995968903e-03 	 4 4 5 3
     -6.53873560141995414929e-03 	 4 4 5 4
      2.78808584888428911963e-01 	 4 4 5 5
      6.87889943363670201826e-03 	 4 4 6 1
     -6.19135035008275876750e-03 	 4 4 6 2
     -1.88809336774906286194e-02 	 4 4 6 3
     -3.83378200046085512720e-02 	 4 4 6 4
     -1.11768725188240054813e-02 	 4 4 6 5
      2.80712743154229671383e-01 	 4 4 6 6
     -6.72843854783888948440e-03 	 4 4 7 1
      1.07677883874757575680e-03 	 4 4 7 2
      3.92052873983727689228e-03 	 4 4 7 3
      1.13180442926350318528e-02 	 4 4 7 4
      1.27793490958484634579e-02 	 4 4 7 5
      2.21409192446307342972e-03 	 4 4 7 6
      1.55454544520669812879e-01 	 4 4 7 7
      1.61110509093784839973e-02 	 4 4 8 1
     -1.04662272664460785643e-03 	 4 4 8 2
     -6.28885887713505863095e-03 	 4 4 8 3
     -2.11288690674154644791e-03 	 4 4 8 4
     -5.30930473645309548847e-03 	 4 4 8 5
      1.02229126837429986491e-02 	 4 4 8 6
      1.07509601303524345191e-03 	 4 4 8 7
      2.91660001849176175881e-01 	 4 4 8 8
      3.36558217976994020204e-02 	 5 1 1 1
      6.51510736723591530467e-04 	 5 1 2 1
     -1.84731143969806034522e-02 	 5 1 2 2
      2.32027531225172979623e-03 	 5 1 3 1
     -1.20024763290671118710e-03 	 5 1 3 2
      1.30608163041258228815e-02 	 5 1 3 3
     -1.04240280727281218152e-03 	 5 1 4 1
     -4.38881472773123616250e-04 	 5 1 4 2
     -3.59411438577472534817e-03 	 5 1 4 3
      1.28016091297554115286e-02 	 5 1 4 4
      9.98099873724475790404e-03 	 5 1 5 1
     -5.43704271639103287050e-03 	 5 1 5 2
     -4.31505504998416430928e-03 	 5 1 5 3
     -2.18063144889420190697e-03 	 5 1 5 4
      5.76396534583701325438e-02 	 5 1 5 5
      1.33973160000990529697e-03 	 5 1 6 1
     -1.25956880256296549318e-03 	 5 1 6 2
     -4.56839980985636502642e-03 	 5 1 6 3
     -6.57291088455881286623e-03 	 5 1 6 4
     -3.17687418138895734387e-03 	 5 1 6 5
     -3.96510263397608069685e-03 	 5 1 6 6
      2.86394902330518120927e-04 	 5 1 7 1
      2.34622214945404139463e-03 	 5 1 7 2
      1.26696208658756475848e-03 	 5 1 7 3
      1.30525307240791921259e-03 	 5 1 7 4
      5.41346114395906824468e-03 	 5 1 7 5
      6.31270332909468078093e-04 	 5 1 7 6
     -8.16950494677962796297e-03 	 5 1 7 7
      7.58077093277249002001e-03 	 5 1 8 1
      4.43354373498728497691e-04 	 5 1 8 2
     -1.78072187101465653422e-03 	 5 1 8 3
      1.12808935427502975667e-03 	 5 1 8 4
     -1.71691994687811011824e-03 	 5 1 8 5
      1.59244969831110849516e-03 	 5 1 8 6
     -9.64831575123684440608e-04 	 5 1 8 7
      7.81730205795130861368e-03 	 5 1 8 8
     -2.03904718465952178308e-02 	 5 2 1 1
     -1.87191214363962394815e-03 	 5 2 2 1
      4.39992635840028099153e-03 	 5 2 2 2
     -3.07476164323430703820e-03 	 5 2 3 1
      2.82367924198749509213e-03 	 5 2 3 2
     -1.10052108125353459434e-02 	 5 2 3 3
     -5.61760018408467365694e-04 	 5 2 4 1
      1.08323053006802475992e-03 	 5 2 4 2
      4.73238090570764213805e-03 	 5 2 4 3
     -1.05244539133940700343e-02 	 5 2 4 4
     -5.43704271639104154412e-03 	 5 2 5 1
      8.91883267815742758478e-03 	 5 2 5 2
      4.14776399056337400501e-03 	 5 2 5 3
      2.33150625254943504039e-03 	 5 2 5 4
     -4.72941911170110182439e-02 	 5 2 5 5
     -1.79518481706989569899e-03 	 5 2 6 1
      3.08609675504698671711e-03 	 5 2 6 2
      6.15771993308805200285e-03 	 5 2 6 3
      8.34657776131400748476e-03 	 5 2 6 4
      3.65888861878699549884e-03 	 5 2 6 5
      5.88382817706439506522e-03 	 5 2 6 6
      1.09997626432694868906e-03 	 5 2 7 1
     -7.43412815232200041571e-03 	 5 2 7 2
     -1.86924939856311167832e-03 	 5 2 7 3
     -1.28801615221123917296e-03 	 5 2 7 4
     -6.72668103725967622686e-03 	 5 2 7 5
     -8.86597480394784101532e-04 	 5 2 7 6
     -1.43795390954854114540e-03 	 5 2 7 7
     -5.84947788873472779986e-03 	 5 2 8 1
     -1.32268040291302836804e-03 	 5 2 8 2
      1.34289657655056954635e-03 	 5 2 8 3
     -9.07832332513974055686e-04 	 5 2 8 4
      1.57625523332317581462e-03 	 5 2 8 5
     -1.24994015719194734131e-03 	 5 2 8 6
      7.08946802229937006121e-04 	 5 2 8 7
     -1.09873285110943935683e-02 	 5 2 8 8
     -2.22888316798937613505e-02 	 5 3 1 1
     -8.31896929933832133403e-04 	 5 3 2 1
      1.30003950340596557966e-02 	 5 3 2 2
     -3.61268192804449017955e-03 	 5 3 3 1
      1.65190477928672070293e-03 	 5 3 3 2
     -2.42382932394035986723e-02 	 5 3 3 3
      1.58589931028449372587e-04 	 5 3 4 1
      4.91009839500928342224e-04 	 5 3 4 2
      3.73384017181187504580e-03 	 5 3 4 3
     -7.61553088655997356682e-03 	 5 3 4 4
     -4.31505504998416777873e-03 	 5 3 5 1
      4.14776399056337227028e-03 	 5 3 5 2
      3.50300965290876792010e-03 	 5 3 5 3
      1.61908465008179483675e-03 	 5 3 5 4
     -3.44373449425516217626e-02 	 5 3 5 5
     -1.09230195221976869591e-03 	 5 3 6 1
      1.22420995802046458228e-03 	 5 3 6 2
      4.56041436154323420044e-03 	 5 3 6 3
      5.08397366994362345793e-03 	 5 3 6 4
      2.40720519958873609839e-03 	 5 3 6 5
      4.26282325815608483660e-03 	 5 3 6 6
      7.56220805118501863094e-05 	 5 3 7 1
     -2.69084386809321802342e-03 	 5 3 7 2
     -1.39167501558781162713e-03 	 5 3 7 3
     -1.15612045831453265701e-03 	 5 3 7 4
     -3.91571349871803683906e-03 	 5 3 7 5
     -6.52828916869583990301e-04 	 5 3 7 6
      3.67405690781202453471e-03 	 5 3 7 7
     -5.55038140918400965673e-03 	 5 3 8 1
     -5.14515578371672931482e-04 	 5 3 8 2
      1.26813600061791674489e-03 	 5 3 8 3
     -9.18405813842068565606e-04 	 5 3 8 4
      1.29911665945716694147e-03 	 5 3 8 5
     -9.76141015967024066637e-04 	 5 3 8 6
      4.35536171402661797299e-04 	 5 3 8 7
     -7.32816867554670920565e-03 	 5 3 8 8
     -9.97702552263332251292e-03 	 5 4 1 1
     -5.41150416580768586425e-04 	 5 4 2 1
      5.39208336040769824898e-03 	 5 4 2 2
     -1.15590772762947432278e-03 	 5 4 3 1
      8.20188577972435334772e-04 	 5 4 3 2
     -4.39790656991471615167e-03 	 5 4 3 3
     -3.93965930181057206322e-04 	 5 4 4 1
      5.18597339541729241384e-04 	 5 4 4 2
      1.92480437173981949392e-03 	 5 4 4 3
     -6.53873560141997409861e-03 	 5 4 4 4
     -2.18063144889420407538e-03 	 5 4 5 1
      2.33150625254943547407e-03 	 5 4 5 2
      1.61908465008179635464e-03 	 5 4 5 3
      1.20608157406179345057e-03 	 5 4 5 4
     -1.68119012393388514437e-02 	 5 4 5 5
     -8.92665572500482302348e-04 	 5 4 6 1
      9.01711928905911527451e-04 	 5 4 6 2
      2.41651994596331354259e-03 	 5 4 6 3
      3.25570388294344663718e-03 	 5 4 6 4
      1.49175273159744912338e-03 	 5 4 6 5
      6.62923784459285882209e-05 	 5 4 6 6
      4.48452225195494422194e-04 	 5 4 7 1
     -1.58063833259211128195e-03 	 5 4 7 2
     -8.23064793656640928537e-04 	 5 4 7 3
     -7.53309952032597688124e-04 	 5 4 7 4
     -2.12396586099981377407e-03 	 5 4 7 5
     -5.00774628298484149151e-04 	 5 4 7 6
      1.46295181004512829179e-03 	 5 4 7 7
     -2.25057622411404742446e-03 	 5 4 8 1
     -1.68513337468869490131e-04 	 5 4 8 2
      5.74818778466347642640e-04 	 5 4 8 3
     -2.33148102171400705123e-04 	 5 4 8 4
      5.37053191874526476488e-04 	 5 4 8 5
     -4.09818994430834605651e-04 	 5 4 8 6
      5.16928223313127370442e-05 	 5 4 8 7
     -5.84926912588940115661e-03 	 5 4 8 8
      3.98960060408536598686e-01 	 5 5 1 1
      3.95898616317632949524e-03 	 5 5 2 1
      4.21396800746210581368e-02 	 5 5 2 2
      1.86890040212298776112e-02 	 5 5 3 1
     -5.03567814160082918157e-03 	 5 5 3 2
      2.54112740703371475792e-01 	 5 5 3 3
     -3.37132710667872870225e-03 	 5 5 4 1
     -7.53839984658793158326e-04 	 5 5 4 2
     -2.38985041258742113290e-02 	 5 5 4 3
      2.78808584888429022985e-01 	 5 5 4 4
      5.76396534583700770327e-02 	 5 5 5 1
     -4.72941911170110251827e-02 	 5 5 5 2
     -3.44373449425516148237e-02 	 5 5 5 3
     -1.68119012393388445048e-02 	 5 5 5 4
      8.39271425518349989403e-01 	 5 5 5 5
      9.61766362643770925112e-03 	 5 5 6 1
     -4.44650753698860434077e-03 	 5 5 6 2
     -2.93923004064284357217e-02 	 5 5 6 3
     -4.43361690730186552845e-02 	 5 5 6 4
     -3.01522936697395174677e-02 	 5 5 6 5
      1.65157332356502650761e-01 	 5 5 6 6
     -8.00198937872963114021e-04 	 5 5 7 1
      6.06033561386805797594e-03 	 5 5 7 2
      7.83320564844431840856e-03 	 5 5 7 3
      9.45961978886676602141e-03 	 5 5 7 4
      4.81185409006343531302e-02 	 5 5 7 5
      1.66615623983073883607e-03 	 5 5 7 6
      9.85151338846475543853e-02 	 5 5 7 7
      4.81598717842485896101e-02 	 5 5 8 1
      1.97697130049162474869e-03 	 5 5 8 2
     -1.13179620826504047371e-02 	 5 5 8 3
      4.28955009059064223953e-03 	 5 5 8 4
     -1.47590424068081652736e-02 	 5 5 8 5
      9.62229882540130074253e-03 	 5 5 8 6
     -1.15031365345623966950e-03 	 5 5 8 7
      2.44547974804019990769e-01 	 5 5 8 8
      8.82684666775254700433e-03 	 6 1 1 1
      5.86073938932637475072e-04 	 6 1 2 1
     -3.04717406178061809771e-03 	 6 1 2 2
      6.88577692792003781888e-04 	 6 1 3 1
     -6.28904792178651894305e-04 	 6 1 3 2
      2.42448019759203617363e-03 	 6 1 3 3
      5.74537539192190209805e-04 	 6 1 4 1
     -3.45147134396830708013e-04 	 6 1 4 2
     -1.66868392481948056051e-03 	 6 1 4 3
      6.87889943363672456966e-03 	 6 1 4 4
      1.33973160000990703170e-03 	 6 1 5 1
     -1.79518481706989808423e-03 	 6 1 5 2
     -1.09230195221976739486e-03 	 6 1 5 3
     -8.92665572500479700263e-04 	 6 1 5 4
      9.61766362643773006780e-03 	 6 1 5 5
      1.63872723614804879401e-03 	 6 1 6 1
     -5.98302000007695875677e-04 	 6 1 6 2
     -2.40247543711702600533e-03 	 6 1 6 3
     -2.84000134390736697770e-03 	 6 1 6 4
     -1.33909784549773565668e-03 	 6 1 6 5
      2.60038116979566247267e-03 	 6 1 6 6
     -5.15259885221838547474e-04 	 6 1 7 1
      1.48300824573015829592e-03 	 6 1 7 2
      5.94551999336484894923e-04 	 6 1 7 3
      4.73277138984192998795e-04 	 6 1 7 4
      1.49468190136594594915e-03 	 6 1 7 5
      8.85013105096359598695e-05 	 6 1 7 6
     -9.66858075285530215760e-04 	 6 1 7 7
      1.32013204738414512140e-03 	 6 1 8 1
     -8.83020861517249506471e-05 	 6 1 8 2
     -4.45681494611219783213e-04 	 6 1 8 3
     -2.72253557977501737739e-05 	 6 1 8 4
     -2.96444006517024803964e-04 	 6 1 8 5
     -4.25020181528120029844e-04 	 6 1 8 6
      4.83421927129620422983e-05 	 6 1 8 7
      5.61914450543062656690e-03 	 6 1 8 8
     -2.42577622174955940051e-03 	 6 2 1 1
     -5.12177997823322719330e-04 	 6 2 2 1
     -2.15454301650421170891e-03 	 6 2 2 2
     -1.02518028676692107490e-03 	 6 2 3 1
      1.80258433995290185368e-03 	 6 2 3 2
     -1.04220833210834666269e-03 	 6 2 3 3
     -1.36076831198509058674e-04 	 6 2 4 1
      1.71753778455183050283e-03 	 6 2 4 2
      1.67926264358197324666e-03 	 6 2 4 3
     -6.19135035008270759316e-03 	 6 2 4 4
     -1.25956880256296310794e-03 	 6 2 5 1
      3.08609675504697674245e-03 	 6 2 5 2
      1.22420995802046089600e-03 	 6 2 5 3
      9.01711928905915430579e-04 	 6 2 5 4
     -4.44650753698859740187e-03 	 6 2 5 5
     -5.98302000007701188268e-04 	 6 2 6 1
      4.89635451474748541884e-03 	 6 2 6 2
      3.22162865883480987669e-03 	 6 2 6 3
      4.08823131752395190625e-03 	 6 2 6 4
      2.05242279161265209209e-03 	 6 2 6 5
     -5.07089541154717021731e-03 	 6 2 6 6
      2.12995543050024385093e-04 	 6 2 7 1
     -3.29107514879173335132e-03 	 6 2 7 2
     -8.25510257782168226787e-04 	 6 2 7 3
     -9.74692519098734142663e-04 	 6 2 7 4
     -1.73880040985214157252e-03 	 6 2 7 5
     -1.76682702369329439930e-03 	 6 2 7 6
     -2.42640626809036879033e-03 	 6 2 7 7
     -2.39228735484614974532e-03 	 6 2 8 1
     -1.43170329092503654730e-03 	 6 2 8 2
      4.67866168318133027540e-04 	 6 2 8 3
     -8.64780206846329341751e-04 	 6 2 8 4
      4.78783749016137077578e-04 	 6 2 8 5
     -1.58462116391457183591e-03 	 6 2 8 6
      7.05119536865551075136e-04 	 6 2 8 7
     -2.93551947783032233380e-03 	 6 2 8 8
     -2.31049368256061003757e-02 	 6 3 1 1
     -1.56273526140842723177e-03 	 6 3 2 1
      1.92490657245182432422e-02 	 6 3 2 2
     -4.87428888694773580076e-03 	 6 3 3 1
      2.81011614177555709565e-03 	 6 3 3 2
     -3.58122453799248688378e-02 	 6 3 3 3
     -8.37977182857431728176e-04 	 6 3 4 1
      7.20449858322192901970e-04 	 6 3 4 2
      6.98478868945858789863e-03 	 6 3 4 3
     -1.88809336774906563750e-02 	 6 3 4 4
     -4.56839980985636329169e-03 	 6 3 5 1
      6.15771993308805547229e-03 	 6 3 5 2
      4.56041436154323333307e-03 	 6 3 5 3
      2.41651994596331094051e-03 	 6 3 5 4
     -2.93923004064284218440e-02 	 6 3 5 5
     -2.40247543711702774005e-03 	 6 3 6 1
      3.22162865883480770829e-03 	 6 3 6 2
      1.01179184746810289092e-02 	 6 3 6 3
      1.15449955864530620642e-02 	 6 3 6 4
      4.18097521524771285201e-03 	 6 3 6 5
     -7.78969318698925251854e-03 	 6 3 6 6
      9.85810139646384891998e-04 	 6 3 7 1
     -5.46170571419457833579e-03 	 6 3 7 2
     -2.21291245914439832151e-03 	 6 3 7 3
     -1.44557783860056613193e-03 	 6 3 7 4
     -5.52522501524969726627e-03 	 6 3 7 5
     -1.37720166309582866919e-03 	 6 3 7 6
      5.06481149252821331863e-03 	 6 3 7 7
     -6.53428246795631148536e-03 	 6 3 8 1
     -6.54871006915902433183e-04 	 6 3 8 2
      1.72004181821735244000e-03 	 6 3 8 3
     -1.46539862514690746517e-03 	 6 3 8 4
      1.57681370217265079577e-03 	 6 3 8 5
     -2.07107139907710194326e-03 	 6 3 8 6
      2.53850914433703471994e-04 	 6 3 8 7
     -1.25293304425497555032e-02 	 6 3 8 8
     -2.49590387239593744506e-02 	 6 4 1 1
     -1.96247622496561980807e-03 	 6 4 2 1
      2.75222187875920343281e-02 	 6 4 2 2
     -3.99102033305637118182e-03 	 6 4 3 1
      2.40534681401149540853e-03 	 6 4 3 2
     -1.07564141072078612443e-02 	 6 4 3 3
     -1.15559701924525986064e-03 	 6 4 4 1
      7.13971062466552531915e-04 	 6 4 4 2
      7.52358332147871466250e-03 	 6 4 4 3
     -3.83378200046085443331e-02 	 6 4 4 4
     -6.57291088455878944746e-03 	 6 4 5 1
      8.34657776131400748476e-03 	 6 4 5 2
      5.08397366994360264125e-03 	 6 4 5 3
      3.25570388294341237639e-03 	 6 4 5 4
     -4.43361690730187801845e-02 	 6 4 5 5
     -2.84000134390738042181e-03 	 6 4 6 1
      4.08823131752396838612e-03 	 6 4 6 2
      1.15449955864530516558e-02 	 6 4 6 3
      2.14600750520341672367e-02 	 6 4 6 4
      5.62887982456904654993e-03 	 6 4 6 5
     -1.35757327526357662872e-02 	 6 4 6 6
      1.90673862469244517759e-03 	 6 4 7 1
     -6.61012178252166297115e-03 	 6 4 7 2
     -2.48856322052902088557e-03 	 6 4 7 3
     -2.13758168195327027256e-03 	 6 4 7 4
     -7.60883708677920558849e-03 	 6 4 7 5
     -1.86629028969519626668e-03 	 6 4 7 6
      1.04510713359956906171e-02 	 6 4 7 7
     -8.45158398786291509275e-03 	 6 4 8 1
     -5.40257395505983691215e-04 	 6 4 8 2
      2.02857920072293867672e-03 	 6 4 8 3
     -1.12309582680508181739e-03 	 6 4 8 4
      2.06771947940659296325e-03 	 6 4 8 5
     -3.17090301978632718022e-03 	 6 4 8 6
      7.40061914799285775965e-04 	 6 4 8 7
     -2.04402025917047383552e-02 	 6 4 8 8
     -1.12106053970025369704e-02 	 6 5 1 1
     -7.41948232531509759002e-04 	 6 5 2 1
      1.10999687177533740839e-02 	 6 5 2 2
     -1.61666099275927974653e-03 	 6 5 3 1
      1.11624407569812090883e-03 	 6 5 3 2
     -5.02999780250918716862e-03 	 6 5 3 3
     -3.34328589879941172683e-04 	 6 5 4 1
      7.14399825346757519871e-04 	 6 5 4 2
      2.69403244125088290467e-03 	 6 5 4 3
     -1.11768725188239811952e-02 	 6 5 4 4
     -3.17687418138895474179e-03 	 6 5 5 1
      3.65888861878699723357e-03 	 6 5 5 2
      2.40720519958873436367e-03 	 6 5 5 3
      1.49175273159744695498e-03 	 6 5 5 4
     -3.01522936697395244066e-02 	 6 5 5 5
     -1.33909784549773782508e-03 	 6 5 6 1
      2.05242279161265165840e-03 	 6 5 6 2
      4.18097521524771371937e-03 	 6 5 6 3
      5.62887982456903787631e-03 	 6 5 6 4
      2.86196278780739311876e-03 	 6 5 6 5
     -4.97155486489706237990e-03 	 6 5 6 6
      5.04198714404853606461e-04 	 6 5 7 1
     -2.05166518573251729918e-03 	 6 5 7 2
     -1.07348715023855610998e-03 	 6 5 7 3
     -9.86215569334750272873e-04 	 6 5 7 4
     -3.39077075285495414120e-03 	 6 5 7 5
     -1.08024667001012115303e-03 	 6 5 7 6
      4.85448877343702765025e-03 	 6 5 7 7
     -3.18328387287534868288e-03 	 6 5 8 1
     -1.74297237831959138778e-04 	 6 5 8 2
      7.80006751041071103026e-04 	 6 5 8 3
     -7.10738996125749740961e-04 	 6 5 8 4
      9.14606814578184301387e-04 	 6 5 8 5
     -9.88090787272332023161e-04 	 6 5 8 6
      1.98717862932667544210e-04 	 6 5 8 7
     -5.70213280396505116376e-03 	 6 5 8 8
      1.69690530462150768187e-01 	 6 6 1 1
      4.90924709273014890989e-04 	 6 6 2 1
      1.93216215129259988315e-01 	 6 6 2 2
     -7.63953437248701770074e-03 	 6 6 3 1
      4.62075534066875778794e-03 	 6 6 3 2
      1.29396453204047967578e-01 	 6 6 3 3
      6.42908948643463630523e-03 	 6 6 4 1
      2.10542143669607785192e-03 	 6 6 4 2
      2.90124220496592406457e-03 	 6 6 4 3
      2.80712743154230004450e-01 	 6 6 4 4
     -3.96510263397609110519e-03 	 6 6 5 1
      5.88382817706438118743e-03 	 6 6 5 2
      4.26282325815610652064e-03 	 6 6 5 3
      6.62923784459559101157e-05 	 6 6 5 4
      1.65157332356502761783e-01 	 6 6 5 5
      2.60038116979569109560e-03 	 6 6 6 1
     -5.07089541154716414578e-03 	 6 6 6 2
     -7.78969318698925772271e-03 	 6 6 6 3
     -1.35757327526359085346e-02 	 6 6 6 4
     -4.97155486489705977782e-03 	 6 6 6 5
      3.87331754594931187974e-01 	 6 6 6 6
     -6.49496878687047529688e-03 	 6 6 7 1
     -1.10530201355772891847e-02 	 6 6 7 2
     -5.02452983308302640955e-04 	 6 6 7 3
      1.58907981937100872827e-04 	 6 6 7 4
     -2.71925123139878750431e-03 	 6 6 7 5
      3.86278670083599730625e-03 	 6 6 7 6
      1.63779180228646403794e-01 	 6 6 7 7
     -1.56088049387596867340e-02 	 6 6 8 1
     -6.06060880898750403700e-03 	 6 6 8 2
      1.24334322483966430023e-03 	 6 6 8 3
     -6.33096962709167859068e-03 	 6 6 8 4
      1.81348700079716259465e-03 	 6 6 8 5
      3.94236757850100882211e-03 	 6 6 8 6
      8.63819121082892889263e-03 	 6 6 8 7
      2.09669605350397830756e-01 	 6 6 8 8
      3.16881438319902052417e-03 	 7 1 1 1
     -6.07106319619482299836e-04 	 7 1 2 1
     -4.38191985534661446189e-03 	 7 1 2 2
      9.17422792530235109258e-04 	 7 1 3 1
      3.31273416669528128920e-04 	 7 1 3 2
      3.41144056811769780940e-03 	 7 1 3 3
     -1.13986263661004436076e-03 	 7 1 4 1
      1.24746910748243491820e-05 	 7 1 4 2
      5.85935579255169865058e-04 	 7 1 4 3
     -6.72843854783885218784e-03 	 7 1 4 4
      2.86394902330529721891e-04 	 7 1 5 1
      1.09997626432693611231e-03 	 7 1 5 2
      7.56220805118459037109e-05 	 7 1 5 3
      4.48452225195488892763e-04 	 7 1 5 4
     -8.00198937872989134873e-04 	 7 1 5 5
     -5.15259885221839523256e-04 	 7 1 6 1
      2.12995543050007905220e-04 	 7 1 6 2
      9.85810139646382073073e-04 	 7 1 6 3
      1.90673862469245038176e-03 	 7 1 6 4
      5.04198714404857509588e-04 	 7 1 6 5
     -6.49496878687043713296e-03 	 7 1 6 6
      1.82364662735923764060e-03 	 7 1 7 1
     -1.03569043215498294078e-03 	 7 1 7 2
     -4.72532523299604395421e-04 	 7 1 7 3
     -1.69967234830031594262e-04 	 7 1 7 4
     -1.01727262632179092650e-03 	 7 1 7 5
     -2.03272357830757999806e-04 	 7 1 7 6
     -4.67474714500933953565e-03 	 7 1 7 7
      1.61291219953100172999e-03 	 7 1 8 1
      4.93726802947433256186e-04 	 7 1 8 2
     -1.63404658141023365232e-04 	 7 1 8 3
      7.38083582608468685357e-04 	 7 1 8 4
     -7.28229852925799754550e-05 	 7 1 8 5
      1.11814989153493038422e-04 	 7 1 8 6
     -1.09919461553528046739e-03 	 7 1 8 7
     -7.79389157534411507189e-03 	 7 1 8 8
      9.25800074593453869998e-03 	 7 2 1 1
      1.57980851694487257897e-03 	 7 2 2 1
      3.87576234788769178816e-03 	 7 2 2 2
      2.82421049238593992181e-03 	 7 2 3 1
     -3.01911431720262553660e-03 	 7 2 3 2
      9.07767559325712777851e-03 	 7 2 3 3
      1.08630254074809596762e-03 	 7 2 4 1
     -1.25332221416177020529e-03 	 7 2 4 2
     -4.28334291359438925489e-03 	 7 2 4 3
      1.07677883874774619338e-03 	 7 2 4 4
      2.34622214945405267034e-03 	 7 2 5 1
     -7.43412815232200822196e-03 	 7 2 5 2
     -2.69084386809322062550e-03 	 7 2 5 3
     -1.58063833259210564409e-03 	 7 2 5 4
      6.06033561386800940368e-03 	 7 2 5 5
      1.48300824573016957163e-03 	 7 2 6 1
     -3.29107514879175330064e-03 	 7 2 6 2
     -5.46170571419459134621e-03 	 7 2 6 3
     -6.61012178252168465520e-03 	 7 2 6 4
     -2.05166518573252510543e-03 	 7 2 6 5
     -1.10530201355772267346e-02 	 7 2 6 6
     -1.03569043215497123139e-03 	 7 2 7 1
      1.43019865140094088601e-02 	 7 2 7 2
      1.66615872750373525402e-03 	 7 2 7 3
      1.22272815104621651594e-03 	 7 2 7 4
      4.74579408181557364094e-03 	 7 2 7 5
      5.64954181341968783743e-04 	 7 2 7 6
      1.60550970316971665375e-02 	 7 2 7 7
      4.48334864849295709754e-03 	 7 2 8 1
      2.03403813938791153473e-03 	 7 2 8 2
     -9.29806653763244096711e-04 	 7 2 8 3
      1.16009590690781499815e-03 	 7 2 8 4
     -9.82666950074812754062e-04 	 7 2 8 5
      7.75650733598484166953e-04 	 7 2 8 6
     -1.04670319699343142479e-04 	 7 2 8 7
      1.15024916731627339928e-02 	 7 2 8 8
      8.48977396430861813714e-03 	 7 3 1 1
      6.73726844412093450569e-04 	 7 3 2 1
     -4.30405916874362047542e-03 	 7 3 2 2
      1.55720458139273990744e-03 	 7 3 3 1
     -9.56291060718709963126e-04 	 7 3 3 2
      9.58257940986437760367e-03 	 7 3 3 3
      2.81250362898016411945e-04 	 7 3 4 1
     -3.80952319045932028766e-04 	 7 3 4 2
     -1.73805328135960774141e-03 	 7 3 4 3
      3.92052873983727342283e-03 	 7 3 4 4
      1.26696208658756128904e-03 	 7 3 5 1
     -1.86924939856310538995e-03 	 7 3 5 2
     -1.39167501558780989240e-03 	 7 3 5 3
     -8.23064793656637675931e-04 	 7 3 5 4
      7.83320564844432708218e-03 	 7 3 5 5
      5.94551999336491183296e-04 	 7 3 6 1
     -8.25510257782164540499e-04 	 7 3 6 2
     -2.21291245914440048992e-03 	 7 3 6 3
     -2.48856322052903346231e-03 	 7 3 6 4
     -1.07348715023856218151e-03 	 7 3 6 5
     -5.02452983308294617859e-04 	 7 3 6 6
     -4.72532523299605533833e-04 	 7 3 7 1
      1.66615872750373330245e-03 	 7 3 7 2
      9.69107421626693821097e-04 	 7 3 7 3
      6.66817922211360982962e-04 	 7 3 7 4
      1.73056161286367846119e-03 	 7 3 7 5
      5.65616097726402288111e-04 	 7 3 7 6
      1.34707715039945625374e-04 	 7 3 7 7
      1.87321230115231442473e-03 	 7 3 8 1
      1.26412303633772295014e-04 	 7 3 8 2
     -4.17383661190425772798e-04 	 7 3 8 3
      2.75127790013864341641e-04 	 7 3 8 4
     -4.87299699435993671943e-04 	 7 3 8 5
      3.66129042046064740595e-04 	 7 3 8 6
      4.80224353825717262321e-05 	 7 3 8 7
      5.00256194137342277695e-03 	 7 3 8 8
      8.24822684074657738740e-03 	 7 4 1 1
      3.74875842264905760875e-04 	 7 4 2 1
     -3.18558378327271803088e-03 	 7 4 2 2
      1.03671729344737158750e-03 	 7 4 3 1
     -6.98081403231360763523e-04 	 7 4 3 2
      5.57023423825883223087e-03 	 7 4 3 3
      8.08493888212134510871e-05 	 7 4 4 1
     -6.14015977946464133752e-04 	 7 4 4 2
     -1.46216060556655447558e-03 	 7 4 4 3
      1.13180442926349295041e-02 	 7 4 4 4
      1.30525307240790143168e-03 	 7 4 5 1
     -1.28801615221124654553e-03 	 7 4 5 2
     -1.15612045831452701916e-03 	 7 4 5 3
     -7.53309952032594652357e-04 	 7 4 5 4
      9.45961978886679377698e-03 	 7 4 5 5
      4.73277138984220320690e-04 	 7 4 6 1
     -9.74692519098713542822e-04 	 7 4 6 2
     -1.44557783860057480554e-03 	 7 4 6 3
     -2.13758168195329412500e-03 	 7 4 6 4
     -9.86215569334763933820e-04 	 7 4 6 5
      1.58907981937111281168e-04 	 7 4 6 6
     -1.69967234830020345665e-04 	 7 4 7 1
      1.22272815104626595556e-03 	 7 4 7 2
      6.66817922211357730355e-04 	 7 4 7 3
      1.82685246125643832929e-03 	 7 4 7 4
      1.53143761744627755934e-03 	 7 4 7 5
      6.75798582546915244107e-04 	 7 4 7 6
      6.99857948325698087100e-03 	 7 4 7 7
      3.05096051488847747057e-03 	 7 4 8 1
      6.61598799511893325906e-04 	 7 4 8 2
     -7.61250607127223594649e-04 	 7 4 8 3
      6.95928044789083827563e-05 	 7 4 8 4
     -7.73417009251872256473e-04 	 7 4 8 5
      8.39535531198436018284e-04 	 7 4 8 6
      1.11056131286010195550e-04 	 7 4 8 7
      1.29191187671958904182e-02 	 7 4 8 8
      2.17254632130100891474e-02 	 7 5 1 1
      1.40178677403209159431e-03 	 7 5 2 1
     -1.43066704172249911653e-02 	 7 5 2 2
      2.90311607400226467587e-03 	 7 5 3 1
     -1.84352653633463605364e-03 	 7 5 3 2
      1.24082597242476840027e-02 	 7 5 3 3
      3.22908257632102614794e-04 	 7 5 4 1
     -4.24644375821284746075e-04 	 7 5 4 2
     -4.27869444847828878098e-03 	 7 5 4 3
      1.27793490958484304981e-02 	 7 5 4 4
      5.41346114395906304051e-03 	 7 5 5 1
     -6.72668103725966928796e-03 	 7 5 5 2
     -3.91571349871803683906e-03 	 7 5 5 3
     -2.12396586099981203935e-03 	 7 5 5 4
      4.81185409006343184357e-02 	 7 5 5 5
      1.49468190136594573231e-03 	 7 5 6 1
     -1.73880040985213419995e-03 	 7 5 6 2
     -5.52522501524969553155e-03 	 7 5 6 3
     -7.60883708677920645586e-03 	 7 5 6 4
     -3.39077075285495761064e-03 	 7 5 6 5
     -2.71925123139879964737e-03 	 7 5 6 6
     -1.01727262632179439594e-03 	 7 5 7 1
      4.74579408181557624302e-03 	 7 5 7 2
      1.73056161286367932856e-03 	 7 5 7 3
      1.53143761744628124563e-03 	 7 5 7 4
      6.65174853938009080084e-03 	 7 5 7 5
      1.04932205568765641104e-03 	 7 5 7 6
      6.29418606853711024018e-03 	 7 5 7 7
      5.86768239063142037215e-03 	 7 5 8 1
      8.33753438556433909730e-04 	 7 5 8 2
     -1.37421349981928751782e-03 	 7 5 8 3
      1.05162869413644882201e-03 	 7 5 8 4
     -1.67207171716381294488e-03 	 7 5 8 5
      1.35590830648800821957e-03 	 7 5 8 6
     -3.91810955867090914516e-04 	 7 5 8 7
      1.30872137099974431007e-02 	 7 5 8 8
      3.29220434154344279709e-04 	 7 6 1 1
      3.60776890551487415017e-04 	 7 6 2 1
     -3.73796861547802655029e-03 	 7 6 2 2
      5.10372038308273584702e-04 	 7 6 3 1
     -6.92704907375682552712e-04 	 7 6 3 2
      5.02225154287379879463e-04 	 7 6 3 3
      4.08806712410373236091e-06 	 7 6 4 1
     -6.07276310431575211922e-04 	 7 6 4 2
     -5.99464660220415954464e-04 	 7 6 4 3
      2.21409192446320093189e-03 	 7 6 4 4
      6.31270332909486401110e-04 	 7 6 5 1
     -8.86597480394780306824e-04 	 7 6 5 2
     -6.52828916869592230238e-04 	 7 6 5 3
     -5.00774628298484040731e-04 	 7 6 5 4
      1.66615623983073189718e-03 	 7 6 5 5
      8.85013105096376945929e-05 	 7 6 6 1
     -1.76682702369330285608e-03 	 7 6 6 2
     -1.37720166309583018707e-03 	 7 6 6 3
     -1.86629028969518846043e-03 	 7 6 6 4
     -1.08024667001012332143e-03 	 7 6 6 5
      3.86278670083599470417e-03 	 7 6 6 6
     -2.03272357830759761634e-04 	 7 6 7 1
      5.64954181341952195450e-04 	 7 6 7 2
      5.65616097726402071270e-04 	 7 6 7 3
      6.75798582546898655814e-04 	 7 6 7 4
      1.04932205568765576052e-03 	 7 6 7 5
      1.51426879244783460336e-03 	 7 6 7 6
      3.31115466143096443333e-03 	 7 6 7 7
      9.72184497521875329307e-04 	 7 6 8 1
      1.74524925679745785074e-04 	 7 6 8 2
     -1.70761218681421834530e-04 	 7 6 8 3
      6.79703324543487062866e-04 	 7 6 8 4
     -2.59835710808259455571e-04 	 7 6 8 5
      7.28745859691868301533e-04 	 7 6 8 6
     -2.82489030979611425737e-04 	 7 6 8 7
     -1.73666169482280261308e-04 	 7 6 8 8
      1.67320326618210779568e-01 	 7 7 1 1
      2.18453972963955633801e-03 	 7 7 2 1
      2.76984783169834880567e-01 	 7 7 2 2
     -1.49520619976151853368e-03 	 7 7 3 1
     -2.48572096911744023356e-03 	 7 7 3 2
      1.61688380328181224854e-01 	 7 7 3 3
      3.97333369730940976633e-03 	 7 7 4 1
     -6.05531390183279647627e-05 	 7 7 4 2
      2.03537915926119790042e-03 	 7 7 4 3
      1.55454544520670034924e-01 	 7 7 4 4
     -8.16950494677963490187e-03 	 7 7 5 1
     -1.43795390954855502319e-03 	 7 7 5 2
      3.67405690781203320833e-03 	 7 7 5 3
      1.46295181004513262860e-03 	 7 7 5 4
      9.85151338846474711186e-02 	 7 7 5 5
     -9.66858075285516229552e-04 	 7 7 6 1
     -2.42640626809040521952e-03 	 7 7 6 2
      5.06481149252819250195e-03 	 7 7 6 3
      1.04510713359956489837e-02 	 7 7 6 4
      4.85448877343701810927e-03 	 7 7 6 5
      1.63779180228646514816e-01 	 7 7 6 6
     -4.67474714500933519884e-03 	 7 7 7 1
      1.60550970316971561291e-02 	 7 7 7 2
      1.34707715039943456969e-04 	 7 7 7 3
      6.99857948325689066538e-03 	 7 7 7 4
      6.29418606853709289295e-03 	 7 7 7 5
      3.31115466143098785209e-03 	 7 7 7 6
      4.23701401216899586899e-01 	 7 7 7 7
     -2.59878189927301118597e-03 	 7 7 8 1
      7.04913324524629979206e-03 	 7 7 8 2
     -9.11516489006743320378e-05 	 7 7 8 3
     -1.41484387662073828572e-03 	 7 7 8 4
     -1.21329390357226957718e-03 	 7 7 8 5
     -2.14712002070832023298e-03 	 7 7 8 6
      4.57492312057530218367e-03 	 7 7 8 7
      2.49472499626860688693e-01 	 7 7 8 8
      5.97821500629604762889e-02 	 8 1 1 1
      8.93146367864555159287e-04 	 8 1 2 1
     -3.00823041972993268645e-02 	 8 1 2 2
      6.41559037883289266790e-03 	 8 1 3 1
     -1.93088695861190658143e-03 	 8 1 3 2
      3.12545948099146389532e-02 	 8 1 3 3
     -1.99445941024845811024e-03 	 8 1 4 1
     -6.99958638551045572197e-04 	 8 1 4 2
     -5.56620390517621396742e-03 	 8 1 4 3
      1.61110509093784701196e-02 	 8 1 4 4
      7.58077093277249869363e-03 	 8 1 5 1
     -5.84947788873471305471e-03 	 8 1 5 2
     -5.55038140918401139146e-03 	 8 1 5 3
     -2.25057622411404568974e-03 	 8 1 5 4
      4.81598717842485618545e-02 	 8 1 5 5
      1.32013204738417266014e-03 	 8 1 6 1
     -2.39228735484615148005e-03 	 8 1 6 2
     -6.53428246795632536315e-03 	 8 1 6 3
     -8.45158398786302264560e-03 	 8 1 6 4
     -3.18328387287536646380e-03 	 8 1 6 5
     -1.56088049387595306089e-02 	 8 1 6 6
      1.61291219953097701018e-03 	 8 1 7 1
      4.48334864849302822121e-03 	 8 1 7 2
      1.87321230115232613411e-03 	 8 1 7 3
      3.05096051488850305775e-03 	 8 1 7 4
      5.86768239063143424994e-03 	 8 1 7 5
      9.72184497521869691455e-04 	 8 1 7 6
     -2.59878189927292705189e-03 	 8 1 7 7
      2.21183644717575095262e-02 	 8 1 8 1
      3.03480029217758273327e-03 	 8 1 8 2
     -4.16967429707044284770e-03 	 8 1 8 3
      4.50876636211278939564e-03 	 8 1 8 4
     -4.22125645678546237288e-03 	 8 1 8 5
      3.80407885086486144063e-03 	 8 1 8 6
     -3.71654031808085240363e-03 	 8 1 8 7
      3.12887993634683933553e-02 	 8 1 8 8
      3.73723187860277228020e-03 	 8 2 1 1
     -6.39466621070992912758e-04 	 8 2 2 1
      2.95131655619868199861e-03 	 8 2 2 2
      9.38572983315346721402e-04 	 8 2 3 1
     -5.61648636542024046886e-04 	 8 2 3 2
      3.83871104381285294452e-03 	 8 2 3 3
     -2.43565467322155070539e-04 	 8 2 4 1
     -6.24494839968345164839e-04 	 8 2 4 2
     -7.34238946301580836656e-04 	 8 2 4 3
     -1.04662272664461132587e-03 	 8 2 4 4
      4.43354373498712668340e-04 	 8 2 5 1
     -1.32268040291301557446e-03 	 8 2 5 2
     -5.14515578371673039902e-04 	 8 2 5 3
     -1.68513337468872146426e-04 	 8 2 5 4
      1.97697130049160913617e-03 	 8 2 5 5
     -8.83020861517168462358e-05 	 8 2 6 1
     -1.43170329092502440424e-03 	 8 2 6 2
     -6.54871006915904926848e-04 	 8 2 6 3
     -5.40257395506042454973e-04 	 8 2 6 4
     -1.74297237831964234528e-04 	 8 2 6 5
     -6.06060880898752745577e-03 	 8 2 6 6
      4.93726802947441279282e-04 	 8 2 7 1
      2.03403813938796531116e-03 	 8 2 7 2
      1.26412303633770587395e-04 	 8 2 7 3
      6.61598799511902866885e-04 	 8 2 7 4
      8.33753438556431741326e-04 	 8 2 7 5
      1.74524925679740147222e-04 	 8 2 7 6
      7.04913324524638566088e-03 	 8 2 7 7
      3.03480029217759704474e-03 	 8 2 8 1
      2.37248277401460325522e-03 	 8 2 8 2
     -6.11327541821046196654e-04 	 8 2 8 3
      1.05390424978122178648e-03 	 8 2 8 4
     -5.59820407754074798184e-04 	 8 2 8 5
      6.89664513191224856116e-04 	 8 2 8 6
     -3.03676319859070827176e-04 	 8 2 8 7
      6.97301740264434123662e-03 	 8 2 8 8
     -1.00106061665702628094e-02 	 8 3 1 1
     -1.67118497768730186895e-04 	 8 3 2 1
      5.75142407749393465288e-03 	 8 3 2 2
     -1.36213704606132188397e-03 	 8 3 3 1
      5.50969939952415492523e-04 	 8 3 3 2
     -9.85689835685108969865e-03 	 8 3 3 3
      1.84843873282509367582e-04 	 8 3 4 1
      1.79942670577808985430e-04 	 8 3 4 2
      1.55049715511438842078e-03 	 8 3 4 3
     -6.28885887713503261010e-03 	 8 3 4 4
     -1.78072187101466260575e-03 	 8 3 5 1
      1.34289657655056347482e-03 	 8 3 5 2
      1.26813600061791782909e-03 	 8 3 5 3
      5.74818778466345582656e-04 	 8 3 5 4
     -1.13179620826503960634e-02 	 8 3 5 5
     -4.45681494611241846727e-04 	 8 3 6 1
      4.67866168318134762263e-04 	 8 3 6 2
      1.72004181821736675147e-03 	 8 3 6 3
      2.02857920072299115211e-03 	 8 3 6 4
      7.80006751041084330292e-04 	 8 3 6 5
      1.24334322483959794706e-03 	 8 3 6 6
     -1.63404658141005475896e-04 	 8 3 7 1
     -9.29806653763249734562e-04 	 8 3 7 2
     -4.17383661190433579054e-04 	 8 3 7 3
     -7.61250607127246146054e-04 	 8 3 7 4
     -1.37421349981929705880e-03 	 8 3 7 5
     -1.70761218681412998283e-04 	 8 3 7 6
     -9.11516489006797530487e-05 	 8 3 7 7
     -4.16967429707044544979e-03 	 8 3 8 1
     -6.11327541821043052468e-04 	 8 3 8 2
      1.19837932171824954747e-03 	 8 3 8 3
     -6.80860360616794167352e-04 	 8 3 8 4
      9.85223938070021749286e-04 	 8 3 8 5
     -7.65310723035783862893e-04 	 8 3 8 6
      7.58770025672663946982e-04 	 8 3 8 7
     -1.02735535118284333073e-02 	 8 3 8 8
      2.42220818614380774617e-03 	 8 4 1 1
      9.68417550398782250301e-05 	 8 4 2 1
     -1.04030134902475448339e-02 	 8 4 2 2
      1.42070685014605672947e-03 	 8 4 3 1
     -4.04098454461348740620e-04 	 8 4 3 2
      3.91712671945582905503e-03 	 8 4 3 3
     -1.03136417859144707831e-03 	 8 4 4 1
     -3.37384309960365243349e-04 	 8 4 4 2
     -9.82447206927499665577e-04 	 8 4 4 3
     -2.11288690674152389651e-03 	 8 4 4 4
      1.12808935427504688706e-03 	 8 4 5 1
     -9.07832332513976115670e-04 	 8 4 5 2
     -9.18405813842065312999e-04 	 8 4 5 3
     -2.33148102171389917311e-04 	 8 4 5 4
      4.28955009059064137217e-03 	 8 4 5 5
     -2.72253557977768180422e-05 	 8 4 6 1
     -8.64780206846351351055e-04 	 8 4 6 2
     -1.46539862514689922524e-03 	 8 4 6 3
     -1.12309582680495409837e-03 	 8 4 6 4
     -7.10738996125739874721e-04 	 8 4 6 5
     -6.33096962709179741924e-03 	 8 4 6 6
      7.38083582608458385436e-04 	 8 4 7 1
      1.16009590690763241851e-03 	 8 4 7 2
      2.75127790013859516941e-04 	 8 4 7 3
      6.95928044789298093017e-05 	 8 4 7 4
      1.05162869413644600308e-03 	 8 4 7 5
      6.79703324543452693657e-04 	 8 4 7 6
     -1.41484387662099827740e-03 	 8 4 7 7
      4.50876636211279113037e-03 	 8 4 8 1
      1.05390424978124433789e-03 	 8 4 8 2
     -6.80860360616787011617e-04 	 8 4 8 3
      5.63372563163833713767e-03 	 8 4 8 4
     -9.81393225201911047900e-04 	 8 4 8 5
      4.50192933291319364892e-04 	 8 4 8 6
      3.41086108066722827181e-04 	 8 4 8 7
     -2.32501793931032176704e-03 	 8 4 8 8
     -1.02124307873159170940e-02 	 8 5 1 1
     -3.38794026767294553272e-04 	 8 5 2 1
      5.26589798373805744597e-03 	 8 5 2 2
     -1.49528492844544025689e-03 	 8 5 3 1
      4.54536692591757070844e-04 	 8 5 3 2
     -6.92816764766009205584e-03 	 8 5 3 3
      2.63555874068783016484e-04 	 8 5 4 1
      1.01379830233937174525e-04 	 8 5 4 2
      1.33088157256337617264e-03 	 8 5 4 3
     -5.30930473645307293706e-03 	 8 5 4 4
     -1.71691994687811402137e-03 	 8 5 5 1
      1.57625523332317147782e-03 	 8 5 5 2
      1.29911665945716759199e-03 	 8 5 5 3
      5.37053191874527127009e-04 	 8 5 5 4
     -1.47590424068081704778e-02 	 8 5 5 5
     -2.96444006517043343821e-04 	 8 5 6 1
      4.78783749016138595461e-04 	 8 5 6 2
      1.57681370217266402303e-03 	 8 5 6 3
      2.06771947940663589766e-03 	 8 5 6 4
      9.14606814578197311813e-04 	 8 5 6 5
      1.81348700079709580779e-03 	 8 5 6 6
     -7.28229852925597821896e-05 	 8 5 7 1
     -9.82666950074824246605e-04 	 8 5 7 2
     -4.87299699436002128720e-04 	 8 5 7 3
     -7.73417009251893506835e-04 	 8 5 7 4
     -1.67207171716382335322e-03 	 8 5 7 5
     -2.59835710808252245627e-04 	 8 5 7 6
     -1.21329390357228735810e-03 	 8 5 7 7
     -4.22125645678545977080e-03 	 8 5 8 1
     -5.59820407754067642450e-04 	 8 5 8 2
      9.85223938070021315605e-04 	 8 5 8 3
     -9.81393225201913433145e-04 	 8 5 8 4
      1.22707710737416904670e-03 	 8 5 8 5
     -8.28675403764842486744e-04 	 8 5 8 6
      4.66543241645097142827e-04 	 8 5 8 7
     -1.03889306761382402278e-02 	 8 5 8 8
      6.76297449883404670767e-03 	 8 6 1 1
      3.03892899391827530460e-05 	 8 6 2 1
     -8.37038969889652983980e-03 	 8 6 2 2
      8.31465695507599411584e-04 	 8 6 3 1
     -3.17743139650249802747e-04 	 8 6 3 2
      3.90680338961313811802e-03 	 8 6 3 3
     -4.47140476028132336124e-04 	 8 6 4 1
     -2.18828845427557536598e-04 	 8 6 4 2
     -1.38607825011159615375e-03 	 8 6 4 3
      1.02229126837428355851e-02 	 8 6 4 4
      1.59244969831109786998e-03 	 8 6 5 1
     -1.24994015719194820867e-03 	 8 6 5 2
     -9.76141015967023741376e-04 	 8 6 5 3
     -4.09818994430841490335e-04 	 8 6 5 4
      9.62229882540129206892e-03 	 8 6 5 5
     -4.25020181528105501535e-04 	 8 6 6 1
     -1.58462116391456012653e-03 	 8 6 6 2
     -2.07107139907710974952e-03 	 8 6 6 3
     -3.17090301978639223235e-03 	 8 6 6 4
     -9.88090787272336359970e-04 	 8 6 6 5
      3.94236757850110509926e-03 	 8 6 6 6
      1.11814989153488593193e-04 	 8 6 7 1
      7.75650733598554965355e-04 	 8 6 7 2
      3.66129042046069511085e-04 	 8 6 7 3
      8.39535531198450004492e-04 	 8 6 7 4
      1.35590830648801342374e-03 	 8 6 7 5
      7.28745859691869494155e-04 	 8 6 7 6
     -2.14712002070824217043e-03 	 8 6 7 7
      3.80407885086489917087e-03 	 8 6 8 1
      6.89664513191222037190e-04 	 8 6 8 2
     -7.65310723035802619590e-04 	 8 6 8 3
      4.50192933291280604664e-04 	 8 6 8 4
     -8.28675403764859833979e-04 	 8 6 8 5
      2.54680373530412123770e-03 	 8 6 8 6
     -1.02569550044676440284e-03 	 8 6 8 7
      8.69111308087880223006e-03 	 8 6 8 8
      7.49508143862647889695e-04 	 8 7 1 1
      2.33944303700377788683e-04 	 8 7 2 1
      6.75318153429137202348e-03 	 8 7 2 2
     -4.96305419640230170361e-04 	 8 7 3 1
      3.17575249637381737660e-04 	 8 7 3 2
      1.03052371461134989819e-03 	 8 7 3 3
      8.61178162285557158295e-04 	 8 7 4 1
      5.81903671489527002207e-04 	 8 7 4 2
      4.14323662851665886799e-04 	 8 7 4 3
      1.07509601303533821118e-03 	 8 7 4 4
     -9.64831575123718484556e-04 	 8 7 5 1
      7.08946802229937222961e-04 	 8 7 5 2
      4.35536171402666242528e-04 	 8 7 5 3
      5.16928223313254899722e-05 	 8 7 5 4
     -1.15031365345625094521e-03 	 8 7 5 5
      4.83421927129768755392e-05 	 8 7 6 1
      7.05119536865579481233e-04 	 8 7 6 2
      2.53850914433705640398e-04 	 8 7 6 3
      7.40061914799155021183e-04 	 8 7 6 4
      1.98717862932661472677e-04 	 8 7 6 5
      8.63819121082889246344e-03 	 8 7 6 6
     -1.09919461553525314550e-03 	 8 7 7 1
     -1.04670319699160400202e-04 	 8 7 7 2
      4.80224353825699237460e-05 	 8 7 7 3
      1.11056131286005560586e-04 	 8 7 7 4
     -3.91810955867091022936e-04 	 8 7 7 5
     -2.82489030979586434877e-04 	 8 7 7 6
      4.57492312057563872002e-03 	 8 7 7 7
     -3.71654031808086671509e-03 	 8 7 8 1
     -3.03676319859092673850e-04 	 8 7 8 2
      7.58770025672668392211e-04 	 8 7 8 3
      3.41086108066683308011e-04 	 8 7 8 4
      4.66543241645100829115e-04 	 8 7 8 5
     -1.02569550044676743861e-03 	 8 7 8 6
      5.51602295800488872518e-03 	 8 7 8 7
      4.08922546557082423196e-03 	 8 7 8 8
      2.96634342129870498539e-01 	 8 8 1 1
      4.64018487644327938535e-03 	 8 8 2 1
      1.77032380442048442593e-01 	 8 8 2 2
      5.19227270446157712636e-03 	 8 8 3 1
     -2.87763326076213464197e-03 	 8 8 3 2
      2.06433927062688787890e-01 	 8 8 3 3
      6.91887275265295337290e-03 	 8 8 4 1
      7.66853228675520425667e-04 	 8 8 4 2
     -1.24039333864262302232e-02 	 8 8 4 3
      2.91660001849176564459e-01 	 8 8 4 4
      7.81730205795135024704e-03 	 8 8 5 1
     -1.09873285110944074461e-02 	 8 8 5 2
     -7.32816867554673175705e-03 	 8 8 5 3
     -5.84926912588941590176e-03 	 8 8 5 4
      2.44547974804019990769e-01 	 8 8 5 5
      5.61914450543059447452e-03 	 8 8 6 1
     -2.93551947783034488521e-03 	 8 8 6 2
     -1.25293304425497659116e-02 	 8 8 6 3
     -2.04402025917045510051e-02 	 8 8 6 4
     -5.70213280396504075542e-03 	 8 8 6 5
      2.09669605350397914023e-01 	 8 8 6 6
     -7.79389157534414022538e-03 	 8 8 7 1
      1.15024916731623298022e-02 	 8 8 7 2
      5.00256194137342104222e-03 	 8 8 7 3
      1.29191187671958643973e-02 	 8 8 7 4
      1.30872137099974673868e-02 	 8 8 7 5
     -1.73666169482310185287e-04 	 8 8 7 6
      2.49472499626860189093e-01 	 8 8 7 7
      3.12887993634685321331e-02 	 8 8 8 1
      6.97301740264435945121e-03 	 8 8 8 2
     -1.02735535118284575934e-02 	 8 8 8 3
     -2.32501793930996961818e-03 	 8 8 8 4
     -1.03889306761382523708e-02 	 8 8 8 5
      8.69111308087870161609e-03 	 8 8 8 6
      4.08922546557072448536e-03 	 8 8 8 7
      4.51799048838803618544e-01 	 8 8 8 8
     -2.67885791023814023859e+00 	 1 1 0 0
     -1.62093926947060110177e-02 	 1 2 0 0
     -2.46321114876336150212e-01 	 1 3 0 0
     -2.68128809306880724894e-02 	 1 4 0 0
     -2.67357959045509019358e-01 	 1 5 0 0
     -2.92980645064331926553e-02 	 1 6 0 0
      3.14851471832022430930e-02 	 1 7 0 0
     -2.73093161951187768377e-01 	 1 8 0 0
     -1.62093926947091300506e-02 	 2 1 0 0
     -1.36548098065850043170e+00 	 2 2 0 0
      2.65432492972074267346e-02 	 2 3 0 0
      7.48668110108909154628e-04 	 2 4 0 0
      9.22383784774543219465e-02 	 2 5 0 0
      3.14896808132808306291e-02 	 2 6 0 0
      9.50814168865725672930e-02 	 2 7 0 0
     -3.51001687023721753445e-02 	 2 8 0 0
     -2.46321114876336511035e-01 	 3 1 0 0
      2.65432492972217416727e-02 	 3 2 0 0
     -2.39591561708041211887e+00 	 3 3 0 0
      8.98054440380842838865e-02 	 3 4 0 0
      1.08193537545758472485e-01 	 3 5 0 0
      1.07884119141921225316e-01 	 3 6 0 0
     -5.24126936191438089208e-02 	 3 7 0 0
      6.03533908826846474116e-02 	 3 8 0 0
     -2.68128809306925654232e-02 	 4 1 0 0
      7.48668110105849536097e-04 	 4 2 0 0
      8.98054440380702950764e-02 	 4 3 0 0
     -2.08052349724094831629e+00 	 4 4 0 0
      5.75557390628890913620e-02 	 4 5 0 0
     -3.34871969206022926380e-02 	 4 6 0 0
     -7.28156767685351757891e-02 	 4 7 0 0
      1.53810579978127637268e-01 	 4 8 0 0
     -2.67357959045487592054e-01 	 5 1 0 0
      9.22383784774481324531e-02 	 5 2 0 0
      1.08193537545758999840e-01 	 5 3 0 0
      5.75557390628871207161e-02 	 5 4 0 0
     -2.67913868178595571123e+00 	 5 5 0 0
      5.17582131155298330594e-02 	 5 6 0 0
     -9.67971781518355833818e-02 	 5 7 0 0
      6.37758536114687857310e-02 	 5 8 0 0
     -2.92980645064422548507e-02 	 6 1 0 0
      3.14896808132790681500e-02 	 6 2 0 0
      1.07884119141900228223e-01 	 6 3 0 0
     -3.34871969205773473144e-02 	 6 4 0 0
      5.17582131155359045915e-02 	 6 5 0 0
     -1.69664138067344327787e+00 	 6 6 0 0
     -8.67216247384627880734e-03 	 6 7 0 0
     -4.58355694128864468717e-02 	 6 8 0 0
      3.14851471831921123079e-02 	 7 1 0 0
      9.50814168865597442171e-02 	 7 2 0 0
     -5.24126936191409223409e-02 	 7 3 0 0
     -7.28156767685343847551e-02 	 7 4 0 0
     -9.67971781518398854960e-02 	 7 5 0 0
     -8.67216247385079429255e-03 	 7 6 0 0
     -1.68672608769771725790e+00 	 7 7 0 0
     -1.67002249588152851256e-01 	 7 8 0 0
     -2.73093161951202090254e-01 	 8 1 0 0
     -3.51001687023636543827e-02 	 8 2 0 0
      6.03533908826788811908e-02 	 8 3 0 0
      1.53810579978135991697e-01 	 8 4 0 0
      6.37758536114739621459e-02 	 8 5 0 0
     -4.58355694128664212239e-02 	 8 6 0 0
     -1.67002249588137891001e-01 	 8 7 0 0
     -2.20669735215255613525e+00 	 8 8 0 0
     -2.99369528819408242271e+03 	 0 0 0 0
