     Theta        Phi           Ex           Ey           Ez               Para_E              Ortho_E               Meta_E
----------------------------------------------------------------------------------------------------------------------------
     0.000      0.000     0.000000     0.000000     0.100000   -3006.096104192367   -3006.105049625745   -3006.115616800002
     0.000     18.000     0.000000     0.000000     0.100000   -3006.096104192367   -3006.105049625745   -3006.115616800002
     0.000     36.000     0.000000     0.000000     0.100000   -3006.096104192367   -3006.105049625745   -3006.115616800002
     0.000     54.000     0.000000     0.000000     0.100000   -3006.096104192367   -3006.105049625745   -3006.115616800002
     0.000     72.000     0.000000     0.000000     0.100000   -3006.096104192367   -3006.105049625745   -3006.115616800002
     0.000     90.000     0.000000     0.000000     0.100000   -3006.096104192367   -3006.105049625745   -3006.115616800002
     0.000    108.000    -0.000000     0.000000     0.100000   -3006.096104192367   -3006.105049625745   -3006.115616800002
     0.000    126.000    -0.000000     0.000000     0.100000   -3006.096104192367   -3006.105049625745   -3006.115616800002
     0.000    144.000    -0.000000     0.000000     0.100000   -3006.096104192367   -3006.105049625745   -3006.115616800002
     0.000    162.000    -0.000000     0.000000     0.100000   -3006.096104192367   -3006.105049625745   -3006.115616800002
     0.000    180.000    -0.000000     0.000000     0.100000   -3006.096104192367   -3006.105049625745   -3006.115616800002
     0.000    198.000    -0.000000    -0.000000     0.100000   -3006.096104192367   -3006.105049625745   -3006.115616800002
     0.000    216.000    -0.000000    -0.000000     0.100000   -3006.096104192367   -3006.105049625745   -3006.115616800002
     0.000    234.000    -0.000000    -0.000000     0.100000   -3006.096104192367   -3006.105049625745   -3006.115616800002
     0.000    252.000    -0.000000    -0.000000     0.100000   -3006.096104192367   -3006.105049625745   -3006.115616800002
     0.000    270.000    -0.000000    -0.000000     0.100000   -3006.096104192367   -3006.105049625745   -3006.115616800002
     0.000    288.000     0.000000    -0.000000     0.100000   -3006.096104192367   -3006.105049625745   -3006.115616800002
     0.000    306.000     0.000000    -0.000000     0.100000   -3006.096104192367   -3006.105049625745   -3006.115616800002
     0.000    324.000     0.000000    -0.000000     0.100000   -3006.096104192367   -3006.105049625745   -3006.115616800002
     0.000    342.000     0.000000    -0.000000     0.100000   -3006.096104192367   -3006.105049625745   -3006.115616800002
     0.000    360.000     0.000000    -0.000000     0.100000   -3006.096104192367   -3006.105049625745   -3006.115616800002
     9.000      0.000     0.015643     0.000000     0.098769   -3006.092992411388   -3006.105653764770   -3006.114021638356
     9.000     18.000     0.014878     0.004834     0.098769   -3006.093097359539   -3006.105083849737   -3006.113325682786
     9.000     36.000     0.012656     0.009195     0.098769   -3006.093395719566   -3006.104354925736   -3006.112758485095
     9.000     54.000     0.009195     0.012656     0.098769   -3006.093873211446   -3006.103567884947   -3006.112421740000
     9.000     72.000     0.004834     0.014878     0.098769   -3006.094501028363   -3006.102849761763   -3006.112386106612
     9.000     90.000     0.000000     0.015643     0.098769   -3006.095231231984   -3006.102321795380   -3006.112670102912
     9.000    108.000    -0.004834     0.014878     0.098769   -3006.095996366924   -3006.102068517381   -3006.113232313651
     9.000    126.000    -0.009195     0.012656     0.098769   -3006.096715214632   -3006.102117742636   -3006.113980161706
     9.000    144.000    -0.012656     0.009195     0.098769   -3006.097303859631   -3006.102437069439   -3006.114792967354
     9.000    162.000    -0.014878     0.004834     0.098769   -3006.097689188131   -3006.102947199442   -3006.115551955583
     9.000    180.000    -0.015643     0.000000     0.098769   -3006.097821425206   -3006.103547377459   -3006.116167283931
     9.000    198.000    -0.014878    -0.004834     0.098769   -3006.097682913835   -3006.104144368461   -3006.116593239768
     9.000    216.000    -0.012656    -0.009195     0.098769   -3006.097291315613   -3006.104674982923   -3006.116827288705
     9.000    234.000    -0.009195    -0.012656     0.098769   -3006.096696577096   -3006.105114491501   -3006.116895015194
     9.000    252.000    -0.004834    -0.014878     0.098769   -3006.095972285221   -3006.105468909292   -3006.116828559237
     9.000    270.000    -0.000000    -0.015643     0.098769   -3006.095203181615   -3006.105755696034   -3006.116648398704
     9.000    288.000     0.004834    -0.014878     0.098769   -3006.094471553487   -3006.105981993418   -3006.116356244486
     9.000    306.000     0.009195    -0.012656     0.098769   -3006.093845843928   -3006.106130239687   -3006.115941491658
     9.000    324.000     0.012656    -0.009195     0.098769   -3006.093374440193   -3006.106157831867   -3006.115397614709
     9.000    342.000     0.014878    -0.004834     0.098769   -3006.093085683371   -3006.106011866213   -3006.114740713824
     9.000    360.000     0.015643    -0.000000     0.098769   -3006.092992411389   -3006.105653764768   -3006.114021638357
    18.000      0.000     0.030902     0.000000     0.095106   -3006.088799188949   -3006.105338703002   -3006.111538699758
    18.000     18.000     0.029389     0.009549     0.095106   -3006.088961465529   -3006.104277056160   -3006.109943630168
    18.000     36.000     0.025000     0.018164     0.095106   -3006.089427650540   -3006.102674607881   -3006.108532853145
    18.000     54.000     0.018164     0.025000     0.095106   -3006.090214885201   -3006.100811557785   -3006.107623311245
    18.000     72.000     0.009549     0.029389     0.095106   -3006.091318715862   -3006.099072123364   -3006.107451072908
    18.000     90.000     0.000000     0.030902     0.095106   -3006.092681539707   -3006.097825384487   -3006.108093458341
    18.000    108.000    -0.009549     0.029389     0.095106   -3006.094179417774   -3006.097317160908   -3006.109436476538
    18.000    126.000    -0.018164     0.025000     0.095106   -3006.095636001410   -3006.097606931759   -3006.111202105649
    18.000    144.000    -0.025000     0.018164     0.095106   -3006.096856883408   -3006.098561527237   -3006.113029329745
    18.000    162.000    -0.029389     0.009549     0.095106   -3006.097668481623   -3006.099903121372   -3006.114581674429
    18.000    180.000    -0.030902     0.000000     0.095106   -3006.097950829883   -3006.101300411618   -3006.115642933803
    18.000    198.000    -0.029389    -0.009549     0.095106   -3006.097660630092   -3006.102476613895   -3006.116166341223
    18.000    216.000    -0.025000    -0.018164     0.095106   -3006.096840148923   -3006.103293595678   -3006.116258698567
    18.000    234.000    -0.018164    -0.025000     0.095106   -3006.095608767572   -3006.103777142248   -3006.116107057701
    18.000    252.000    -0.009549    -0.029389     0.095106   -3006.094140279565   -3006.104074417215   -3006.115881315320
    18.000    270.000    -0.000000    -0.030902     0.095106   -3006.092630646191   -3006.104364193969   -3006.115656276779
    18.000    288.000     0.009549    -0.029389     0.095106   -3006.091259529077   -3006.104759475859   -3006.115385935376
    18.000    306.000     0.018164    -0.025000     0.095106   -3006.090155152583   -3006.105242835064   -3006.114938002434
    18.000    324.000     0.025000    -0.018164     0.095106   -3006.089378294810   -3006.105658514145   -3006.114170493180
    18.000    342.000     0.029389    -0.009549     0.095106   -3006.088933368820   -3006.105765700204   -3006.113015950375
    18.000    360.000     0.030902    -0.000000     0.095106   -3006.088799188949   -3006.105338703002   -3006.111538699756
    27.000      0.000     0.045399     0.000000     0.089101   -3006.083927922992   -3006.104195083207   -3006.108436812230
    27.000     18.000     0.043177     0.014029     0.089101   -3006.084094886823   -3006.102775920074   -3006.105810367680
    27.000     36.000     0.036729     0.026685     0.089101   -3006.084585873175   -3006.100221719732   -3006.103346343597
    27.000     54.000     0.026685     0.036729     0.089101   -3006.085494429297   -3006.097067810500   -3006.101673767002
    27.000     72.000     0.014029     0.043177     0.089101   -3006.086889556179   -3006.094077649176   -3006.101276315067
    27.000     90.000     0.000000     0.045399     0.089101   -3006.088737112691   -3006.091977285528   -3006.102326647455
    27.000    108.000    -0.014029     0.043177     0.089101   -3006.090864403604   -3006.091231630186   -3006.104611925369
    27.000    126.000    -0.026685     0.036729     0.089101   -3006.092990684436   -3006.091931468914   -3006.107586904985
    27.000    144.000    -0.036729     0.026685     0.089101   -3006.094802589906   -3006.093790044623   -3006.110545879929
    27.000    162.000    -0.043177     0.014029     0.089101   -3006.096021478189   -3006.096231821831   -3006.112850751287
    27.000    180.000    -0.045399     0.000000     0.089101   -3006.096450313798   -3006.098575126263   -3006.114131293867
    27.000    198.000    -0.043177    -0.014029     0.089101   -3006.096015575245   -3006.100270886659   -3006.114387299960
    27.000    216.000    -0.036729    -0.026685     0.089101   -3006.094788183440   -3006.101094440520   -3006.113947024784
    27.000    234.000    -0.026685    -0.036729     0.089101   -3006.092963779313   -3006.101196995255   -3006.113292441360
    27.000    252.000    -0.014029    -0.043177     0.089101   -3006.090820345799   -3006.101000215002   -3006.112831453038
    27.000    270.000    -0.000000    -0.045399     0.089101   -3006.088672175794   -3006.100984166190   -3006.112720430107
    27.000    288.000     0.014029    -0.043177     0.089101   -3006.086805485128   -3006.101461927917   -3006.112811072325
    27.000    306.000     0.026685    -0.036729     0.089101   -3006.085402475535   -3006.102437984231   -3006.112737548590
    27.000    324.000     0.036729    -0.026685     0.089101   -3006.084505596263   -3006.103588399496   -3006.112098373879
    27.000    342.000     0.043177    -0.014029     0.089101   -3006.084047670505   -3006.104361898570   -3006.110650336027
    27.000    360.000     0.045399    -0.000000     0.089101   -3006.083927922993   -3006.104195083206   -3006.108436812232
    36.000      0.000     0.058779     0.000000     0.080902   -3006.078840402912   -3006.102383884775   -3006.105058726695
    36.000     18.000     0.055902     0.018164     0.080902   -3006.078962592402   -3006.100793668959   -3006.101346013911
    36.000     36.000     0.047553     0.034549     0.080902   -3006.079345209537   -3006.097293187040   -3006.097698056059
    36.000     54.000     0.034549     0.047553     0.080902   -3006.080192708910   -3006.092732675540   -3006.095131942698
    36.000     72.000     0.018164     0.055902     0.080902   -3006.081680646149   -3006.088355179498   -3006.094443217132
    36.000     90.000     0.000000     0.058779     0.080902   -3006.083822633395   -3006.085330057365   -3006.095927723348
    36.000    108.000    -0.018164     0.055902     0.080902   -3006.086406882580   -3006.084379127532   -3006.099249757179
    36.000    126.000    -0.034549     0.047553     0.080902   -3006.089050549622   -3006.085621248643   -3006.103528606083
    36.000    144.000    -0.047553     0.034549     0.080902   -3006.091336185997   -3006.088584376047   -3006.107635479641
    36.000    162.000    -0.055902     0.018164     0.080902   -3006.092895737384   -3006.092322338946   -3006.110575992685
    36.000    180.000    -0.058779     0.000000     0.080902   -3006.093452109263   -3006.095698871766   -3006.111813534640
    36.000    198.000    -0.055902    -0.018164     0.080902   -3006.092894678355   -3006.097812840985   -3006.111440430132
    36.000    216.000    -0.047553    -0.034549     0.080902   -3006.091328852721   -3006.098347438965   -3006.110105275279
    36.000    234.000    -0.034549    -0.047553     0.080902   -3006.089030489492   -3006.097649974313   -3006.108698038250
    36.000    252.000    -0.018164    -0.055902     0.080902   -3006.086366760801   -3006.096537081098   -3006.107947508799
    36.000    270.000    -0.000000    -0.058779     0.080902   -3006.083753519098   -3006.095914230938   -3006.108112685903
    36.000    288.000     0.018164    -0.055902     0.080902   -3006.081580017893   -3006.096369812491   -3006.108893334071
    36.000    306.000     0.034549    -0.047553     0.080902   -3006.080073807646   -3006.097947940872   -3006.109590675015
    36.000    324.000     0.047553    -0.034549     0.080902   -3006.079236043522   -3006.100125610800   -3006.109435185030
    36.000    342.000     0.055902    -0.018164     0.080902   -3006.078896377486   -3006.101949612965   -3006.107927969438
    36.000    360.000     0.058779    -0.000000     0.080902   -3006.078840402912   -3006.102383884776   -3006.105058726692
    45.000      0.000     0.070711     0.000000     0.070711   -3006.074018577804   -3006.100100982030   -3006.101770740991
    45.000     18.000     0.067250     0.021851     0.070711   -3006.074055579917   -3006.098560410312   -3006.097003255830
    45.000     36.000     0.057206     0.041563     0.070711   -3006.074221860878   -3006.094215941792   -3006.092134640021
    45.000     54.000     0.041563     0.057206     0.070711   -3006.074850664442   -3006.088259461505   -3006.088618730116
    45.000     72.000     0.021851     0.067250     0.070711   -3006.076233894499   -3006.082472975754   -3006.087602867368
    45.000     90.000     0.000000     0.070711     0.070711   -3006.078447689265   -3006.078525417612   -3006.089521094514
    45.000    108.000    -0.021851     0.067250     0.070711   -3006.081260044234   -3006.077413378379   -3006.093893398515
    45.000    126.000    -0.041563     0.057206     0.070711   -3006.084205484444   -3006.079278310046   -3006.099455294276
    45.000    144.000    -0.057206     0.041563     0.070711   -3006.086796758553   -3006.083454280449   -3006.104614475485
    45.000    162.000    -0.067250     0.021851     0.070711   -3006.088601822229   -3006.088583771425   -3006.108006636997
    45.000    180.000    -0.070711     0.000000     0.070711   -3006.089258268088   -3006.092999233249   -3006.108935345528
    45.000    198.000    -0.067250    -0.021851     0.070711   -3006.088608532560   -3006.095389944011   -3006.107624228113
    45.000    216.000    -0.057206    -0.041563     0.070711   -3006.086800439194   -3006.095353954301   -3006.105112731962
    45.000    234.000    -0.041563    -0.057206     0.070711   -3006.084196627118   -3006.093494088845   -3006.102771507814
    45.000    252.000    -0.021851    -0.067250     0.070711   -3006.081230154837   -3006.091113223236   -3006.101702708183
    45.000    270.000    -0.000000    -0.070711     0.070711   -3006.078382939408   -3006.089634493835   -3006.102282793811
    45.000    288.000     0.021851    -0.067250     0.070711   -3006.076126237703   -3006.089963534989   -3006.104025658123
    45.000    306.000     0.041563    -0.057206     0.070711   -3006.074713933380   -3006.092190101519   -3006.105829345581
    45.000    324.000     0.057206    -0.041563     0.070711   -3006.074090345490   -3006.095589367303   -3006.106478744502
    45.000    342.000     0.067250    -0.021851     0.070711   -3006.073973331684   -3006.098760976647   -3006.105158410490
    45.000    360.000     0.070711    -0.000000     0.070711   -3006.074018577805   -3006.100100982031   -3006.101770740991
    54.000      0.000     0.080902     0.000000     0.058779   -3006.069921951314   -3006.097558920336   -3006.098913057726
    54.000     18.000     0.076942     0.025000     0.058779   -3006.069845641093   -3006.096291788857   -3006.093216030668
    54.000     36.000     0.065451     0.047553     0.058779   -3006.069719979680   -3006.091301343662   -3006.087197341353
    54.000     54.000     0.047553     0.065451     0.058779   -3006.070006382853   -3006.084102723681   -3006.082761304822
    54.000     72.000     0.025000     0.076942     0.058779   -3006.071100010179   -3006.077017954948   -3006.081416546832
    54.000     90.000     0.000000     0.080902     0.058779   -3006.073146368831   -3006.072232009291   -3006.083734765248
    54.000    108.000    -0.025000     0.076942     0.058779   -3006.075925762384   -3006.071013548257   -3006.089076363004
    54.000    126.000    -0.047553     0.065451     0.058779   -3006.078927861437   -3006.073519802017   -3006.095774864020
    54.000    144.000    -0.065451     0.047553     0.058779   -3006.081636419638   -3006.078903916025   -3006.101781529203
    54.000    162.000    -0.076942     0.025000     0.058779   -3006.083579174095   -3006.085393184829   -3006.105392971603
    54.000    180.000    -0.080902     0.000000     0.058779   -3006.084303426279   -3006.090755034254   -3006.105778550637
    54.000    198.000    -0.076942    -0.025000     0.058779   -3006.083596650225   -3006.093248280889   -3006.103319489971
    54.000    216.000    -0.065451    -0.047553     0.058779   -3006.081654942909   -3006.092408245383   -3006.099475378208
    54.000    234.000    -0.047553    -0.065451     0.058779   -3006.078933489740   -3006.089133492800   -3006.096115948568
    54.000    252.000    -0.025000    -0.076942     0.058779   -3006.075909909180   -3006.085259274788   -3006.094729510423
    54.000    270.000    -0.000000    -0.080902     0.058779   -3006.073091806050   -3006.082768632405   -3006.095816569996
    54.000    288.000     0.025000    -0.076942     0.058779   -3006.070993965407   -3006.082885184411   -3006.098693667337
    54.000    306.000     0.047553    -0.065451     0.058779   -3006.069862733438   -3006.085737803374   -3006.101828223369
    54.000    324.000     0.065451    -0.047553     0.058779   -3006.069575715887   -3006.090422754513   -3006.103528772792
    54.000    342.000     0.076942    -0.025000     0.058779   -3006.069752561978   -3006.095098769823   -3006.102630352923
    54.000    360.000     0.080902    -0.000000     0.058779   -3006.069921951313   -3006.097558920336   -3006.098913057726
    63.000      0.000     0.089101     0.000000     0.045399   -3006.066944993463   -3006.094978734257   -3006.096760295026
    63.000     18.000     0.084740     0.027534     0.045399   -3006.066740339664   -3006.094176758098   -3006.090352981030
    63.000     36.000     0.072084     0.052372     0.045399   -3006.066279726180   -3006.088815007720   -3006.083367944805
    63.000     54.000     0.052372     0.072084     0.045399   -3006.066135536530   -3006.080667597056   -3006.078132155355
    63.000     72.000     0.027534     0.084740     0.045399   -3006.066778187516   -3006.072531802369   -3006.076490413481
    63.000     90.000     0.000000     0.089101     0.045399   -3006.068423801989   -3006.067075407758   -3006.079135384779
    63.000    108.000    -0.027534     0.084740     0.045399   -3006.070908366039   -3006.065814442161   -3006.085264689208
    63.000    126.000    -0.052372     0.072084     0.045399   -3006.073727739617   -3006.068915311834   -3006.092832275875
    63.000    144.000    -0.072084     0.052372     0.045399   -3006.076370380886   -3006.075380082898   -3006.099390508925
    63.000    162.000    -0.084740     0.027534     0.045399   -3006.078340760711   -3006.083055625291   -3006.102965597594
    63.000    180.000    -0.089101     0.000000     0.045399   -3006.079097473725   -3006.089167585439   -3006.102634976400
    63.000    198.000    -0.084740    -0.027534     0.045399   -3006.078371594242   -3006.091571191464   -3006.098947451379
    63.000    216.000    -0.072084    -0.052372     0.045399   -3006.076407349566   -3006.089773055119   -3006.093764085932
    63.000    234.000    -0.052372    -0.072084     0.045399   -3006.073750848699   -3006.084981271868   -3006.089414086109
    63.000    252.000    -0.027534    -0.084740     0.045399   -3006.070908675357   -3006.079554125186   -3006.087741762693
    63.000    270.000    -0.000000    -0.089101     0.045399   -3006.068382390607   -3006.076012648905   -3006.089367378733
    63.000    288.000     0.027534    -0.084740     0.045399   -3006.066680322612   -3006.075860889047   -3006.093423643365
    63.000    306.000     0.052372    -0.072084     0.045399   -3006.065995535896   -3006.079253724772   -3006.097968294666
    63.000    324.000     0.072084    -0.052372     0.045399   -3006.066133362280   -3006.085148040369   -3006.100857293157
    63.000    342.000     0.084740    -0.027534     0.045399   -3006.066642851686   -3006.091314805257   -3006.100579148451
    63.000    360.000     0.089101    -0.000000     0.045399   -3006.066944993460   -3006.094978734258   -3006.096760295026
    72.000      0.000     0.095106     0.000000     0.030902   -3006.065379015689   -3006.092580092174   -3006.095497183809
    72.000     18.000     0.090451     0.029389     0.030902   -3006.065043076681   -3006.092375712853   -3006.088681629165
    72.000     36.000     0.076942     0.055902     0.030902   -3006.064233418567   -3006.086961352052   -3006.081020438619
    72.000     54.000     0.055902     0.076942     0.030902   -3006.063604077014   -3006.078271325050   -3006.075190813211
    72.000     72.000     0.029389     0.090451     0.030902   -3006.063669517124   -3006.069453795528   -3006.073313264093
    72.000     90.000     0.000000     0.095106     0.030902   -3006.064713690932   -3006.063570877244   -3006.076170624765
    72.000    108.000    -0.029389     0.090451     0.030902   -3006.066672400871   -3006.062338493348   -3006.082812737222
    72.000    126.000    -0.055902     0.076942     0.030902   -3006.069102400569   -3006.065927401647   -3006.090882872230
    72.000    144.000    -0.076942     0.055902     0.030902   -3006.071518108604   -3006.073228557024   -3006.097636632696
    72.000    162.000    -0.090451     0.029389     0.030902   -3006.073411595380   -3006.081779577781   -3006.100923227061
    72.000    180.000    -0.095106     0.000000     0.030902   -3006.074164313796   -3006.088351984066   -3006.099783091063
    72.000    198.000    -0.090451    -0.029389     0.030902   -3006.073457453110   -3006.090475800105   -3006.094925549724
    72.000    216.000    -0.076942    -0.055902     0.030902   -3006.071576322935   -3006.087665828587   -3006.088547384042
    72.000    234.000    -0.055902    -0.076942     0.030902   -3006.069145682380   -3006.081422483102   -3006.083344602641
    72.000    252.000    -0.029389    -0.090451     0.030902   -3006.066690057050   -3006.074560249223   -3006.081446911123
    72.000    270.000    -0.000000    -0.095106     0.030902   -3006.064686300486   -3006.070048929492   -3006.083577931816
    72.000    288.000     0.029389    -0.090451     0.030902   -3006.063584196017   -3006.069607699870   -3006.088724828934
    72.000    306.000     0.055902    -0.076942     0.030902   -3006.063476345355   -3006.073404755888   -3006.094603486224
    72.000    324.000     0.076942    -0.055902     0.030902   -3006.064094715622   -3006.080302308138   -3006.098691050178
    72.000    342.000     0.090451    -0.029389     0.030902   -3006.064947683842   -3006.087774211318   -3006.099170652160
    72.000    360.000     0.095106    -0.000000     0.030902   -3006.065379015690   -3006.092580092174   -3006.095497183812
    81.000      0.000     0.098769     0.000000     0.015643   -3006.065382882239   -3006.090566388059   -3006.095210701674
    81.000     18.000     0.093935     0.030521     0.015643   -3006.064922984665   -3006.091020411583   -3006.088346922458
    81.000     36.000     0.079906     0.058055     0.015643   -3006.063774909634   -3006.085878484393   -3006.080384341600
    81.000     54.000     0.058055     0.079906     0.015643   -3006.062638401060   -3006.077120152533   -3006.074236039320
    81.000     72.000     0.030521     0.093935     0.015643   -3006.062047221226   -3006.068078371530   -3006.072205956524
    81.000     90.000     0.000000     0.098769     0.015643   -3006.062346918829   -3006.062069094273   -3006.075126547285
    81.000    108.000    -0.030521     0.093935     0.015643   -3006.063605571698   -3006.060939812432   -3006.081936640543
    81.000    126.000    -0.058055     0.079906     0.015643   -3006.065488595906   -3006.064863169807   -3006.090080979346
    81.000    144.000    -0.079906     0.058055     0.015643   -3006.067549143209   -3006.072662223856   -3006.096651797752
    81.000    162.000    -0.093935     0.030521     0.015643   -3006.069273685706   -3006.081666909856   -3006.099426150331
    81.000    180.000    -0.098769     0.000000     0.015643   -3006.069987460773   -3006.088343351908   -3006.097469419426
    81.000    198.000    -0.093935    -0.030521     0.015643   -3006.069334992379   -3006.090019969099   -3006.091629471296
    81.000    216.000    -0.079906    -0.058055     0.015643   -3006.067630067286   -3006.086251453690   -3006.084333093179
    81.000    234.000    -0.058055    -0.079906     0.015643   -3006.065553941981   -3006.078781983073   -3006.078508841428
    81.000    252.000    -0.030521    -0.093935     0.015643   -3006.063641094255   -3006.070764061919   -3006.076468717321
    81.000    270.000    -0.000000    -0.098769     0.015643   -3006.062333383672   -3006.065469817177   -3006.079011841754
    81.000    288.000     0.030521    -0.093935     0.015643   -3006.061977134603   -3006.064751619315   -3006.085038871059
    81.000    306.000     0.058055    -0.079906     0.015643   -3006.062528878927   -3006.068782430616   -3006.092032534860
    81.000    324.000     0.079906    -0.058055     0.015643   -3006.063651428601   -3006.076372177491   -3006.097202305959
    81.000    342.000     0.093935    -0.030521     0.015643   -3006.064835316485   -3006.084814663865   -3006.098498990494
    81.000    360.000     0.098769    -0.000000     0.015643   -3006.065382882240   -3006.090566388057   -3006.095210701674
    90.000      0.000     0.100000     0.000000     0.000000   -3006.066966300278   -3006.089110098962   -3006.095895929407
    90.000     18.000     0.095106     0.030902     0.000000   -3006.066398379706   -3006.090212321122   -3006.089364985604
    90.000     36.000     0.080902     0.058779     0.000000   -3006.064944726418   -3006.085638740973   -3006.081523754561
    90.000     54.000     0.058779     0.080902     0.000000   -3006.063313341467   -3006.077300736855   -3006.075374504534
    90.000     72.000     0.030902     0.095106     0.000000   -3006.062042354974   -3006.068531393824   -3006.073288712858
    90.000     90.000     0.000000     0.100000     0.000000   -3006.061530128800   -3006.062721881775   -3006.076103783857
    90.000    108.000    -0.030902     0.095106     0.000000   -3006.061989121662   -3006.061767616779   -3006.082704556984
    90.000    126.000    -0.058779     0.080902     0.000000   -3006.063225342280   -3006.065842139047   -3006.090479196523
    90.000    144.000    -0.080902     0.058779     0.000000   -3006.064841345205   -3006.073742328149   -3006.096504689225
    90.000    162.000    -0.095106     0.030902     0.000000   -3006.066322616347   -3006.082713395451   -3006.098593100459
    90.000    180.000    -0.100000     0.000000     0.000000   -3006.066966300278   -3006.089110098965   -3006.095895929408
    90.000    198.000    -0.095106    -0.030902     0.000000   -3006.066398379707   -3006.090212321124   -3006.089364985602
    90.000    216.000    -0.080902    -0.058779     0.000000   -3006.064944726419   -3006.085638740974   -3006.081523754562
    90.000    234.000    -0.058779    -0.080902     0.000000   -3006.063313341469   -3006.077300736854   -3006.075374504534
    90.000    252.000    -0.030902    -0.095106     0.000000   -3006.062042354975   -3006.068531393824   -3006.073288712856
    90.000    270.000    -0.000000    -0.100000     0.000000   -3006.061530128800   -3006.062721881774   -3006.076103783859
    90.000    288.000     0.030902    -0.095106     0.000000   -3006.061989121659   -3006.061767616780   -3006.082704556985
    90.000    306.000     0.058779    -0.080902     0.000000   -3006.063225342279   -3006.065842139046   -3006.090479196522
    90.000    324.000     0.080902    -0.058779     0.000000   -3006.064841345204   -3006.073742328150   -3006.096504689223
    90.000    342.000     0.095106    -0.030902     0.000000   -3006.066322616346   -3006.082713395451   -3006.098593100458
    90.000    360.000     0.100000    -0.000000     0.000000   -3006.066966300278   -3006.089110098963   -3006.095895929408
    99.000      0.000     0.098769     0.000000    -0.015643   -3006.069987460774   -3006.088343351906   -3006.097469419427
    99.000     18.000     0.093935     0.030521    -0.015643   -3006.069334992378   -3006.090019969099   -3006.091629471295
    99.000     36.000     0.079906     0.058055    -0.015643   -3006.067630067287   -3006.086251453688   -3006.084333093178
    99.000     54.000     0.058055     0.079906    -0.015643   -3006.065553941982   -3006.078781983073   -3006.078508841430
    99.000     72.000     0.030521     0.093935    -0.015643   -3006.063641094255   -3006.070764061920   -3006.076468717321
    99.000     90.000     0.000000     0.098769    -0.015643   -3006.062333383672   -3006.065469817176   -3006.079011841754
    99.000    108.000    -0.030521     0.093935    -0.015643   -3006.061977134602   -3006.064751619313   -3006.085038871061
    99.000    126.000    -0.058055     0.079906    -0.015643   -3006.062528878927   -3006.068782430616   -3006.092032534856
    99.000    144.000    -0.079906     0.058055    -0.015643   -3006.063651428602   -3006.076372177491   -3006.097202305961
    99.000    162.000    -0.093935     0.030521    -0.015643   -3006.064835316487   -3006.084814663866   -3006.098498990495
    99.000    180.000    -0.098769     0.000000    -0.015643   -3006.065382882240   -3006.090566388057   -3006.095210701676
    99.000    198.000    -0.093935    -0.030521    -0.015643   -3006.064922984663   -3006.091020411580   -3006.088346922459
    99.000    216.000    -0.079906    -0.058055    -0.015643   -3006.063774909636   -3006.085878484393   -3006.080384341598
    99.000    234.000    -0.058055    -0.079906    -0.015643   -3006.062638401061   -3006.077120152537   -3006.074236039321
    99.000    252.000    -0.030521    -0.093935    -0.015643   -3006.062047221225   -3006.068078371530   -3006.072205956527
    99.000    270.000    -0.000000    -0.098769    -0.015643   -3006.062346918829   -3006.062069094272   -3006.075126547281
    99.000    288.000     0.030521    -0.093935    -0.015643   -3006.063605571696   -3006.060939812430   -3006.081936640544
    99.000    306.000     0.058055    -0.079906    -0.015643   -3006.065488595907   -3006.064863169807   -3006.090080979346
    99.000    324.000     0.079906    -0.058055    -0.015643   -3006.067549143206   -3006.072662223858   -3006.096651797751
    99.000    342.000     0.093935    -0.030521    -0.015643   -3006.069273685706   -3006.081666909856   -3006.099426150331
    99.000    360.000     0.098769    -0.000000    -0.015643   -3006.069987460771   -3006.088343351905   -3006.097469419426
   108.000      0.000     0.095106     0.000000    -0.030902   -3006.074164313794   -3006.088351984067   -3006.099783091063
   108.000     18.000     0.090451     0.029389    -0.030902   -3006.073457453112   -3006.090475800105   -3006.094925549727
   108.000     36.000     0.076942     0.055902    -0.030902   -3006.071576322935   -3006.087665828587   -3006.088547384040
   108.000     54.000     0.055902     0.076942    -0.030902   -3006.069145682381   -3006.081422483100   -3006.083344602639
   108.000     72.000     0.029389     0.090451    -0.030902   -3006.066690057053   -3006.074560249225   -3006.081446911121
   108.000     90.000     0.000000     0.095106    -0.030902   -3006.064686300484   -3006.070048929494   -3006.083577931818
   108.000    108.000    -0.029389     0.090451    -0.030902   -3006.063584196017   -3006.069607699870   -3006.088724828935
   108.000    126.000    -0.055902     0.076942    -0.030902   -3006.063476345353   -3006.073404755888   -3006.094603486221
   108.000    144.000    -0.076942     0.055902    -0.030902   -3006.064094715623   -3006.080302308138   -3006.098691050177
   108.000    162.000    -0.090451     0.029389    -0.030902   -3006.064947683840   -3006.087774211317   -3006.099170652160
   108.000    180.000    -0.095106     0.000000    -0.030902   -3006.065379015689   -3006.092580092173   -3006.095497183810
   108.000    198.000    -0.090451    -0.029389    -0.030902   -3006.065043076680   -3006.092375712857   -3006.088681629167
   108.000    216.000    -0.076942    -0.055902    -0.030902   -3006.064233418566   -3006.086961352051   -3006.081020438620
   108.000    234.000    -0.055902    -0.076942    -0.030902   -3006.063604077015   -3006.078271325047   -3006.075190813214
   108.000    252.000    -0.029389    -0.090451    -0.030902   -3006.063669517127   -3006.069453795529   -3006.073313264090
   108.000    270.000    -0.000000    -0.095106    -0.030902   -3006.064713690931   -3006.063570877243   -3006.076170624764
   108.000    288.000     0.029389    -0.090451    -0.030902   -3006.066672400871   -3006.062338493348   -3006.082812737224
   108.000    306.000     0.055902    -0.076942    -0.030902   -3006.069102400569   -3006.065927401645   -3006.090882872230
   108.000    324.000     0.076942    -0.055902    -0.030902   -3006.071518108602   -3006.073228557025   -3006.097636632694
   108.000    342.000     0.090451    -0.029389    -0.030902   -3006.073411595381   -3006.081779577784   -3006.100923227059
   108.000    360.000     0.095106    -0.000000    -0.030902   -3006.074164313796   -3006.088351984067   -3006.099783091064
   117.000      0.000     0.089101     0.000000    -0.045399   -3006.079097473723   -3006.089167585441   -3006.102634976401
   117.000     18.000     0.084740     0.027534    -0.045399   -3006.078371594240   -3006.091571191464   -3006.098947451378
   117.000     36.000     0.072084     0.052372    -0.045399   -3006.076407349567   -3006.089773055119   -3006.093764085933
   117.000     54.000     0.052372     0.072084    -0.045399   -3006.073750848701   -3006.084981271871   -3006.089414086110
   117.000     72.000     0.027534     0.084740    -0.045399   -3006.070908675355   -3006.079554125187   -3006.087741762693
   117.000     90.000     0.000000     0.089101    -0.045399   -3006.068382390606   -3006.076012648905   -3006.089367378732
   117.000    108.000    -0.027534     0.084740    -0.045399   -3006.066680322615   -3006.075860889046   -3006.093423643364
   117.000    126.000    -0.052372     0.072084    -0.045399   -3006.065995535897   -3006.079253724771   -3006.097968294666
   117.000    144.000    -0.072084     0.052372    -0.045399   -3006.066133362280   -3006.085148040368   -3006.100857293159
   117.000    162.000    -0.084740     0.027534    -0.045399   -3006.066642851685   -3006.091314805257   -3006.100579148452
   117.000    180.000    -0.089101     0.000000    -0.045399   -3006.066944993462   -3006.094978734259   -3006.096760295027
   117.000    198.000    -0.084740    -0.027534    -0.045399   -3006.066740339666   -3006.094176758096   -3006.090352981033
   117.000    216.000    -0.072084    -0.052372    -0.045399   -3006.066279726182   -3006.088815007718   -3006.083367944804
   117.000    234.000    -0.052372    -0.072084    -0.045399   -3006.066135536531   -3006.080667597055   -3006.078132155353
   117.000    252.000    -0.027534    -0.084740    -0.045399   -3006.066778187517   -3006.072531802368   -3006.076490413481
   117.000    270.000    -0.000000    -0.089101    -0.045399   -3006.068423801991   -3006.067075407758   -3006.079135384781
   117.000    288.000     0.027534    -0.084740    -0.045399   -3006.070908366040   -3006.065814442160   -3006.085264689208
   117.000    306.000     0.052372    -0.072084    -0.045399   -3006.073727739617   -3006.068915311833   -3006.092832275875
   117.000    324.000     0.072084    -0.052372    -0.045399   -3006.076370380883   -3006.075380082897   -3006.099390508924
   117.000    342.000     0.084740    -0.027534    -0.045399   -3006.078340760713   -3006.083055625289   -3006.102965597594
   117.000    360.000     0.089101    -0.000000    -0.045399   -3006.079097473726   -3006.089167585440   -3006.102634976400
   126.000      0.000     0.080902     0.000000    -0.058779   -3006.084303426278   -3006.090755034253   -3006.105778550636
   126.000     18.000     0.076942     0.025000    -0.058779   -3006.083596650225   -3006.093248280886   -3006.103319489969
   126.000     36.000     0.065451     0.047553    -0.058779   -3006.081654942907   -3006.092408245382   -3006.099475378208
   126.000     54.000     0.047553     0.065451    -0.058779   -3006.078933489740   -3006.089133492802   -3006.096115948568
   126.000     72.000     0.025000     0.076942    -0.058779   -3006.075909909179   -3006.085259274789   -3006.094729510424
   126.000     90.000     0.000000     0.080902    -0.058779   -3006.073091806051   -3006.082768632405   -3006.095816569994
   126.000    108.000    -0.025000     0.076942    -0.058779   -3006.070993965406   -3006.082885184413   -3006.098693667337
   126.000    126.000    -0.047553     0.065451    -0.058779   -3006.069862733438   -3006.085737803374   -3006.101828223370
   126.000    144.000    -0.065451     0.047553    -0.058779   -3006.069575715889   -3006.090422754512   -3006.103528772792
   126.000    162.000    -0.076942     0.025000    -0.058779   -3006.069752561979   -3006.095098769823   -3006.102630352923
   126.000    180.000    -0.080902     0.000000    -0.058779   -3006.069921951315   -3006.097558920336   -3006.098913057726
   126.000    198.000    -0.076942    -0.025000    -0.058779   -3006.069845641091   -3006.096291788858   -3006.093216030667
   126.000    216.000    -0.065451    -0.047553    -0.058779   -3006.069719979681   -3006.091301343663   -3006.087197341354
   126.000    234.000    -0.047553    -0.065451    -0.058779   -3006.070006382852   -3006.084102723682   -3006.082761304824
   126.000    252.000    -0.025000    -0.076942    -0.058779   -3006.071100010179   -3006.077017954948   -3006.081416546833
   126.000    270.000    -0.000000    -0.080902    -0.058779   -3006.073146368831   -3006.072232009294   -3006.083734765248
   126.000    288.000     0.025000    -0.076942    -0.058779   -3006.075925762382   -3006.071013548257   -3006.089076363003
   126.000    306.000     0.047553    -0.065451    -0.058779   -3006.078927861438   -3006.073519802018   -3006.095774864018
   126.000    324.000     0.065451    -0.047553    -0.058779   -3006.081636419637   -3006.078903916026   -3006.101781529205
   126.000    342.000     0.076942    -0.025000    -0.058779   -3006.083579174096   -3006.085393184828   -3006.105392971602
   126.000    360.000     0.080902    -0.000000    -0.058779   -3006.084303426278   -3006.090755034254   -3006.105778550638
   135.000      0.000     0.070711     0.000000    -0.070711   -3006.089258268088   -3006.092999233247   -3006.108935345528
   135.000     18.000     0.067250     0.021851    -0.070711   -3006.088608532561   -3006.095389944007   -3006.107624228113
   135.000     36.000     0.057206     0.041563    -0.070711   -3006.086800439195   -3006.095353954301   -3006.105112731963
   135.000     54.000     0.041563     0.057206    -0.070711   -3006.084196627120   -3006.093494088843   -3006.102771507813
   135.000     72.000     0.021851     0.067250    -0.070711   -3006.081230154837   -3006.091113223238   -3006.101702708181
   135.000     90.000     0.000000     0.070711    -0.070711   -3006.078382939409   -3006.089634493834   -3006.102282793812
   135.000    108.000    -0.021851     0.067250    -0.070711   -3006.076126237702   -3006.089963534990   -3006.104025658125
   135.000    126.000    -0.041563     0.057206    -0.070711   -3006.074713933380   -3006.092190101519   -3006.105829345579
   135.000    144.000    -0.057206     0.041563    -0.070711   -3006.074090345491   -3006.095589367306   -3006.106478744505
   135.000    162.000    -0.067250     0.021851    -0.070711   -3006.073973331684   -3006.098760976646   -3006.105158410490
   135.000    180.000    -0.070711     0.000000    -0.070711   -3006.074018577803   -3006.100100982030   -3006.101770740990
   135.000    198.000    -0.067250    -0.021851    -0.070711   -3006.074055579917   -3006.098560410311   -3006.097003255830
   135.000    216.000    -0.057206    -0.041563    -0.070711   -3006.074221860879   -3006.094215941790   -3006.092134640020
   135.000    234.000    -0.041563    -0.057206    -0.070711   -3006.074850664443   -3006.088259461506   -3006.088618730113
   135.000    252.000    -0.021851    -0.067250    -0.070711   -3006.076233894502   -3006.082472975751   -3006.087602867367
   135.000    270.000    -0.000000    -0.070711    -0.070711   -3006.078447689263   -3006.078525417610   -3006.089521094516
   135.000    288.000     0.021851    -0.067250    -0.070711   -3006.081260044236   -3006.077413378381   -3006.093893398517
   135.000    306.000     0.041563    -0.057206    -0.070711   -3006.084205484447   -3006.079278310046   -3006.099455294277
   135.000    324.000     0.057206    -0.041563    -0.070711   -3006.086796758550   -3006.083454280453   -3006.104614475486
   135.000    342.000     0.067250    -0.021851    -0.070711   -3006.088601822229   -3006.088583771423   -3006.108006636996
   135.000    360.000     0.070711    -0.000000    -0.070711   -3006.089258268087   -3006.092999233248   -3006.108935345529
   144.000      0.000     0.058779     0.000000    -0.080902   -3006.093452109264   -3006.095698871768   -3006.111813534639
   144.000     18.000     0.055902     0.018164    -0.080902   -3006.092894678355   -3006.097812840987   -3006.111440430131
   144.000     36.000     0.047553     0.034549    -0.080902   -3006.091328852719   -3006.098347438966   -3006.110105275280
   144.000     54.000     0.034549     0.047553    -0.080902   -3006.089030489491   -3006.097649974312   -3006.108698038250
   144.000     72.000     0.018164     0.055902    -0.080902   -3006.086366760802   -3006.096537081098   -3006.107947508802
   144.000     90.000     0.000000     0.058779    -0.080902   -3006.083753519097   -3006.095914230939   -3006.108112685904
   144.000    108.000    -0.018164     0.055902    -0.080902   -3006.081580017893   -3006.096369812490   -3006.108893334071
   144.000    126.000    -0.034549     0.047553    -0.080902   -3006.080073807647   -3006.097947940871   -3006.109590675016
   144.000    144.000    -0.047553     0.034549    -0.080902   -3006.079236043523   -3006.100125610801   -3006.109435185030
   144.000    162.000    -0.055902     0.018164    -0.080902   -3006.078896377487   -3006.101949612966   -3006.107927969435
   144.000    180.000    -0.058779     0.000000    -0.080902   -3006.078840402913   -3006.102383884775   -3006.105058726695
   144.000    198.000    -0.055902    -0.018164    -0.080902   -3006.078962592400   -3006.100793668961   -3006.101346013912
   144.000    216.000    -0.047553    -0.034549    -0.080902   -3006.079345209535   -3006.097293187041   -3006.097698056061
   144.000    234.000    -0.034549    -0.047553    -0.080902   -3006.080192708911   -3006.092732675542   -3006.095131942702
   144.000    252.000    -0.018164    -0.055902    -0.080902   -3006.081680646145   -3006.088355179497   -3006.094443217133
   144.000    270.000    -0.000000    -0.058779    -0.080902   -3006.083822633398   -3006.085330057364   -3006.095927723345
   144.000    288.000     0.018164    -0.055902    -0.080902   -3006.086406882579   -3006.084379127532   -3006.099249757180
   144.000    306.000     0.034549    -0.047553    -0.080902   -3006.089050549622   -3006.085621248641   -3006.103528606085
   144.000    324.000     0.047553    -0.034549    -0.080902   -3006.091336185998   -3006.088584376049   -3006.107635479642
   144.000    342.000     0.055902    -0.018164    -0.080902   -3006.092895737381   -3006.092322338946   -3006.110575992685
   144.000    360.000     0.058779    -0.000000    -0.080902   -3006.093452109265   -3006.095698871765   -3006.111813534640
   153.000      0.000     0.045399     0.000000    -0.089101   -3006.096450313796   -3006.098575126263   -3006.114131293868
   153.000     18.000     0.043177     0.014029    -0.089101   -3006.096015575242   -3006.100270886659   -3006.114387299961
   153.000     36.000     0.036729     0.026685    -0.089101   -3006.094788183440   -3006.101094440518   -3006.113947024782
   153.000     54.000     0.026685     0.036729    -0.089101   -3006.092963779314   -3006.101196995255   -3006.113292441360
   153.000     72.000     0.014029     0.043177    -0.089101   -3006.090820345801   -3006.101000215001   -3006.112831453036
   153.000     90.000     0.000000     0.045399    -0.089101   -3006.088672175797   -3006.100984166190   -3006.112720430107
   153.000    108.000    -0.014029     0.043177    -0.089101   -3006.086805485128   -3006.101461927917   -3006.112811072325
   153.000    126.000    -0.026685     0.036729    -0.089101   -3006.085402475534   -3006.102437984232   -3006.112737548589
   153.000    144.000    -0.036729     0.026685    -0.089101   -3006.084505596262   -3006.103588399495   -3006.112098373878
   153.000    162.000    -0.043177     0.014029    -0.089101   -3006.084047670503   -3006.104361898570   -3006.110650336028
   153.000    180.000    -0.045399     0.000000    -0.089101   -3006.083927922992   -3006.104195083205   -3006.108436812231
   153.000    198.000    -0.043177    -0.014029    -0.089101   -3006.084094886824   -3006.102775920075   -3006.105810367681
   153.000    216.000    -0.036729    -0.026685    -0.089101   -3006.084585873174   -3006.100221719729   -3006.103346343598
   153.000    234.000    -0.026685    -0.036729    -0.089101   -3006.085494429297   -3006.097067810499   -3006.101673767004
   153.000    252.000    -0.014029    -0.043177    -0.089101   -3006.086889556181   -3006.094077649178   -3006.101276315068
   153.000    270.000    -0.000000    -0.045399    -0.089101   -3006.088737112691   -3006.091977285526   -3006.102326647457
   153.000    288.000     0.014029    -0.043177    -0.089101   -3006.090864403605   -3006.091231630187   -3006.104611925367
   153.000    306.000     0.026685    -0.036729    -0.089101   -3006.092990684435   -3006.091931468915   -3006.107586904985
   153.000    324.000     0.036729    -0.026685    -0.089101   -3006.094802589904   -3006.093790044622   -3006.110545879928
   153.000    342.000     0.043177    -0.014029    -0.089101   -3006.096021478190   -3006.096231821828   -3006.112850751288
   153.000    360.000     0.045399    -0.000000    -0.089101   -3006.096450313797   -3006.098575126263   -3006.114131293868
   162.000      0.000     0.030902     0.000000    -0.095106   -3006.097950829881   -3006.101300411622   -3006.115642933802
   162.000     18.000     0.029389     0.009549    -0.095106   -3006.097660630097   -3006.102476613895   -3006.116166341222
   162.000     36.000     0.025000     0.018164    -0.095106   -3006.096840148922   -3006.103293595678   -3006.116258698568
   162.000     54.000     0.018164     0.025000    -0.095106   -3006.095608767572   -3006.103777142248   -3006.116107057705
   162.000     72.000     0.009549     0.029389    -0.095106   -3006.094140279566   -3006.104074417218   -3006.115881315316
   162.000     90.000     0.000000     0.030902    -0.095106   -3006.092630646192   -3006.104364193970   -3006.115656276782
   162.000    108.000    -0.009549     0.029389    -0.095106   -3006.091259529075   -3006.104759475859   -3006.115385935374
   162.000    126.000    -0.018164     0.025000    -0.095106   -3006.090155152582   -3006.105242835065   -3006.114938002435
   162.000    144.000    -0.025000     0.018164    -0.095106   -3006.089378294810   -3006.105658514143   -3006.114170493178
   162.000    162.000    -0.029389     0.009549    -0.095106   -3006.088933368817   -3006.105765700206   -3006.113015950374
   162.000    180.000    -0.030902     0.000000    -0.095106   -3006.088799188950   -3006.105338703003   -3006.111538699756
   162.000    198.000    -0.029389    -0.009549    -0.095106   -3006.088961465528   -3006.104277056159   -3006.109943630168
   162.000    216.000    -0.025000    -0.018164    -0.095106   -3006.089427650539   -3006.102674607882   -3006.108532853144
   162.000    234.000    -0.018164    -0.025000    -0.095106   -3006.090214885202   -3006.100811557788   -3006.107623311246
   162.000    252.000    -0.009549    -0.029389    -0.095106   -3006.091318715861   -3006.099072123365   -3006.107451072909
   162.000    270.000    -0.000000    -0.030902    -0.095106   -3006.092681539708   -3006.097825384485   -3006.108093458343
   162.000    288.000     0.009549    -0.029389    -0.095106   -3006.094179417772   -3006.097317160909   -3006.109436476540
   162.000    306.000     0.018164    -0.025000    -0.095106   -3006.095636001410   -3006.097606931758   -3006.111202105647
   162.000    324.000     0.025000    -0.018164    -0.095106   -3006.096856883406   -3006.098561527234   -3006.113029329746
   162.000    342.000     0.029389    -0.009549    -0.095106   -3006.097668481624   -3006.099903121372   -3006.114581674428
   162.000    360.000     0.030902    -0.000000    -0.095106   -3006.097950829883   -3006.101300411621   -3006.115642933803
   171.000      0.000     0.015643     0.000000    -0.098769   -3006.097821425205   -3006.103547377458   -3006.116167283930
   171.000     18.000     0.014878     0.004834    -0.098769   -3006.097682913834   -3006.104144368460   -3006.116593239768
   171.000     36.000     0.012656     0.009195    -0.098769   -3006.097291315611   -3006.104674982921   -3006.116827288707
   171.000     54.000     0.009195     0.012656    -0.098769   -3006.096696577095   -3006.105114491501   -3006.116895015196
   171.000     72.000     0.004834     0.014878    -0.098769   -3006.095972285222   -3006.105468909290   -3006.116828559234
   171.000     90.000     0.000000     0.015643    -0.098769   -3006.095203181614   -3006.105755696038   -3006.116648398704
   171.000    108.000    -0.004834     0.014878    -0.098769   -3006.094471553487   -3006.105981993418   -3006.116356244488
   171.000    126.000    -0.009195     0.012656    -0.098769   -3006.093845843928   -3006.106130239687   -3006.115941491656
   171.000    144.000    -0.012656     0.009195    -0.098769   -3006.093374440192   -3006.106157831868   -3006.115397614708
   171.000    162.000    -0.014878     0.004834    -0.098769   -3006.093085683371   -3006.106011866214   -3006.114740713820
   171.000    180.000    -0.015643     0.000000    -0.098769   -3006.092992411386   -3006.105653764768   -3006.114021638356
   171.000    198.000    -0.014878    -0.004834    -0.098769   -3006.093097359542   -3006.105083849735   -3006.113325682786
   171.000    216.000    -0.012656    -0.009195    -0.098769   -3006.093395719566   -3006.104354925736   -3006.112758485096
   171.000    234.000    -0.009195    -0.012656    -0.098769   -3006.093873211446   -3006.103567884946   -3006.112421740002
   171.000    252.000    -0.004834    -0.014878    -0.098769   -3006.094501028364   -3006.102849761763   -3006.112386106610
   171.000    270.000    -0.000000    -0.015643    -0.098769   -3006.095231231984   -3006.102321795379   -3006.112670102912
   171.000    288.000     0.004834    -0.014878    -0.098769   -3006.095996366924   -3006.102068517382   -3006.113232313650
   171.000    306.000     0.009195    -0.012656    -0.098769   -3006.096715214632   -3006.102117742639   -3006.113980161707
   171.000    324.000     0.012656    -0.009195    -0.098769   -3006.097303859629   -3006.102437069437   -3006.114792967354
   171.000    342.000     0.014878    -0.004834    -0.098769   -3006.097689188132   -3006.102947199439   -3006.115551955585
   171.000    360.000     0.015643    -0.000000    -0.098769   -3006.097821425209   -3006.103547377459   -3006.116167283929
   180.000      0.000     0.000000     0.000000    -0.100000   -3006.096104192367   -3006.105049625745   -3006.115616800001
   180.000     18.000     0.000000     0.000000    -0.100000   -3006.096104192365   -3006.105049625743   -3006.115616800001
   180.000     36.000     0.000000     0.000000    -0.100000   -3006.096104192365   -3006.105049625744   -3006.115616799999
   180.000     54.000     0.000000     0.000000    -0.100000   -3006.096104192364   -3006.105049625744   -3006.115616800000
   180.000     72.000     0.000000     0.000000    -0.100000   -3006.096104192366   -3006.105049625744   -3006.115616800002
   180.000     90.000     0.000000     0.000000    -0.100000   -3006.096104192367   -3006.105049625745   -3006.115616799999
   180.000    108.000    -0.000000     0.000000    -0.100000   -3006.096104192367   -3006.105049625744   -3006.115616800000
   180.000    126.000    -0.000000     0.000000    -0.100000   -3006.096104192369   -3006.105049625745   -3006.115616800002
   180.000    144.000    -0.000000     0.000000    -0.100000   -3006.096104192367   -3006.105049625745   -3006.115616799999
   180.000    162.000    -0.000000     0.000000    -0.100000   -3006.096104192367   -3006.105049625743   -3006.115616800001
   180.000    180.000    -0.000000     0.000000    -0.100000   -3006.096104192367   -3006.105049625744   -3006.115616800000
   180.000    198.000    -0.000000    -0.000000    -0.100000   -3006.096104192365   -3006.105049625745   -3006.115616799999
   180.000    216.000    -0.000000    -0.000000    -0.100000   -3006.096104192367   -3006.105049625745   -3006.115616800001
   180.000    234.000    -0.000000    -0.000000    -0.100000   -3006.096104192367   -3006.105049625745   -3006.115616800001
   180.000    252.000    -0.000000    -0.000000    -0.100000   -3006.096104192365   -3006.105049625744   -3006.115616800000
   180.000    270.000    -0.000000    -0.000000    -0.100000   -3006.096104192367   -3006.105049625744   -3006.115616800001
   180.000    288.000     0.000000    -0.000000    -0.100000   -3006.096104192365   -3006.105049625744   -3006.115616800000
   180.000    306.000     0.000000    -0.000000    -0.100000   -3006.096104192367   -3006.105049625744   -3006.115616800000
   180.000    324.000     0.000000    -0.000000    -0.100000   -3006.096104192368   -3006.105049625746   -3006.115616800001
   180.000    342.000     0.000000    -0.000000    -0.100000   -3006.096104192367   -3006.105049625744   -3006.115616800001
   180.000    360.000     0.000000    -0.000000    -0.100000   -3006.096104192367   -3006.105049625745   -3006.115616800001
