     Theta        Phi           Ex           Ey           Ez               Para_E              Ortho_E               Meta_E
----------------------------------------------------------------------------------------------------------------------------
     0.000      0.000     0.000000     0.000000     0.100000   -3010.336531521173   -3010.340591473897   -3010.345509704958
     0.000     18.000     0.000000     0.000000     0.100000   -3010.336531521173   -3010.340591473897   -3010.345509704958
     0.000     36.000     0.000000     0.000000     0.100000   -3010.336531521173   -3010.340591473897   -3010.345509704958
     0.000     54.000     0.000000     0.000000     0.100000   -3010.336531521173   -3010.340591473897   -3010.345509704958
     0.000     72.000     0.000000     0.000000     0.100000   -3010.336531521173   -3010.340591473897   -3010.345509704958
     0.000     90.000     0.000000     0.000000     0.100000   -3010.336531521173   -3010.340591473897   -3010.345509704958
     0.000    108.000    -0.000000     0.000000     0.100000   -3010.336531521173   -3010.340591473897   -3010.345509704958
     0.000    126.000    -0.000000     0.000000     0.100000   -3010.336531521173   -3010.340591473897   -3010.345509704958
     0.000    144.000    -0.000000     0.000000     0.100000   -3010.336531521173   -3010.340591473897   -3010.345509704958
     0.000    162.000    -0.000000     0.000000     0.100000   -3010.336531521173   -3010.340591473897   -3010.345509704958
     0.000    180.000    -0.000000     0.000000     0.100000   -3010.336531521173   -3010.340591473897   -3010.345509704958
     0.000    198.000    -0.000000    -0.000000     0.100000   -3010.336531521173   -3010.340591473897   -3010.345509704958
     0.000    216.000    -0.000000    -0.000000     0.100000   -3010.336531521173   -3010.340591473897   -3010.345509704958
     0.000    234.000    -0.000000    -0.000000     0.100000   -3010.336531521173   -3010.340591473897   -3010.345509704958
     0.000    252.000    -0.000000    -0.000000     0.100000   -3010.336531521173   -3010.340591473897   -3010.345509704958
     0.000    270.000    -0.000000    -0.000000     0.100000   -3010.336531521173   -3010.340591473897   -3010.345509704958
     0.000    288.000     0.000000    -0.000000     0.100000   -3010.336531521173   -3010.340591473897   -3010.345509704958
     0.000    306.000     0.000000    -0.000000     0.100000   -3010.336531521173   -3010.340591473897   -3010.345509704958
     0.000    324.000     0.000000    -0.000000     0.100000   -3010.336531521173   -3010.340591473897   -3010.345509704958
     0.000    342.000     0.000000    -0.000000     0.100000   -3010.336531521173   -3010.340591473897   -3010.345509704958
     0.000    360.000     0.000000    -0.000000     0.100000   -3010.336531521173   -3010.340591473897   -3010.345509704958
     9.000      0.000     0.015643     0.000000     0.098769   -3010.332960153822   -3010.341083283593   -3010.343651026622
     9.000     18.000     0.014878     0.004834     0.098769   -3010.333075775297   -3010.340456000179   -3010.342874136381
     9.000     36.000     0.012656     0.009195     0.098769   -3010.333400288278   -3010.339665139094   -3010.342227943603
     9.000     54.000     0.009195     0.012656     0.098769   -3010.333921843998   -3010.338821724232   -3010.341824608658
     9.000     72.000     0.004834     0.014878     0.098769   -3010.334613268354   -3010.338061001881   -3010.341746853081
     9.000     90.000     0.000000     0.015643     0.098769   -3010.335424835791   -3010.337508374119   -3010.342023713255
     9.000    108.000    -0.004834     0.014878     0.098769   -3010.336282451778   -3010.337248119480   -3010.342619116422
     9.000    126.000    -0.009195     0.012656     0.098769   -3010.337093815053   -3010.337304762642   -3010.343438025222
     9.000    144.000    -0.012656     0.009195     0.098769   -3010.337761536245   -3010.337641728670   -3010.344349241868
     9.000    162.000    -0.014878     0.004834     0.098769   -3010.338199613844   -3010.338176397177   -3010.345217913849
     9.000    180.000    -0.015643     0.000000     0.098769   -3010.338349019965   -3010.338806198103   -3010.345936887258
     9.000    198.000    -0.014878    -0.004834     0.098769   -3010.338188783513   -3010.339437248807   -3010.346446316164
     9.000    216.000    -0.012656    -0.009195     0.098769   -3010.337740076109   -3010.340006019629   -3010.346735584262
     9.000    234.000    -0.009195    -0.012656     0.098769   -3010.337062354355   -3010.340486816423   -3010.346828795280
     9.000    252.000    -0.004834    -0.014878     0.098769   -3010.336242442422   -3010.340883340641   -3010.346761655027
     9.000    270.000    -0.000000    -0.015643     0.098769   -3010.335378985334   -3010.341209079505   -3010.346560525944
     9.000    288.000     0.004834    -0.014878     0.098769   -3010.334565797370   -3010.341465832796   -3010.346232617190
     9.000    306.000     0.009195    -0.012656     0.098769   -3010.333878296260   -3010.341630273732   -3010.345770774663
     9.000    324.000     0.012656    -0.009195     0.098769   -3010.333366722758   -3010.341655038032   -3010.345169736324
     9.000    342.000     0.014878    -0.004834     0.098769   -3010.333057453670   -3010.341485025099   -3010.344445852238
     9.000    360.000     0.015643    -0.000000     0.098769   -3010.332960153822   -3010.341083283592   -3010.343651026622
    18.000      0.000     0.030902     0.000000     0.095106   -3010.327997950886   -3010.340291462168   -3010.340543290977
    18.000     18.000     0.029389     0.009549     0.095106   -3010.328167556138   -3010.339095608533   -3010.338797187630
    18.000     36.000     0.025000     0.018164     0.095106   -3010.328648272647   -3010.337342988764   -3010.337214298940
    18.000     54.000     0.018164     0.025000     0.095106   -3010.329477917724   -3010.335347640942   -3010.336137142491
    18.000     72.000     0.009549     0.029389     0.095106   -3010.330672435869   -3010.333520759753   -3010.335839037743
    18.000     90.000     0.000000     0.030902     0.095106   -3010.332181431398   -3010.332240741062   -3010.336436089142
    18.000    108.000    -0.009549     0.029389     0.095106   -3010.333869276853   -3010.331744163399   -3010.337839272184
    18.000    126.000    -0.018164     0.025000     0.095106   -3010.335531699980   -3010.332071463789   -3010.339768464025
    18.000    144.000    -0.025000     0.018164     0.095106   -3010.336937790930   -3010.333072117263   -3010.341830717253
    18.000    162.000    -0.029389     0.009549     0.095106   -3010.337877642663   -3010.334459352562   -3010.343638275989
    18.000    180.000    -0.030902     0.000000     0.095106   -3010.338203900905   -3010.335901208523   -3010.344922631234
    18.000    198.000    -0.029389    -0.009549     0.095106   -3010.337862846794   -3010.337124792660   -3010.345600566395
    18.000    216.000    -0.025000    -0.018164     0.095106   -3010.336906972367   -3010.337996894833   -3010.345766655896
    18.000    234.000    -0.018164    -0.025000     0.095106   -3010.335483201053   -3010.338546942500   -3010.345618370276
    18.000    252.000    -0.009549    -0.029389     0.095106   -3010.333802206621   -3010.338922326341   -3010.345349999530
    18.000    270.000    -0.000000    -0.030902     0.095106   -3010.332097366337   -3010.339296277718   -3010.345062855512
    18.000    288.000     0.009549    -0.029389     0.095106   -3010.330577567128   -3010.339769556573   -3010.344728705172
    18.000    306.000     0.018164    -0.025000     0.095106   -3010.329384209131   -3010.340308039250   -3010.344218825371
    18.000    324.000     0.025000    -0.018164     0.095106   -3010.328571893059   -3010.340739162848   -3010.343382688631
    18.000    342.000     0.029389    -0.009549     0.095106   -3010.328124396046   -3010.340809781502   -3010.342139520743
    18.000    360.000     0.030902    -0.000000     0.095106   -3010.327997950886   -3010.340291462169   -3010.340543290980
    27.000      0.000     0.045399     0.000000     0.089101   -3010.322129220703   -3010.338374102303   -3010.336523356943
    27.000     18.000     0.043177     0.014029     0.089101   -3010.322284524729   -3010.336736135991   -3010.333689100783
    27.000     36.000     0.036729     0.026685     0.089101   -3010.322737924299   -3010.333919249521   -3010.330952358672
    27.000     54.000     0.026685     0.036729     0.089101   -3010.323640634955   -3010.330533116105   -3010.328983920455
    27.000     72.000     0.014029     0.043177     0.089101   -3010.325117710430   -3010.327403286345   -3010.328340098267
    27.000     90.000     0.000000     0.045399     0.089101   -3010.327157589522   -3010.325274245028   -3010.329278432357
    27.000    108.000    -0.014029     0.043177     0.089101   -3010.329568024114   -3010.324582846360   -3010.331646269654
    27.000    126.000    -0.026685     0.036729     0.089101   -3010.332018549926   -3010.325370851956   -3010.334898585297
    27.000    144.000    -0.036729     0.026685     0.089101   -3010.334133447172   -3010.327313017562   -3010.338262176529
    27.000    162.000    -0.043177     0.014029     0.089101   -3010.335569710754   -3010.329819827326   -3010.340991235689
    27.000    180.000    -0.045399     0.000000     0.089101   -3010.336076181783   -3010.332213686352   -3010.342612590231
    27.000    198.000    -0.043177    -0.014029     0.089101   -3010.335556718581   -3010.333955304506   -3010.343064828365
    27.000    216.000    -0.036729    -0.026685     0.089101   -3010.334103529697   -3010.334830289373   -3010.342668985845
    27.000    234.000    -0.026685    -0.036729     0.089101   -3010.331966459525   -3010.335001150451   -3010.341944135431
    27.000    252.000    -0.014029    -0.043177     0.089101   -3010.329488852324   -3010.334899912878   -3010.341360164065
    27.000    270.000    -0.000000    -0.045399     0.089101   -3010.327048408137   -3010.335007204342   -3010.341134889327
    27.000    288.000     0.014029    -0.043177     0.089101   -3010.324982926199   -3010.335618539385   -3010.341154813555
    27.000    306.000     0.026685    -0.036729     0.089101   -3010.323497336757   -3010.336707513775   -3010.341049132588
    27.000    324.000     0.036729    -0.026685     0.089101   -3010.322614697069   -3010.337917192932   -3010.340381503090
    27.000    342.000     0.043177    -0.014029     0.089101   -3010.322212575176   -3010.338666776274   -3010.338868059009
    27.000    360.000     0.045399    -0.000000     0.089101   -3010.322129220704   -3010.338374102305   -3010.336523356943
    36.000      0.000     0.058779     0.000000     0.080902   -3010.315918705894   -3010.335576486594   -3010.332032130548
    36.000     18.000     0.055902     0.018164     0.080902   -3010.315994807120   -3010.333692984935   -3010.328068088866
    36.000     36.000     0.047553     0.034549     0.080902   -3010.316249204079   -3010.329803062623   -3010.324045513948
    36.000     54.000     0.034549     0.047553     0.080902   -3010.317000616061   -3010.324887910541   -3010.321037364879
    36.000     72.000     0.018164     0.055902     0.080902   -3010.318530488954   -3010.320307851587   -3010.319954113422
    36.000     90.000     0.000000     0.058779     0.080902   -3010.320890412754   -3010.317267350888   -3010.321238721845
    36.000    108.000    -0.018164     0.055902     0.080902   -3010.323834400813   -3010.316432725577   -3010.324664820097
    36.000    126.000    -0.034549     0.047553     0.080902   -3010.326907314291   -3010.317830218258   -3010.329353349290
    36.000    144.000    -0.047553     0.034549     0.080902   -3010.329611570255   -3010.320922190115   -3010.334056271391
    36.000    162.000    -0.055902     0.018164     0.080902   -3010.331486707054   -3010.324746241885   -3010.337595640864
    36.000    180.000    -0.058779     0.000000     0.080902   -3010.332161272500   -3010.328177878335   -3010.339271347454
    36.000    198.000    -0.055902    -0.018164     0.080902   -3010.331481037530   -3010.330327519027   -3010.339095494613
    36.000    216.000    -0.047553    -0.034549     0.080902   -3010.329591163245   -3010.330888023640   -3010.337726480653
    36.000    234.000    -0.034549    -0.047553     0.080902   -3010.326862267184   -3010.330227258514   -3010.336127290658
    36.000    252.000    -0.018164    -0.055902     0.080902   -3010.323756711122   -3010.329195146307   -3010.335138564319
    36.000    270.000    -0.000000    -0.058779     0.080902   -3010.320771259260   -3010.328718313797   -3010.335131381637
    36.000    288.000     0.018164    -0.055902     0.080902   -3010.318368635209   -3010.329363586114   -3010.335864287170
    36.000    306.000     0.034549    -0.047553     0.080902   -3010.316815405215   -3010.331124226047   -3010.336613655997
    36.000    324.000     0.047553    -0.034549     0.080902   -3010.316081388815   -3010.333427387854   -3010.336525855887
    36.000    342.000     0.055902    -0.018164     0.080902   -3010.315893625181   -3010.335272350660   -3010.335018431503
    36.000    360.000     0.058779    -0.000000     0.080902   -3010.315918705891   -3010.335576486595   -3010.332032130548
    45.000      0.000     0.070711     0.000000     0.070711   -3010.309960280026   -3010.332183205193   -3010.327549841576
    45.000     18.000     0.067250     0.021851     0.070711   -3010.309903928207   -3010.330303500914   -3010.322500411833
    45.000     36.000     0.057206     0.041563     0.070711   -3010.309820259178   -3010.325446262199   -3010.317161150557
    45.000     54.000     0.041563     0.057206     0.070711   -3010.310230343357   -3010.319000418089   -3010.313051135263
    45.000     72.000     0.021851     0.067250     0.070711   -3010.311591130762   -3010.312939676345   -3010.311478276535
    45.000     90.000     0.000000     0.070711     0.070711   -3010.314025728175   -3010.308994667625   -3010.313098167775
    45.000    108.000    -0.021851     0.067250     0.070711   -3010.317245041638   -3010.308073314463   -3010.317598078844
    45.000    126.000    -0.041563     0.057206     0.070711   -3010.320695662611   -3010.310171016790   -3010.323712379212
    45.000    144.000    -0.057206     0.041563     0.070711   -3010.323811177018   -3010.314526156959   -3010.329663330115
    45.000    162.000    -0.067250     0.021851     0.070711   -3010.326038331420   -3010.319766753294   -3010.333814101676
    45.000    180.000    -0.070711     0.000000     0.070711   -3010.326860817436   -3010.324246591153   -3010.335242841746
    45.000    198.000    -0.067250    -0.021851     0.070711   -3010.326046025824   -3010.326658621475   -3010.334088883919
    45.000    216.000    -0.057206    -0.041563     0.070711   -3010.323808560010   -3010.326599456384   -3010.331428748448
    45.000    234.000    -0.041563    -0.057206     0.070711   -3010.320665817359   -3010.324703818589   -3010.328739046360
    45.000    252.000    -0.021851    -0.067250     0.070711   -3010.317179175641   -3010.322349823726   -3010.327288085656
    45.000    270.000    -0.000000    -0.070711     0.070711   -3010.313910504906   -3010.321021078288   -3010.327631319918
    45.000    288.000     0.021851    -0.067250     0.070711   -3010.311417390106   -3010.321593581341   -3010.329376630051
    45.000    306.000     0.041563    -0.057206     0.070711   -3010.310016412247   -3010.324075379499   -3010.331369741851
    45.000    324.000     0.057206    -0.041563     0.070711   -3010.309616111952   -3010.327676525565   -3010.332237560202
    45.000    342.000     0.067250    -0.021851     0.070711   -3010.309776806078   -3010.330939540643   -3010.331019517040
    45.000    360.000     0.070711    -0.000000     0.070711   -3010.309960280029   -3010.332183205190   -3010.327549841575
    54.000      0.000     0.080902     0.000000     0.058779   -3010.304821628717   -3010.328497641584   -3010.323534143811
    54.000     18.000     0.076942     0.025000     0.058779   -3010.304596965208   -3010.326885682075   -3010.317537610306
    54.000     36.000     0.065451     0.047553     0.058779   -3010.304081389384   -3010.321283548096   -3010.310965709843
    54.000     54.000     0.047553     0.065451     0.058779   -3010.304007752100   -3010.313466165784   -3010.305791459199
    54.000     72.000     0.025000     0.076942     0.058779   -3010.304998086393   -3010.306034176405   -3010.303729432163
    54.000     90.000     0.000000     0.080902     0.058779   -3010.307243191046   -3010.301270531225   -3010.305652987463
    54.000    108.000    -0.025000     0.076942     0.058779   -3010.310437833778   -3010.300320284834   -3010.311148454246
    54.000    126.000    -0.047553     0.065451     0.058779   -3010.313984216809   -3010.303138368407   -3010.318538970462
    54.000    144.000    -0.065451     0.047553     0.058779   -3010.317310035588   -3010.308753122840   -3010.325515987767
    54.000    162.000    -0.076942     0.025000     0.058779   -3010.319787087004   -3010.315383110959   -3010.330011103943
    54.000    180.000    -0.080902     0.000000     0.058779   -3010.320730556520   -3010.320826674738   -3010.330915528153
    54.000    198.000    -0.076942    -0.025000     0.058779   -3010.319814311950   -3010.323324634205   -3010.328542983160
    54.000    216.000    -0.065451    -0.047553     0.058779   -3010.317333729223   -3010.322388013045   -3010.324420052881
    54.000    234.000    -0.047553    -0.065451     0.058779   -3010.313976735830   -3010.318963758043   -3010.320540640966
    54.000    252.000    -0.025000    -0.076942     0.058779   -3010.310390952554   -3010.315027997956   -3010.318610618149
    54.000    270.000    -0.000000    -0.080902     0.058779   -3010.307142509575   -3010.312678757267   -3010.319388728349
    54.000    288.000     0.025000    -0.076942     0.058779   -3010.304827088269   -3010.313090311559   -3010.322332553742
    54.000    306.000     0.047553    -0.065451     0.058779   -3010.303781301610   -3010.316266416818   -3010.325831123766
    54.000    324.000     0.065451    -0.047553     0.058779   -3010.303853724585   -3010.321224062098   -3010.327944841259
    54.000    342.000     0.076942    -0.025000     0.058779   -3010.304450512062   -3010.326069012837   -3010.327281944368
    54.000    360.000     0.080902    -0.000000     0.058779   -3010.304821628716   -3010.328497641583   -3010.323534143812
    63.000      0.000     0.089101     0.000000     0.045399   -3010.300991818604   -3010.324835985668   -3010.320370509638
    63.000     18.000     0.084740     0.027534     0.045399   -3010.300583024205   -3010.323722571403   -3010.313659943592
    63.000     36.000     0.072084     0.052372     0.045399   -3010.299591310734   -3010.317692737069   -3010.306059316797
    63.000     54.000     0.052372     0.072084     0.045399   -3010.298943446252   -3010.308823541498   -3010.299963117563
    63.000     72.000     0.027534     0.084740     0.045399   -3010.299393345681   -3010.300277621751   -3010.297463718058
    63.000     90.000     0.000000     0.089101     0.045399   -3010.301189677974   -3010.294863364058   -3010.299632323497
    63.000    108.000    -0.027534     0.084740     0.045399   -3010.304055860780   -3010.293941153107   -3010.305942608903
    63.000    126.000    -0.052372     0.072084     0.045399   -3010.307422990607   -3010.297425118160   -3010.314322431252
    63.000    144.000    -0.072084     0.052372     0.045399   -3010.310760992871   -3010.304168797166   -3010.321991039503
    63.000    162.000    -0.084740     0.027534     0.045399   -3010.313374908340   -3010.312018551185   -3010.326524948484
    63.000    180.000    -0.089101     0.000000     0.045399   -3010.314404062226   -3010.318237292279   -3010.326690761334
    63.000    198.000    -0.084740    -0.027534     0.045399   -3010.313426707978   -3010.320626018163   -3010.323004632309
    63.000    216.000    -0.072084    -0.052372     0.045399   -3010.310818794143   -3010.318635361241   -3010.317417245958
    63.000    234.000    -0.052372    -0.072084     0.045399   -3010.307444872553   -3010.313548338670   -3010.312381671161
    63.000    252.000    -0.027534    -0.084740     0.045399   -3010.304033112328   -3010.307951648706   -3010.310003506173
    63.000    270.000    -0.000000    -0.089101     0.045399   -3010.301110381165   -3010.304538775320   -3010.311243639473
    63.000    288.000     0.027534    -0.084740     0.045399   -3010.299237241183   -3010.304730689186   -3010.315429240245
    63.000    306.000     0.052372    -0.072084     0.045399   -3010.298720979202   -3010.308506168582   -3010.320522816155
    63.000    324.000     0.072084    -0.052372     0.045399   -3010.299355367082   -3010.314727031289   -3010.324043058326
    63.000    342.000     0.084740    -0.027534     0.045399   -3010.300426208805   -3010.321126947692   -3010.324155065667
    63.000    360.000     0.089101    -0.000000     0.045399   -3010.300991818604   -3010.324835985668   -3010.320370509636
    72.000      0.000     0.095106     0.000000     0.030902   -3010.298836556503   -3010.321516026127   -3010.318339022597
    72.000     18.000     0.090451     0.029389     0.030902   -3010.298247434644   -3010.321059669839   -3010.311231469683
    72.000     36.000     0.076942     0.055902     0.030902   -3010.296782886701   -3010.314973138864   -3010.302917454197
    72.000     54.000     0.055902     0.076942     0.030902   -3010.295520929446   -3010.305503894942   -3010.296139520101
    72.000     72.000     0.029389     0.090451     0.030902   -3010.295302836059   -3010.296235435098   -3010.293300238234
    72.000     90.000     0.000000     0.095106     0.030902   -3010.296424996493   -3010.290413417349   -3010.295624284432
    72.000    108.000    -0.029389     0.090451     0.030902   -3010.298694484650   -3010.289574121140   -3010.302471415813
    72.000    126.000    -0.055902     0.076942     0.030902   -3010.301646769672   -3010.293600999146   -3010.311438868522
    72.000    144.000    -0.076942     0.055902     0.030902   -3010.304814831021   -3010.301222188764   -3010.319386628727
    72.000    162.000    -0.090451     0.029389     0.030902   -3010.307443760935   -3010.309982791739   -3010.323649161638
    72.000    180.000    -0.095106     0.000000     0.030902   -3010.308514874287   -3010.316690352112   -3010.322950845657
    72.000    198.000    -0.090451    -0.029389     0.030902   -3010.307522859831   -3010.318773914285   -3010.318009654307
    72.000    216.000    -0.076942    -0.055902     0.030902   -3010.304912086855   -3010.315658592209   -3010.311121179606
    72.000    234.000    -0.055902    -0.076942     0.030902   -3010.301704217539   -3010.308960792711   -3010.305091351468
    72.000    252.000    -0.029389    -0.090451     0.030902   -3010.298699988450   -3010.301820512074   -3010.302343908127
    72.000    270.000    -0.000000    -0.095106     0.030902   -3010.296370814536   -3010.297425449596   -3010.304016619436
    72.000    288.000     0.029389    -0.090451     0.030902   -3010.295170559644   -3010.297370569388   -3010.309342546486
    72.000    306.000     0.055902    -0.076942     0.030902   -3010.295316999765   -3010.301597896364   -3010.315936979939
    72.000    324.000     0.076942    -0.055902     0.030902   -3010.296554064257   -3010.308854975445   -3010.320869524640
    72.000    342.000     0.090451    -0.029389     0.030902   -3010.298090291809   -3010.316598305132   -3010.321902534130
    72.000    360.000     0.095106    -0.000000     0.030902   -3010.298836556501   -3010.321516026125   -3010.318339022598
    81.000      0.000     0.098769     0.000000     0.015643   -3010.298565038314   -3010.318833312456   -3010.317598655517
    81.000     18.000     0.093935     0.030521     0.015643   -3010.297816312680   -3010.319102897210   -3010.310470350747
    81.000     36.000     0.079906     0.058055     0.015643   -3010.295923814169   -3010.313335970176   -3010.301845912500
    81.000     54.000     0.058055     0.079906     0.015643   -3010.294055563427   -3010.303799120264   -3010.294705243663
    81.000     72.000     0.030521     0.093935     0.015643   -3010.293095161174   -3010.294297262206   -3010.291658460889
    81.000     90.000     0.000000     0.098769     0.015643   -3010.293379731229   -3010.288365730459   -3010.294019654531
    81.000    108.000    -0.030521     0.093935     0.015643   -3010.294852031961   -3010.287661417856   -3010.301050766177
    81.000    126.000    -0.058055     0.079906     0.015643   -3010.297210287230   -3010.292055240920   -3010.310129934592
    81.000    144.000    -0.079906     0.058055     0.015643   -3010.300049657274   -3010.300205201604   -3010.317910138480
    81.000    162.000    -0.093935     0.030521     0.015643   -3010.302568288390   -3010.309453147234   -3010.321619226871
    81.000    180.000    -0.098769     0.000000     0.015643   -3010.303631792285   -3010.316288484844   -3010.320029062359
    81.000    198.000    -0.093935    -0.030521     0.015643   -3010.302674459335   -3010.317889823631   -3010.314029983018
    81.000    216.000    -0.079906    -0.058055     0.015643   -3010.300187935763   -3010.313696292947   -3010.306143235777
    81.000    234.000    -0.058055    -0.079906     0.015643   -3010.297307293939   -3010.305623806496   -3010.299388525885
    81.000    252.000    -0.030521    -0.093935     0.015643   -3010.294888968066   -3010.297236015095   -3010.296391000059
    81.000    270.000    -0.000000    -0.098769     0.015643   -3010.293352350438   -3010.292046423668   -3010.298416874901
    81.000    288.000     0.030521    -0.093935     0.015643   -3010.292992511378   -3010.291746139100   -3010.304654740300
    81.000    306.000     0.058055    -0.079906     0.015643   -3010.293881366800   -3010.296240562586   -3010.312491152326
    81.000    324.000     0.079906    -0.058055     0.015643   -3010.295715780544   -3010.304203152859   -3010.318687039739
    81.000    342.000     0.093935    -0.030521     0.015643   -3010.297668594896   -3010.312927457248   -3010.320693327517
    81.000    360.000     0.098769    -0.000000     0.015643   -3010.298565038313   -3010.318833312455   -3010.317598655516
    90.000      0.000     0.100000     0.000000     0.000000   -3010.300211422801   -3010.317032938016   -3010.318186888634
    90.000     18.000     0.095106     0.030902     0.000000   -3010.299336922678   -3010.318011843015   -3010.311435828505
    90.000     36.000     0.080902     0.058779     0.000000   -3010.297095266876   -3010.312901041814   -3010.302953432320
    90.000     54.000     0.058779     0.080902     0.000000   -3010.294673471670   -3010.303846013025   -3010.295817354657
    90.000     72.000     0.030902     0.095106     0.000000   -3010.292957939989   -3010.294643910190   -3010.292716200970
    90.000     90.000     0.000000     0.100000     0.000000   -3010.292324690108   -3010.288926629611   -3010.294978168160
    90.000    108.000    -0.030902     0.095106     0.000000   -3010.292887908984   -3010.288404840422   -3010.301803121502
    90.000    126.000    -0.058779     0.080902     0.000000   -3010.294536259103   -3010.292957786507   -3010.310495030870
    90.000    144.000    -0.080902     0.058779     0.000000   -3010.296918670418   -3010.301227161608   -3010.317672603845
    90.000    162.000    -0.095106     0.030902     0.000000   -3010.299206949824   -3010.310468002150   -3010.320602930353
    90.000    180.000    -0.100000     0.000000     0.000000   -3010.300211422803   -3010.317032938012   -3010.318186888636
    90.000    198.000    -0.095106    -0.030902     0.000000   -3010.299336922678   -3010.318011843013   -3010.311435828504
    90.000    216.000    -0.080902    -0.058779     0.000000   -3010.297095266874   -3010.312901041816   -3010.302953432320
    90.000    234.000    -0.058779    -0.080902     0.000000   -3010.294673471667   -3010.303846013025   -3010.295817354654
    90.000    252.000    -0.030902    -0.095106     0.000000   -3010.292957939987   -3010.294643910187   -3010.292716200974
    90.000    270.000    -0.000000    -0.100000     0.000000   -3010.292324690109   -3010.288926629610   -3010.294978168162
    90.000    288.000     0.030902    -0.095106     0.000000   -3010.292887908984   -3010.288404840420   -3010.301803121502
    90.000    306.000     0.058779    -0.080902     0.000000   -3010.294536259099   -3010.292957786505   -3010.310495030872
    90.000    324.000     0.080902    -0.058779     0.000000   -3010.296918670419   -3010.301227161608   -3010.317672603844
    90.000    342.000     0.095106    -0.030902     0.000000   -3010.299206949825   -3010.310468002148   -3010.320602930352
    90.000    360.000     0.100000    -0.000000     0.000000   -3010.300211422803   -3010.317032938012   -3010.318186888638
    99.000      0.000     0.098769     0.000000    -0.015643   -3010.303631792286   -3010.316288484845   -3010.320029062362
    99.000     18.000     0.093935     0.030521    -0.015643   -3010.302674459336   -3010.317889823631   -3010.314029983013
    99.000     36.000     0.079906     0.058055    -0.015643   -3010.300187935761   -3010.313696292948   -3010.306143235777
    99.000     54.000     0.058055     0.079906    -0.015643   -3010.297307293942   -3010.305623806495   -3010.299388525884
    99.000     72.000     0.030521     0.093935    -0.015643   -3010.294888968065   -3010.297236015095   -3010.296391000059
    99.000     90.000     0.000000     0.098769    -0.015643   -3010.293352350436   -3010.292046423667   -3010.298416874903
    99.000    108.000    -0.030521     0.093935    -0.015643   -3010.292992511376   -3010.291746139101   -3010.304654740303
    99.000    126.000    -0.058055     0.079906    -0.015643   -3010.293881366800   -3010.296240562588   -3010.312491152328
    99.000    144.000    -0.079906     0.058055    -0.015643   -3010.295715780541   -3010.304203152860   -3010.318687039738
    99.000    162.000    -0.093935     0.030521    -0.015643   -3010.297668594899   -3010.312927457249   -3010.320693327518
    99.000    180.000    -0.098769     0.000000    -0.015643   -3010.298565038314   -3010.318833312453   -3010.317598655514
    99.000    198.000    -0.093935    -0.030521    -0.015643   -3010.297816312678   -3010.319102897210   -3010.310470350747
    99.000    216.000    -0.079906    -0.058055    -0.015643   -3010.295923814171   -3010.313335970175   -3010.301845912502
    99.000    234.000    -0.058055    -0.079906    -0.015643   -3010.294055563424   -3010.303799120262   -3010.294705243658
    99.000    252.000    -0.030521    -0.093935    -0.015643   -3010.293095161176   -3010.294297262204   -3010.291658460888
    99.000    270.000    -0.000000    -0.098769    -0.015643   -3010.293379731228   -3010.288365730459   -3010.294019654531
    99.000    288.000     0.030521    -0.093935    -0.015643   -3010.294852031959   -3010.287661417856   -3010.301050766175
    99.000    306.000     0.058055    -0.079906    -0.015643   -3010.297210287230   -3010.292055240920   -3010.310129934594
    99.000    324.000     0.079906    -0.058055    -0.015643   -3010.300049657276   -3010.300205201604   -3010.317910138480
    99.000    342.000     0.093935    -0.030521    -0.015643   -3010.302568288390   -3010.309453147234   -3010.321619226873
    99.000    360.000     0.098769    -0.000000    -0.015643   -3010.303631792285   -3010.316288484845   -3010.320029062359
   108.000      0.000     0.095106     0.000000    -0.030902   -3010.308514874283   -3010.316690352112   -3010.322950845656
   108.000     18.000     0.090451     0.029389    -0.030902   -3010.307522859832   -3010.318773914282   -3010.318009654306
   108.000     36.000     0.076942     0.055902    -0.030902   -3010.304912086850   -3010.315658592208   -3010.311121179606
   108.000     54.000     0.055902     0.076942    -0.030902   -3010.301704217541   -3010.308960792707   -3010.305091351466
   108.000     72.000     0.029389     0.090451    -0.030902   -3010.298699988451   -3010.301820512074   -3010.302343908127
   108.000     90.000     0.000000     0.095106    -0.030902   -3010.296370814539   -3010.297425449595   -3010.304016619436
   108.000    108.000    -0.029389     0.090451    -0.030902   -3010.295170559645   -3010.297370569388   -3010.309342546485
   108.000    126.000    -0.055902     0.076942    -0.030902   -3010.295316999762   -3010.301597896364   -3010.315936979940
   108.000    144.000    -0.076942     0.055902    -0.030902   -3010.296554064259   -3010.308854975445   -3010.320869524641
   108.000    162.000    -0.090451     0.029389    -0.030902   -3010.298090291810   -3010.316598305129   -3010.321902534128
   108.000    180.000    -0.095106     0.000000    -0.030902   -3010.298836556504   -3010.321516026127   -3010.318339022599
   108.000    198.000    -0.090451    -0.029389    -0.030902   -3010.298247434645   -3010.321059669840   -3010.311231469682
   108.000    216.000    -0.076942    -0.055902    -0.030902   -3010.296782886702   -3010.314973138867   -3010.302917454192
   108.000    234.000    -0.055902    -0.076942    -0.030902   -3010.295520929444   -3010.305503894944   -3010.296139520099
   108.000    252.000    -0.029389    -0.090451    -0.030902   -3010.295302836058   -3010.296235435098   -3010.293300238234
   108.000    270.000    -0.000000    -0.095106    -0.030902   -3010.296424996491   -3010.290413417349   -3010.295624284432
   108.000    288.000     0.029389    -0.090451    -0.030902   -3010.298694484650   -3010.289574121140   -3010.302471415813
   108.000    306.000     0.055902    -0.076942    -0.030902   -3010.301646769670   -3010.293600999147   -3010.311438868519
   108.000    324.000     0.076942    -0.055902    -0.030902   -3010.304814831019   -3010.301222188764   -3010.319386628729
   108.000    342.000     0.090451    -0.029389    -0.030902   -3010.307443760937   -3010.309982791735   -3010.323649161638
   108.000    360.000     0.095106    -0.000000    -0.030902   -3010.308514874285   -3010.316690352110   -3010.322950845655
   117.000      0.000     0.089101     0.000000    -0.045399   -3010.314404062225   -3010.318237292281   -3010.326690761333
   117.000     18.000     0.084740     0.027534    -0.045399   -3010.313426707975   -3010.320626018165   -3010.323004632313
   117.000     36.000     0.072084     0.052372    -0.045399   -3010.310818794141   -3010.318635361241   -3010.317417245957
   117.000     54.000     0.052372     0.072084    -0.045399   -3010.307444872549   -3010.313548338671   -3010.312381671160
   117.000     72.000     0.027534     0.084740    -0.045399   -3010.304033112329   -3010.307951648701   -3010.310003506176
   117.000     90.000     0.000000     0.089101    -0.045399   -3010.301110381165   -3010.304538775319   -3010.311243639473
   117.000    108.000    -0.027534     0.084740    -0.045399   -3010.299237241183   -3010.304730689186   -3010.315429240246
   117.000    126.000    -0.052372     0.072084    -0.045399   -3010.298720979203   -3010.308506168581   -3010.320522816155
   117.000    144.000    -0.072084     0.052372    -0.045399   -3010.299355367084   -3010.314727031287   -3010.324043058322
   117.000    162.000    -0.084740     0.027534    -0.045399   -3010.300426208807   -3010.321126947693   -3010.324155065669
   117.000    180.000    -0.089101     0.000000    -0.045399   -3010.300991818606   -3010.324835985665   -3010.320370509637
   117.000    198.000    -0.084740    -0.027534    -0.045399   -3010.300583024205   -3010.323722571404   -3010.313659943592
   117.000    216.000    -0.072084    -0.052372    -0.045399   -3010.299591310739   -3010.317692737071   -3010.306059316800
   117.000    234.000    -0.052372    -0.072084    -0.045399   -3010.298943446251   -3010.308823541498   -3010.299963117564
   117.000    252.000    -0.027534    -0.084740    -0.045399   -3010.299393345680   -3010.300277621750   -3010.297463718057
   117.000    270.000    -0.000000    -0.089101    -0.045399   -3010.301189677971   -3010.294863364059   -3010.299632323495
   117.000    288.000     0.027534    -0.084740    -0.045399   -3010.304055860779   -3010.293941153107   -3010.305942608904
   117.000    306.000     0.052372    -0.072084    -0.045399   -3010.307422990605   -3010.297425118159   -3010.314322431253
   117.000    324.000     0.072084    -0.052372    -0.045399   -3010.310760992869   -3010.304168797164   -3010.321991039504
   117.000    342.000     0.084740    -0.027534    -0.045399   -3010.313374908340   -3010.312018551183   -3010.326524948483
   117.000    360.000     0.089101    -0.000000    -0.045399   -3010.314404062224   -3010.318237292280   -3010.326690761336
   126.000      0.000     0.080902     0.000000    -0.058779   -3010.320730556519   -3010.320826674738   -3010.330915528155
   126.000     18.000     0.076942     0.025000    -0.058779   -3010.319814311950   -3010.323324634205   -3010.328542983157
   126.000     36.000     0.065451     0.047553    -0.058779   -3010.317333729222   -3010.322388013049   -3010.324420052879
   126.000     54.000     0.047553     0.065451    -0.058779   -3010.313976735833   -3010.318963758040   -3010.320540640965
   126.000     72.000     0.025000     0.076942    -0.058779   -3010.310390952553   -3010.315027997957   -3010.318610618148
   126.000     90.000     0.000000     0.080902    -0.058779   -3010.307142509575   -3010.312678757266   -3010.319388728348
   126.000    108.000    -0.025000     0.076942    -0.058779   -3010.304827088272   -3010.313090311562   -3010.322332553740
   126.000    126.000    -0.047553     0.065451    -0.058779   -3010.303781301610   -3010.316266416817   -3010.325831123763
   126.000    144.000    -0.065451     0.047553    -0.058779   -3010.303853724587   -3010.321224062095   -3010.327944841258
   126.000    162.000    -0.076942     0.025000    -0.058779   -3010.304450512061   -3010.326069012837   -3010.327281944370
   126.000    180.000    -0.080902     0.000000    -0.058779   -3010.304821628715   -3010.328497641583   -3010.323534143810
   126.000    198.000    -0.076942    -0.025000    -0.058779   -3010.304596965211   -3010.326885682075   -3010.317537610308
   126.000    216.000    -0.065451    -0.047553    -0.058779   -3010.304081389385   -3010.321283548095   -3010.310965709846
   126.000    234.000    -0.047553    -0.065451    -0.058779   -3010.304007752100   -3010.313466165784   -3010.305791459200
   126.000    252.000    -0.025000    -0.076942    -0.058779   -3010.304998086395   -3010.306034176403   -3010.303729432163
   126.000    270.000    -0.000000    -0.080902    -0.058779   -3010.307243191047   -3010.301270531228   -3010.305652987462
   126.000    288.000     0.025000    -0.076942    -0.058779   -3010.310437833778   -3010.300320284836   -3010.311148454245
   126.000    306.000     0.047553    -0.065451    -0.058779   -3010.313984216808   -3010.303138368408   -3010.318538970462
   126.000    324.000     0.065451    -0.047553    -0.058779   -3010.317310035590   -3010.308753122838   -3010.325515987765
   126.000    342.000     0.076942    -0.025000    -0.058779   -3010.319787087003   -3010.315383110961   -3010.330011103938
   126.000    360.000     0.080902    -0.000000    -0.058779   -3010.320730556520   -3010.320826674742   -3010.330915528154
   135.000      0.000     0.070711     0.000000    -0.070711   -3010.326860817435   -3010.324246591154   -3010.335242841747
   135.000     18.000     0.067250     0.021851    -0.070711   -3010.326046025827   -3010.326658621474   -3010.334088883920
   135.000     36.000     0.057206     0.041563    -0.070711   -3010.323808560009   -3010.326599456383   -3010.331428748449
   135.000     54.000     0.041563     0.057206    -0.070711   -3010.320665817358   -3010.324703818586   -3010.328739046361
   135.000     72.000     0.021851     0.067250    -0.070711   -3010.317179175640   -3010.322349823728   -3010.327288085654
   135.000     90.000     0.000000     0.070711    -0.070711   -3010.313910504907   -3010.321021078290   -3010.327631319919
   135.000    108.000    -0.021851     0.067250    -0.070711   -3010.311417390102   -3010.321593581341   -3010.329376630051
   135.000    126.000    -0.041563     0.057206    -0.070711   -3010.310016412245   -3010.324075379499   -3010.331369741853
   135.000    144.000    -0.057206     0.041563    -0.070711   -3010.309616111953   -3010.327676525567   -3010.332237560200
   135.000    162.000    -0.067250     0.021851    -0.070711   -3010.309776806076   -3010.330939540643   -3010.331019517039
   135.000    180.000    -0.070711     0.000000    -0.070711   -3010.309960280027   -3010.332183205191   -3010.327549841575
   135.000    198.000    -0.067250    -0.021851    -0.070711   -3010.309903928211   -3010.330303500914   -3010.322500411833
   135.000    216.000    -0.057206    -0.041563    -0.070711   -3010.309820259175   -3010.325446262197   -3010.317161150556
   135.000    234.000    -0.041563    -0.057206    -0.070711   -3010.310230343360   -3010.319000418090   -3010.313051135263
   135.000    252.000    -0.021851    -0.067250    -0.070711   -3010.311591130761   -3010.312939676344   -3010.311478276531
   135.000    270.000    -0.000000    -0.070711    -0.070711   -3010.314025728176   -3010.308994667623   -3010.313098167772
   135.000    288.000     0.021851    -0.067250    -0.070711   -3010.317245041636   -3010.308073314462   -3010.317598078844
   135.000    306.000     0.041563    -0.057206    -0.070711   -3010.320695662614   -3010.310171016792   -3010.323712379212
   135.000    324.000     0.057206    -0.041563    -0.070711   -3010.323811177017   -3010.314526156960   -3010.329663330114
   135.000    342.000     0.067250    -0.021851    -0.070711   -3010.326038331421   -3010.319766753292   -3010.333814101677
   135.000    360.000     0.070711    -0.000000    -0.070711   -3010.326860817436   -3010.324246591153   -3010.335242841746
   144.000      0.000     0.058779     0.000000    -0.080902   -3010.332161272500   -3010.328177878336   -3010.339271347455
   144.000     18.000     0.055902     0.018164    -0.080902   -3010.331481037531   -3010.330327519023   -3010.339095494614
   144.000     36.000     0.047553     0.034549    -0.080902   -3010.329591163244   -3010.330888023640   -3010.337726480652
   144.000     54.000     0.034549     0.047553    -0.080902   -3010.326862267184   -3010.330227258516   -3010.336127290660
   144.000     72.000     0.018164     0.055902    -0.080902   -3010.323756711124   -3010.329195146307   -3010.335138564321
   144.000     90.000     0.000000     0.058779    -0.080902   -3010.320771259258   -3010.328718313798   -3010.335131381636
   144.000    108.000    -0.018164     0.055902    -0.080902   -3010.318368635210   -3010.329363586115   -3010.335864287172
   144.000    126.000    -0.034549     0.047553    -0.080902   -3010.316815405212   -3010.331124226044   -3010.336613655994
   144.000    144.000    -0.047553     0.034549    -0.080902   -3010.316081388813   -3010.333427387854   -3010.336525855884
   144.000    162.000    -0.055902     0.018164    -0.080902   -3010.315893625182   -3010.335272350657   -3010.335018431509
   144.000    180.000    -0.058779     0.000000    -0.080902   -3010.315918705891   -3010.335576486595   -3010.332032130549
   144.000    198.000    -0.055902    -0.018164    -0.080902   -3010.315994807118   -3010.333692984934   -3010.328068088868
   144.000    216.000    -0.047553    -0.034549    -0.080902   -3010.316249204080   -3010.329803062622   -3010.324045513951
   144.000    234.000    -0.034549    -0.047553    -0.080902   -3010.317000616060   -3010.324887910540   -3010.321037364880
   144.000    252.000    -0.018164    -0.055902    -0.080902   -3010.318530488957   -3010.320307851584   -3010.319954113421
   144.000    270.000    -0.000000    -0.058779    -0.080902   -3010.320890412756   -3010.317267350889   -3010.321238721847
   144.000    288.000     0.018164    -0.055902    -0.080902   -3010.323834400813   -3010.316432725578   -3010.324664820096
   144.000    306.000     0.034549    -0.047553    -0.080902   -3010.326907314289   -3010.317830218260   -3010.329353349292
   144.000    324.000     0.047553    -0.034549    -0.080902   -3010.329611570253   -3010.320922190116   -3010.334056271387
   144.000    342.000     0.055902    -0.018164    -0.080902   -3010.331486707054   -3010.324746241885   -3010.337595640865
   144.000    360.000     0.058779    -0.000000    -0.080902   -3010.332161272497   -3010.328177878337   -3010.339271347455
   153.000      0.000     0.045399     0.000000    -0.089101   -3010.336076181783   -3010.332213686352   -3010.342612590230
   153.000     18.000     0.043177     0.014029    -0.089101   -3010.335556718583   -3010.333955304506   -3010.343064828362
   153.000     36.000     0.036729     0.026685    -0.089101   -3010.334103529694   -3010.334830289374   -3010.342668985845
   153.000     54.000     0.026685     0.036729    -0.089101   -3010.331966459526   -3010.335001150453   -3010.341944135434
   153.000     72.000     0.014029     0.043177    -0.089101   -3010.329488852326   -3010.334899912879   -3010.341360164068
   153.000     90.000     0.000000     0.045399    -0.089101   -3010.327048408132   -3010.335007204341   -3010.341134889324
   153.000    108.000    -0.014029     0.043177    -0.089101   -3010.324982926202   -3010.335618539384   -3010.341154813553
   153.000    126.000    -0.026685     0.036729    -0.089101   -3010.323497336756   -3010.336707513777   -3010.341049132589
   153.000    144.000    -0.036729     0.026685    -0.089101   -3010.322614697071   -3010.337917192931   -3010.340381503090
   153.000    162.000    -0.043177     0.014029    -0.089101   -3010.322212575178   -3010.338666776274   -3010.338868059011
   153.000    180.000    -0.045399     0.000000    -0.089101   -3010.322129220701   -3010.338374102304   -3010.336523356943
   153.000    198.000    -0.043177    -0.014029    -0.089101   -3010.322284524726   -3010.336736135992   -3010.333689100783
   153.000    216.000    -0.036729    -0.026685    -0.089101   -3010.322737924302   -3010.333919249522   -3010.330952358672
   153.000    234.000    -0.026685    -0.036729    -0.089101   -3010.323640634959   -3010.330533116107   -3010.328983920455
   153.000    252.000    -0.014029    -0.043177    -0.089101   -3010.325117710428   -3010.327403286346   -3010.328340098266
   153.000    270.000    -0.000000    -0.045399    -0.089101   -3010.327157589521   -3010.325274245028   -3010.329278432358
   153.000    288.000     0.014029    -0.043177    -0.089101   -3010.329568024114   -3010.324582846360   -3010.331646269655
   153.000    306.000     0.026685    -0.036729    -0.089101   -3010.332018549926   -3010.325370851956   -3010.334898585299
   153.000    324.000     0.036729    -0.026685    -0.089101   -3010.334133447174   -3010.327313017563   -3010.338262176529
   153.000    342.000     0.043177    -0.014029    -0.089101   -3010.335569710753   -3010.329819827325   -3010.340991235691
   153.000    360.000     0.045399    -0.000000    -0.089101   -3010.336076181782   -3010.332213686351   -3010.342612590231
   162.000      0.000     0.030902     0.000000    -0.095106   -3010.338203900902   -3010.335901208526   -3010.344922631232
   162.000     18.000     0.029389     0.009549    -0.095106   -3010.337862846794   -3010.337124792662   -3010.345600566396
   162.000     36.000     0.025000     0.018164    -0.095106   -3010.336906972367   -3010.337996894833   -3010.345766655896
   162.000     54.000     0.018164     0.025000    -0.095106   -3010.335483201050   -3010.338546942504   -3010.345618370273
   162.000     72.000     0.009549     0.029389    -0.095106   -3010.333802206621   -3010.338922326344   -3010.345349999530
   162.000     90.000     0.000000     0.030902    -0.095106   -3010.332097366342   -3010.339296277720   -3010.345062855513
   162.000    108.000    -0.009549     0.029389    -0.095106   -3010.330577567126   -3010.339769556576   -3010.344728705174
   162.000    126.000    -0.018164     0.025000    -0.095106   -3010.329384209133   -3010.340308039250   -3010.344218825369
   162.000    144.000    -0.025000     0.018164    -0.095106   -3010.328571893058   -3010.340739162845   -3010.343382688629
   162.000    162.000    -0.029389     0.009549    -0.095106   -3010.328124396048   -3010.340809781501   -3010.342139520746
   162.000    180.000    -0.030902     0.000000    -0.095106   -3010.327997950885   -3010.340291462166   -3010.340543290982
   162.000    198.000    -0.029389    -0.009549    -0.095106   -3010.328167556138   -3010.339095608534   -3010.338797187630
   162.000    216.000    -0.025000    -0.018164    -0.095106   -3010.328648272646   -3010.337342988765   -3010.337214298936
   162.000    234.000    -0.018164    -0.025000    -0.095106   -3010.329477917723   -3010.335347640942   -3010.336137142493
   162.000    252.000    -0.009549    -0.029389    -0.095106   -3010.330672435871   -3010.333520759752   -3010.335839037741
   162.000    270.000    -0.000000    -0.030902    -0.095106   -3010.332181431400   -3010.332240741064   -3010.336436089143
   162.000    288.000     0.009549    -0.029389    -0.095106   -3010.333869276851   -3010.331744163400   -3010.337839272185
   162.000    306.000     0.018164    -0.025000    -0.095106   -3010.335531699975   -3010.332071463789   -3010.339768464028
   162.000    324.000     0.025000    -0.018164    -0.095106   -3010.336937790932   -3010.333072117263   -3010.341830717253
   162.000    342.000     0.029389    -0.009549    -0.095106   -3010.337877642665   -3010.334459352562   -3010.343638275988
   162.000    360.000     0.030902    -0.000000    -0.095106   -3010.338203900902   -3010.335901208523   -3010.344922631232
   171.000      0.000     0.015643     0.000000    -0.098769   -3010.338349019966   -3010.338806198104   -3010.345936887258
   171.000     18.000     0.014878     0.004834    -0.098769   -3010.338188783513   -3010.339437248809   -3010.346446316165
   171.000     36.000     0.012656     0.009195    -0.098769   -3010.337740076110   -3010.340006019625   -3010.346735584262
   171.000     54.000     0.009195     0.012656    -0.098769   -3010.337062354357   -3010.340486816424   -3010.346828795280
   171.000     72.000     0.004834     0.014878    -0.098769   -3010.336242442424   -3010.340883340639   -3010.346761655026
   171.000     90.000     0.000000     0.015643    -0.098769   -3010.335378985334   -3010.341209079503   -3010.346560525946
   171.000    108.000    -0.004834     0.014878    -0.098769   -3010.334565797370   -3010.341465832797   -3010.346232617189
   171.000    126.000    -0.009195     0.012656    -0.098769   -3010.333878296260   -3010.341630273733   -3010.345770774662
   171.000    144.000    -0.012656     0.009195    -0.098769   -3010.333366722758   -3010.341655038033   -3010.345169736328
   171.000    162.000    -0.014878     0.004834    -0.098769   -3010.333057453671   -3010.341485025102   -3010.344445852239
   171.000    180.000    -0.015643     0.000000    -0.098769   -3010.332960153821   -3010.341083283593   -3010.343651026622
   171.000    198.000    -0.014878    -0.004834    -0.098769   -3010.333075775296   -3010.340456000179   -3010.342874136382
   171.000    216.000    -0.012656    -0.009195    -0.098769   -3010.333400288277   -3010.339665139096   -3010.342227943604
   171.000    234.000    -0.009195    -0.012656    -0.098769   -3010.333921843998   -3010.338821724235   -3010.341824608658
   171.000    252.000    -0.004834    -0.014878    -0.098769   -3010.334613268355   -3010.338061001879   -3010.341746853082
   171.000    270.000    -0.000000    -0.015643    -0.098769   -3010.335424835790   -3010.337508374121   -3010.342023713255
   171.000    288.000     0.004834    -0.014878    -0.098769   -3010.336282451778   -3010.337248119483   -3010.342619116421
   171.000    306.000     0.009195    -0.012656    -0.098769   -3010.337093815055   -3010.337304762642   -3010.343438025221
   171.000    324.000     0.012656    -0.009195    -0.098769   -3010.337761536245   -3010.337641728672   -3010.344349241868
   171.000    342.000     0.014878    -0.004834    -0.098769   -3010.338199613841   -3010.338176397175   -3010.345217913849
   171.000    360.000     0.015643    -0.000000    -0.098769   -3010.338349019964   -3010.338806198102   -3010.345936887260
   180.000      0.000     0.000000     0.000000    -0.100000   -3010.336531521173   -3010.340591473895   -3010.345509704960
   180.000     18.000     0.000000     0.000000    -0.100000   -3010.336531521172   -3010.340591473896   -3010.345509704960
   180.000     36.000     0.000000     0.000000    -0.100000   -3010.336531521172   -3010.340591473898   -3010.345509704962
   180.000     54.000     0.000000     0.000000    -0.100000   -3010.336531521173   -3010.340591473894   -3010.345509704956
   180.000     72.000     0.000000     0.000000    -0.100000   -3010.336531521174   -3010.340591473896   -3010.345509704960
   180.000     90.000     0.000000     0.000000    -0.100000   -3010.336531521173   -3010.340591473895   -3010.345509704959
   180.000    108.000    -0.000000     0.000000    -0.100000   -3010.336531521172   -3010.340591473897   -3010.345509704961
   180.000    126.000    -0.000000     0.000000    -0.100000   -3010.336531521173   -3010.340591473898   -3010.345509704957
   180.000    144.000    -0.000000     0.000000    -0.100000   -3010.336531521174   -3010.340591473897   -3010.345509704957
   180.000    162.000    -0.000000     0.000000    -0.100000   -3010.336531521173   -3010.340591473897   -3010.345509704958
   180.000    180.000    -0.000000     0.000000    -0.100000   -3010.336531521174   -3010.340591473896   -3010.345509704960
   180.000    198.000    -0.000000    -0.000000    -0.100000   -3010.336531521174   -3010.340591473897   -3010.345509704959
   180.000    216.000    -0.000000    -0.000000    -0.100000   -3010.336531521171   -3010.340591473898   -3010.345509704958
   180.000    234.000    -0.000000    -0.000000    -0.100000   -3010.336531521174   -3010.340591473896   -3010.345509704958
   180.000    252.000    -0.000000    -0.000000    -0.100000   -3010.336531521171   -3010.340591473897   -3010.345509704957
   180.000    270.000    -0.000000    -0.000000    -0.100000   -3010.336531521172   -3010.340591473897   -3010.345509704959
   180.000    288.000     0.000000    -0.000000    -0.100000   -3010.336531521171   -3010.340591473895   -3010.345509704959
   180.000    306.000     0.000000    -0.000000    -0.100000   -3010.336531521172   -3010.340591473895   -3010.345509704960
   180.000    324.000     0.000000    -0.000000    -0.100000   -3010.336531521174   -3010.340591473897   -3010.345509704960
   180.000    342.000     0.000000    -0.000000    -0.100000   -3010.336531521173   -3010.340591473896   -3010.345509704958
   180.000    360.000     0.000000    -0.000000    -0.100000   -3010.336531521173   -3010.340591473895   -3010.345509704960
