 # Printing electron repulsion integrals in spatial MO basis
      4.22970577161600858052e-01 	 1 1 1 1
     -2.57892892941497496595e-03 	 1 1 2 1
      1.97795457534440860536e-01 	 1 1 2 2
     -3.48544068105393622936e-02 	 1 1 3 1
     -9.94619603415822575720e-03 	 1 1 3 2
      2.75489230382879202175e-01 	 1 1 3 3
      6.36701307837326656996e-03 	 1 1 4 1
      2.12325801440337589079e-03 	 1 1 4 2
     -1.73527004966300104000e-05 	 1 1 4 3
      1.67965113426659068407e-01 	 1 1 4 4
     -1.18451487577293356618e-02 	 1 1 5 1
     -9.96341992138702857440e-03 	 1 1 5 2
      2.53295214555667802872e-03 	 1 1 5 3
      1.12000289516815305121e-04 	 1 1 5 4
      2.52398219242437604759e-01 	 1 1 5 5
      6.79176393152475612637e-04 	 1 1 6 1
     -5.82265780118917486256e-04 	 1 1 6 2
      1.64324386103446352415e-03 	 1 1 6 3
      9.92341166467170876855e-04 	 1 1 6 4
     -5.38385966079121206646e-03 	 1 1 6 5
      1.80332589969744466751e-01 	 1 1 6 6
      3.79073090448118696361e-02 	 1 1 7 1
      6.28347733706021479433e-03 	 1 1 7 2
      1.11776897161045647364e-03 	 1 1 7 3
      1.17641806817824715742e-03 	 1 1 7 4
     -3.93100037190984138904e-04 	 1 1 7 5
     -2.68399339986341925468e-03 	 1 1 7 6
      2.68662261691709869371e-01 	 1 1 7 7
     -7.45169998803732209353e-03 	 1 1 8 1
      3.98229212539897171191e-03 	 1 1 8 2
      7.44905707432355992416e-04 	 1 1 8 3
     -6.84789088495243655763e-03 	 1 1 8 4
     -4.29646319980926064824e-03 	 1 1 8 5
     -2.72027768526594566217e-03 	 1 1 8 6
     -2.46068628805030682055e-03 	 1 1 8 7
      1.88211052895004449237e-01 	 1 1 8 8
     -2.57892892941497930276e-03 	 2 1 1 1
      1.82668034974872305239e-03 	 2 1 2 1
      1.31705682635823665555e-03 	 2 1 2 2
     -5.95951423747088362623e-04 	 2 1 3 1
      1.61650117801108135843e-03 	 2 1 3 2
      4.46067267756456147659e-03 	 2 1 3 3
     -4.18427112249893811725e-04 	 2 1 4 1
     -9.40838224083698367560e-04 	 2 1 4 2
     -3.49700432608035754849e-04 	 2 1 4 3
     -2.97347614819534408759e-03 	 2 1 4 4
      3.32098972182131039945e-04 	 2 1 5 1
      2.33106160830723156685e-03 	 2 1 5 2
      7.32112968790952231904e-04 	 2 1 5 3
      8.60480289114951734297e-05 	 2 1 5 4
      4.69813910817862973035e-03 	 2 1 5 5
     -4.60680988056651349004e-04 	 2 1 6 1
     -2.35215212866107082441e-04 	 2 1 6 2
     -2.16595206636521894414e-04 	 2 1 6 3
      1.62116778446324974819e-03 	 2 1 6 4
     -3.17164950081728108286e-05 	 2 1 6 5
      2.71944629016516103374e-04 	 2 1 6 6
      9.32607569638883382793e-05 	 2 1 7 1
     -1.64334321880016853874e-03 	 2 1 7 2
      1.00287197254205146316e-03 	 2 1 7 3
      2.24956271442826880383e-04 	 2 1 7 4
     -1.34972675089590848051e-03 	 2 1 7 5
      4.25290831848452197204e-04 	 2 1 7 6
     -3.21034502809928339907e-04 	 2 1 7 7
      7.72668074821218024001e-04 	 2 1 8 1
      1.05214376305971049630e-05 	 2 1 8 2
      3.53286698896898110171e-04 	 2 1 8 3
      4.22568344445394851461e-04 	 2 1 8 4
      1.37153932291230839895e-03 	 2 1 8 5
     -4.80924461481617437908e-04 	 2 1 8 6
     -7.72133915352223016261e-05 	 2 1 8 7
     -3.98858259589776782683e-03 	 2 1 8 8
      1.97795457534440860536e-01 	 2 2 1 1
      1.31705682635827481947e-03 	 2 2 2 1
      3.32481928944157678618e-01 	 2 2 2 2
      6.02879038492078363209e-03 	 2 2 3 1
     -1.06322685956634164356e-02 	 2 2 3 2
      1.71069963182667095225e-01 	 2 2 3 3
     -1.50163694001899904185e-03 	 2 2 4 1
      8.85858529370317331064e-03 	 2 2 4 2
     -3.02929871284937386050e-03 	 2 2 4 3
      1.76237334939349149510e-01 	 2 2 4 4
     -1.10665019256760469545e-03 	 2 2 5 1
     -1.02061944832253503890e-02 	 2 2 5 2
      5.03181218633219021902e-03 	 2 2 5 3
     -1.41086108783934952547e-03 	 2 2 5 4
      2.54673210802823846155e-01 	 2 2 5 5
     -1.02529437246595884516e-03 	 2 2 6 1
      1.19445819083434921250e-03 	 2 2 6 2
     -9.23535565700660753506e-04 	 2 2 6 3
      1.04759496975144177772e-02 	 2 2 6 4
     -2.14501387252848509449e-03 	 2 2 6 5
      1.83992011242439218455e-01 	 2 2 6 6
     -6.03362226504440806590e-03 	 2 2 7 1
      3.16485248823338092411e-03 	 2 2 7 2
     -1.20836034099584626288e-03 	 2 2 7 3
      1.99305580365795710976e-03 	 2 2 7 4
     -3.72406075153608115413e-03 	 2 2 7 5
      1.08812021665355505157e-03 	 2 2 7 6
      1.79896027457964374774e-01 	 2 2 7 7
     -1.25268720202873054580e-04 	 2 2 8 1
      1.12554883339910458823e-02 	 2 2 8 2
      8.38927575398029624042e-04 	 2 2 8 3
     -4.64326095308446439719e-03 	 2 2 8 4
     -1.01651637988772105409e-02 	 2 2 8 5
      1.39577173353307095079e-03 	 2 2 8 6
      2.69294959947525820807e-04 	 2 2 8 7
      2.29368235783307838904e-01 	 2 2 8 8
     -3.48544068105393831103e-02 	 3 1 1 1
     -5.95951423747096277299e-04 	 3 1 2 1
      6.02879038492076194805e-03 	 3 1 2 2
      1.70285124177744252860e-02 	 3 1 3 1
      1.82177074989788435715e-03 	 3 1 3 2
     -4.15498173786321908785e-02 	 3 1 3 3
     -1.23497958872815041288e-03 	 3 1 4 1
      1.42255087291787932907e-03 	 3 1 4 2
     -1.48963191602700749773e-04 	 3 1 4 3
      2.21119249098178059787e-02 	 3 1 4 4
      2.06410750873241592360e-03 	 3 1 5 1
      2.62638971786954768424e-04 	 3 1 5 2
     -5.47346663538716594216e-05 	 3 1 5 3
     -8.89876200694149615406e-04 	 3 1 5 4
      2.40518480065984228923e-04 	 3 1 5 5
     -4.08832431912022834907e-04 	 3 1 6 1
     -2.70350663673085765248e-04 	 3 1 6 2
     -1.29929274919655122003e-03 	 3 1 6 3
     -2.12203792694806193941e-03 	 3 1 6 4
     -4.63668907709446540509e-04 	 3 1 6 5
      1.91814699687408544981e-02 	 3 1 6 6
     -1.10103820219220344817e-02 	 3 1 7 1
     -2.34139201758204993937e-04 	 3 1 7 2
     -3.99074742584200163609e-03 	 3 1 7 3
     -3.52339691726205356693e-04 	 3 1 7 4
      6.71444442963597325040e-04 	 3 1 7 5
      6.88431962300772685992e-04 	 3 1 7 6
     -1.93875250355286174453e-02 	 3 1 7 7
      1.70693853714114890906e-03 	 3 1 8 1
      9.62948512129130048190e-04 	 3 1 8 2
      9.90821840980723230613e-04 	 3 1 8 3
     -1.91523324561077880335e-03 	 3 1 8 4
     -5.09410550542236165422e-05 	 3 1 8 5
      7.49890541824482326043e-04 	 3 1 8 6
      1.58214431216449185605e-04 	 3 1 8 7
      2.29041833098451441675e-02 	 3 1 8 8
     -9.94619603415823790027e-03 	 3 2 1 1
      1.61650117801107528689e-03 	 3 2 2 1
     -1.06322685956633921495e-02 	 3 2 2 2
      1.82177074989789563285e-03 	 3 2 3 1
      7.89918683802047494336e-03 	 3 2 3 2
     -1.66538898471345446495e-02 	 3 2 3 3
     -6.01250763193013023668e-04 	 3 2 4 1
     -2.80507059430980558098e-03 	 3 2 4 2
     -1.28189076842709359649e-03 	 3 2 4 3
     -1.16215450338483456197e-03 	 3 2 4 4
      2.02831360698628839281e-03 	 3 2 5 1
      8.66715668119456307539e-03 	 3 2 5 2
      2.26419794865416034585e-03 	 3 2 5 3
      2.90940792861401318920e-04 	 3 2 5 4
     -3.58119231642565517826e-03 	 3 2 5 5
     -6.28939411688547852716e-04 	 3 2 6 1
     -7.05880716056030100766e-04 	 3 2 6 2
     -9.02895146291622283617e-04 	 3 2 6 3
      4.02803401998880553081e-03 	 3 2 6 4
      1.01319381085203277619e-03 	 3 2 6 5
      7.60129072386021582136e-03 	 3 2 6 6
     -1.31024097768371898184e-03 	 3 2 7 1
     -3.33822328657755549447e-03 	 3 2 7 2
      1.65439065523020597051e-03 	 3 2 7 3
      3.70235596271343940511e-04 	 3 2 7 4
     -2.14588319425921322109e-03 	 3 2 7 5
      7.34497668886598207433e-04 	 3 2 7 6
     -3.84362933501718488302e-03 	 3 2 7 7
      1.66875200615248880064e-03 	 3 2 8 1
     -8.63136865856419140119e-04 	 3 2 8 2
      1.20724536455084048917e-03 	 3 2 8 3
      8.04038914247287876333e-04 	 3 2 8 4
      4.15825365379559382800e-03 	 3 2 8 5
     -2.57588141670696008784e-04 	 3 2 8 6
      1.89971285848357504186e-04 	 3 2 8 7
     -9.46042243528160201049e-03 	 3 2 8 8
      2.75489230382879202175e-01 	 3 3 1 1
      4.46067267756456841549e-03 	 3 3 2 1
      1.71069963182667178492e-01 	 3 3 2 2
     -4.15498173786322047563e-02 	 3 3 3 1
     -1.66538898471345273022e-02 	 3 3 3 2
      4.97332566958230304355e-01 	 3 3 3 3
      1.36037213423104521616e-03 	 3 3 4 1
     -2.67481670104620242526e-03 	 3 3 4 2
      4.21522618305276725731e-03 	 3 3 4 3
      1.37027326805698540513e-01 	 3 3 4 4
     -1.69685145039932512925e-03 	 3 3 5 1
      2.65712408448998431074e-03 	 3 3 5 2
     -2.73993199159459086336e-03 	 3 3 5 3
      1.01065086809409387762e-03 	 3 3 5 4
      2.05693882951462625464e-01 	 3 3 5 5
     -2.54302753178408313603e-03 	 3 3 6 1
     -5.25545830582945720615e-04 	 3 3 6 2
      7.84666532617172424180e-03 	 3 3 6 3
      7.39028824951333367099e-03 	 3 3 6 4
     -2.87986035587282050707e-03 	 3 3 6 5
      1.61804750444928396869e-01 	 3 3 6 6
      1.65699926055869785346e-02 	 3 3 7 1
     -1.47054872057752550676e-03 	 3 3 7 2
      1.53004732551462636903e-02 	 3 3 7 3
      1.50417697288627747951e-03 	 3 3 7 4
     -4.42266469713444888845e-03 	 3 3 7 5
     -1.18273793979603632372e-04 	 3 3 7 6
      2.02186306430893775188e-01 	 3 3 7 7
      1.26273304085973122127e-03 	 3 3 8 1
      2.31250973224577131490e-03 	 3 3 8 2
     -3.74076677022813254558e-03 	 3 3 8 3
     -2.40836814686163063620e-03 	 3 3 8 4
      2.83322866341624655245e-03 	 3 3 8 5
     -4.29596490079092729886e-03 	 3 3 8 6
     -2.08066005500285016588e-03 	 3 3 8 7
      1.48248474079769460010e-01 	 3 3 8 8
      6.36701307837324922273e-03 	 4 1 1 1
     -4.18427112249893161204e-04 	 4 1 2 1
     -1.50163694001897865885e-03 	 4 1 2 2
     -1.23497958872814976236e-03 	 4 1 3 1
     -6.01250763193016167854e-04 	 4 1 3 2
      1.36037213423105475714e-03 	 4 1 3 3
      2.08271519096569872331e-03 	 4 1 4 1
      3.24203523834562003236e-04 	 4 1 4 2
      9.91763524923816109161e-04 	 4 1 4 3
      4.96793759935909660236e-03 	 4 1 4 4
     -7.56313946441734439793e-04 	 4 1 5 1
     -7.84358616673755002988e-04 	 4 1 5 2
     -3.92479835265422522493e-04 	 4 1 5 3
      1.29183771927507374481e-04 	 4 1 5 4
     -1.34062592254998651058e-03 	 4 1 5 5
      3.60058475154491559097e-04 	 4 1 6 1
      1.95205860440360372222e-04 	 4 1 6 2
      2.69484338652673351480e-04 	 4 1 6 3
     -5.00617750981918654268e-04 	 4 1 6 4
      3.20464119917582496502e-04 	 4 1 6 5
     -2.99031600487852490880e-03 	 4 1 6 6
      1.41628411184452221785e-03 	 4 1 7 1
      4.95656748566247642822e-04 	 4 1 7 2
     -1.80443478198247106914e-04 	 4 1 7 3
     -8.27015084484142401662e-04 	 4 1 7 4
      4.88812175695372457332e-04 	 4 1 7 5
     -4.39728817999278734103e-04 	 4 1 7 6
      2.97622287919988752838e-03 	 4 1 7 7
     -1.11461900259900094541e-03 	 4 1 8 1
     -9.70772954091574417305e-05 	 4 1 8 2
     -4.31014427884970202903e-04 	 4 1 8 3
     -4.74913992044319398060e-04 	 4 1 8 4
     -8.70897196531570131836e-04 	 4 1 8 5
      5.54400876617452162236e-04 	 4 1 8 6
      1.76027843329611236338e-04 	 4 1 8 7
     -9.53054680862306746823e-05 	 4 1 8 8
      2.12325801440341318735e-03 	 4 2 1 1
     -9.40838224083698367560e-04 	 4 2 2 1
      8.85858529370314555507e-03 	 4 2 2 2
      1.42255087291787976275e-03 	 4 2 3 1
     -2.80507059430980297890e-03 	 4 2 3 2
     -2.67481670104622324194e-03 	 4 2 3 3
      3.24203523834567153197e-04 	 4 2 4 1
      3.26354502214574147823e-03 	 4 2 4 2
      8.46843844538501641823e-04 	 4 2 4 3
      1.17437270100318371518e-02 	 4 2 4 4
     -1.05853832573158529451e-03 	 4 2 5 1
     -3.43161291925647878032e-03 	 4 2 5 2
     -7.13459514465220262860e-04 	 4 2 5 3
      3.27009442784332703819e-04 	 4 2 5 4
      2.34517503829666977902e-03 	 4 2 5 5
      5.43346116440766749127e-04 	 4 2 6 1
      1.31994942554111292961e-03 	 4 2 6 2
      6.23927611805299921384e-04 	 4 2 6 3
     -2.15985488258158258440e-03 	 4 2 6 4
      1.42722640046754820076e-04 	 4 2 6 5
      9.74956408997616178098e-04 	 4 2 6 6
     -1.00401161912479805309e-03 	 4 2 7 1
      1.72789778947629937833e-03 	 4 2 7 2
     -1.36551162285965537076e-03 	 4 2 7 3
     -4.01515381620932954553e-04 	 4 2 7 4
      1.31273107813424032113e-03 	 4 2 7 5
     -6.30898851555078800726e-04 	 4 2 7 6
      6.58857938648739135945e-05 	 4 2 7 7
     -9.79042435144569312203e-04 	 4 2 8 1
      1.18195589751762201308e-03 	 4 2 8 2
     -3.79438981735073614654e-04 	 4 2 8 3
     -1.54018155390287739964e-03 	 4 2 8 4
     -2.25255121606501244186e-03 	 4 2 8 5
      8.51942717827340926205e-04 	 4 2 8 6
      3.80342246709628188824e-05 	 4 2 8 7
      1.28556432669230287502e-02 	 4 2 8 8
     -1.73527004966407033440e-05 	 4 3 1 1
     -3.49700432608038356934e-04 	 4 3 2 1
     -3.02929871284936865633e-03 	 4 3 2 2
     -1.48963191602698391634e-04 	 4 3 3 1
     -1.28189076842708904284e-03 	 4 3 3 2
      4.21522618305275424688e-03 	 4 3 3 3
      9.91763524923815675480e-04 	 4 3 4 1
      8.46843844538500774462e-04 	 4 3 4 2
      1.37094469962793308673e-03 	 4 3 4 3
      5.12304593060182271447e-03 	 4 3 4 4
     -5.22480398782985229131e-04 	 4 3 5 1
     -9.49941787033986096214e-04 	 4 3 5 2
     -6.04021165656811560504e-04 	 4 3 5 3
     -8.73463265425130410682e-05 	 4 3 5 4
     -2.28578961002215376094e-03 	 4 3 5 5
      2.03511234835099388352e-04 	 4 3 6 1
      4.57624855896345559061e-04 	 4 3 6 2
      7.10318723574488450692e-04 	 4 3 6 3
     -1.18944224423604238798e-03 	 4 3 6 4
      2.00385210804938243361e-05 	 4 3 6 5
     -9.96066461728467838349e-04 	 4 3 6 6
     -1.68089493430337207905e-04 	 4 3 7 1
      5.33638732497267501663e-04 	 4 3 7 2
     -4.21364111730653889774e-04 	 4 3 7 3
     -4.30751699669829611096e-04 	 4 3 7 4
      6.94446967749582548882e-04 	 4 3 7 5
      9.02526690052931962124e-05 	 4 3 7 6
     -9.46200214974984984626e-04 	 4 3 7 7
     -5.23059434236084678897e-04 	 4 3 8 1
     -1.01542122505676428180e-05 	 4 3 8 2
     -3.23558944762183790279e-04 	 4 3 8 3
     -5.14496210672964020272e-04 	 4 3 8 4
     -6.37714715093239126187e-04 	 4 3 8 5
      2.60881871180823090000e-04 	 4 3 8 6
     -3.93821207030365855509e-05 	 4 3 8 7
      9.81058293563317682096e-04 	 4 3 8 8
      1.67965113426658929630e-01 	 4 4 1 1
     -2.97347614819534929176e-03 	 4 4 2 1
      1.76237334939349177265e-01 	 4 4 2 2
      2.21119249098178441426e-02 	 4 4 3 1
     -1.16215450338485277657e-03 	 4 4 3 2
      1.37027326805698651535e-01 	 4 4 3 3
      4.96793759935909920444e-03 	 4 4 4 1
      1.17437270100317833754e-02 	 4 4 4 2
      5.12304593060178281583e-03 	 4 4 4 3
      3.91044093407310611177e-01 	 4 4 4 4
     -2.65103933659075179791e-03 	 4 4 5 1
      2.79601366986676662732e-03 	 4 4 5 2
     -2.63975744577587406736e-03 	 4 4 5 3
      1.84829877144274839530e-03 	 4 4 5 4
      1.78752121789176571243e-01 	 4 4 5 5
      2.80631457347275308292e-03 	 4 4 6 1
     -1.25840716233414635743e-03 	 4 4 6 2
      1.45913882244126506295e-03 	 4 4 6 3
     -7.98963901160567452342e-03 	 4 4 6 4
     -2.25018155841006511908e-03 	 4 4 6 5
      2.52137085338647648491e-01 	 4 4 6 6
     -2.16284295230005051136e-02 	 4 4 7 1
      5.93145054366450577912e-04 	 4 4 7 2
     -9.63818661716449136267e-03 	 4 4 7 3
     -1.64866115471618544276e-03 	 4 4 7 4
      2.33085919327987887636e-03 	 4 4 7 5
     -9.23464079405814531470e-04 	 4 4 7 6
      1.30875626045618254079e-01 	 4 4 7 7
     -2.21489472258877247504e-03 	 4 4 8 1
      2.99877878802815543702e-03 	 4 4 8 2
     -2.43755708931643112237e-04 	 4 4 8 3
     -1.87189132085718891452e-02 	 4 4 8 4
     -2.04676463708553316168e-03 	 4 4 8 5
      7.60689523769995327301e-03 	 4 4 8 6
      8.57034881193397663456e-04 	 4 4 8 7
      2.47655267776099252686e-01 	 4 4 8 8
     -1.18451487577293530090e-02 	 5 1 1 1
      3.32098972182152615568e-04 	 5 1 2 1
     -1.10665019256762984894e-03 	 5 1 2 2
      2.06410750873241202047e-03 	 5 1 3 1
      2.02831360698630010220e-03 	 5 1 3 2
     -1.69685145039933835652e-03 	 5 1 3 3
     -7.56313946441735523996e-04 	 5 1 4 1
     -1.05853832573159375129e-03 	 5 1 4 2
     -5.22480398782993902748e-04 	 5 1 4 3
     -2.65103933659076957882e-03 	 5 1 4 4
      5.73602026543339540976e-03 	 5 1 5 1
      4.47843855800969439102e-03 	 5 1 5 2
      1.37231726202984103541e-03 	 5 1 5 3
     -5.58174766085625857250e-04 	 5 1 5 4
     -5.06987560255827644090e-03 	 5 1 5 5
     -9.95145704127182355661e-04 	 5 1 6 1
     -3.43503514884107782890e-04 	 5 1 6 2
     -6.29991622421134807829e-04 	 5 1 6 3
      1.68442994479197001058e-03 	 5 1 6 4
     -4.62444797422551783926e-05 	 5 1 6 5
      5.92022559710403493277e-03 	 5 1 6 6
     -2.51936156465274504329e-03 	 5 1 7 1
     -1.68396926243104738327e-03 	 5 1 7 2
      9.38175030927581319121e-04 	 5 1 7 3
      2.51275052613626639995e-04 	 5 1 7 4
     -1.83666514068313410819e-03 	 5 1 7 5
      4.93238924490295308281e-04 	 5 1 7 6
     -4.27604029702034500043e-03 	 5 1 7 7
      2.08960660977711761704e-03 	 5 1 8 1
      4.33324968054867780496e-04 	 5 1 8 2
      6.78872301493671243683e-04 	 5 1 8 3
      2.46175410687405639681e-04 	 5 1 8 4
      3.24600801530114087615e-03 	 5 1 8 5
     -7.03784729022721581085e-04 	 5 1 8 6
     -2.57146266989824326746e-04 	 5 1 8 7
     -4.21144060683438428011e-03 	 5 1 8 8
     -9.96341992138702337023e-03 	 5 2 1 1
      2.33106160830719080085e-03 	 5 2 2 1
     -1.02061944832252827348e-02 	 5 2 2 2
      2.62638971786989679734e-04 	 5 2 3 1
      8.66715668119454746288e-03 	 5 2 3 2
      2.65712408448990928395e-03 	 5 2 3 3
     -7.84358616673755545089e-04 	 5 2 4 1
     -3.43161291925650176540e-03 	 5 2 4 2
     -9.49941787033969074240e-04 	 5 2 4 3
      2.79601366986692535452e-03 	 5 2 4 4
      4.47843855800967444170e-03 	 5 2 5 1
      1.87385380678171328817e-02 	 5 2 5 2
      2.53239443249609176914e-03 	 5 2 5 3
      5.94731980962762770034e-04 	 5 2 5 4
     -5.19633396403590842177e-03 	 5 2 5 5
     -8.34668324607437499274e-04 	 5 2 6 1
     -6.34569841549467781976e-04 	 5 2 6 2
     -3.49142070379534054467e-04 	 5 2 6 3
      6.95016695818950237806e-03 	 5 2 6 4
      1.48279194516219179831e-03 	 5 2 6 5
      1.64927986162196719977e-02 	 5 2 6 6
     -2.54801036192502236219e-03 	 5 2 7 1
     -5.75681635562007732593e-03 	 5 2 7 2
      3.60634036627237438907e-03 	 5 2 7 3
      6.35405956618627213751e-04 	 5 2 7 4
     -4.20788661732644699714e-03 	 5 2 7 5
      8.23160995144287584852e-04 	 5 2 7 6
      4.24657665601030939566e-04 	 5 2 7 7
      2.78126941624722316335e-03 	 5 2 8 1
     -1.39756796998508178893e-03 	 5 2 8 2
      1.44144614587498253941e-03 	 5 2 8 3
      2.66895945979832402602e-04 	 5 2 8 4
      7.12219008984388800287e-03 	 5 2 8 5
     -9.69138591339953624259e-05 	 5 2 8 6
     -6.55088695454549783384e-05 	 5 2 8 7
     -1.14197821989569566620e-02 	 5 2 8 8
      2.53295214555668236553e-03 	 5 3 1 1
      7.32112968790945618271e-04 	 5 3 2 1
      5.03181218633220236208e-03 	 5 3 2 2
     -5.47346663538764976738e-05 	 5 3 3 1
      2.26419794865415817745e-03 	 5 3 3 2
     -2.73993199159456917932e-03 	 5 3 3 3
     -3.92479835265421492501e-04 	 5 3 4 1
     -7.13459514465218528137e-04 	 5 3 4 2
     -6.04021165656810693143e-04 	 5 3 4 3
     -2.63975744577586149062e-03 	 5 3 4 4
      1.37231726202985122691e-03 	 5 3 5 1
      2.53239443249607398823e-03 	 5 3 5 2
      2.82770334862703174444e-03 	 5 3 5 3
     -1.93825845765085741802e-04 	 5 3 5 4
      4.19847926915243360030e-03 	 5 3 5 5
     -6.44976147352689958489e-04 	 5 3 6 1
     -1.00816563600126128035e-04 	 5 3 6 2
     -4.82972484224448918733e-04 	 5 3 6 3
      2.05971804835033620029e-03 	 5 3 6 4
     -1.44683550773881740119e-04 	 5 3 6 5
      2.92748972523257161224e-03 	 5 3 6 6
      6.09182941233570138424e-04 	 5 3 7 1
     -6.49456000000633144019e-04 	 5 3 7 2
      8.61968301364527799552e-04 	 5 3 7 3
      3.24430165713529550502e-04 	 5 3 7 4
     -1.74556122884170520845e-03 	 5 3 7 5
      4.39096638433780599164e-04 	 5 3 7 6
      2.90180156671877636718e-03 	 5 3 7 7
      7.73232096288502886335e-04 	 5 3 8 1
      4.24268081848697522010e-04 	 5 3 8 2
      7.15699220183928252505e-04 	 5 3 8 3
      1.22952275834165198915e-04 	 5 3 8 4
      1.64372155771407924343e-03 	 5 3 8 5
     -5.16457275700354261939e-04 	 5 3 8 6
      3.89079525791467459566e-05 	 5 3 8 7
     -2.00191307812770235425e-03 	 5 3 8 8
      1.12000289516776246738e-04 	 5 4 1 1
      8.60480289115086175366e-05 	 5 4 2 1
     -1.41086108783938400310e-03 	 5 4 2 2
     -8.89876200694159590066e-04 	 5 4 3 1
      2.90940792861408691495e-04 	 5 4 3 2
      1.01065086809412401844e-03 	 5 4 3 3
      1.29183771927505097656e-04 	 5 4 4 1
      3.27009442784328800691e-04 	 5 4 4 2
     -8.73463265425180826083e-05 	 5 4 4 3
      1.84829877144269028207e-03 	 5 4 4 4
     -5.58174766085635289808e-04 	 5 4 5 1
      5.94731980962771009970e-04 	 5 4 5 2
     -1.93825845765094361209e-04 	 5 4 5 3
      1.52841573309118864722e-03 	 5 4 5 4
      6.34126879251108600127e-04 	 5 4 5 5
      5.58364299522674453757e-04 	 5 4 6 1
      8.32028403453723727594e-04 	 5 4 6 2
      4.75012075920210410668e-04 	 5 4 6 3
      5.28407736288061496803e-04 	 5 4 6 4
      1.29313666256209184799e-03 	 5 4 6 5
     -1.68382445792255924441e-03 	 5 4 6 6
      5.62339655906575930540e-04 	 5 4 7 1
     -1.91612112912102513758e-04 	 5 4 7 2
      5.45289961408890449385e-04 	 5 4 7 3
      5.36919046506441073174e-05 	 5 4 7 4
     -1.71175417812006292568e-04 	 5 4 7 5
     -4.90178655282484383553e-04 	 5 4 7 6
      3.15313132560534416281e-05 	 5 4 7 7
     -5.91224430889877709296e-04 	 5 4 8 1
     -4.40637379530221069343e-04 	 5 4 8 2
     -2.65645182528506044583e-04 	 5 4 8 3
      4.19435363792977091400e-04 	 5 4 8 4
     -6.19983243668409725845e-04 	 5 4 8 5
      6.44637151845115028564e-04 	 5 4 8 6
      2.07696063152550461622e-04 	 5 4 8 7
     -2.95747842767701525982e-03 	 5 4 8 8
      2.52398219242437604759e-01 	 5 5 1 1
      4.69813910817872167069e-03 	 5 5 2 1
      2.54673210802823901666e-01 	 5 5 2 2
      2.40518480065953491791e-04 	 5 5 3 1
     -3.58119231642561744802e-03 	 5 5 3 2
      2.05693882951462486686e-01 	 5 5 3 3
     -1.34062592255001513351e-03 	 5 5 4 1
      2.34517503829668712625e-03 	 5 5 4 2
     -2.28578961002218368492e-03 	 5 5 4 3
      1.78752121789176460220e-01 	 5 5 4 4
     -5.06987560255837271805e-03 	 5 5 5 1
     -5.19633396403560050836e-03 	 5 5 5 2
      4.19847926915239023221e-03 	 5 5 5 3
      6.34126879251044198518e-04 	 5 5 5 4
      3.79276541050668380972e-01 	 5 5 5 5
     -2.69495347830667371369e-03 	 5 5 6 1
     -1.85719153833406244725e-03 	 5 5 6 2
     -1.36181903699177445088e-03 	 5 5 6 3
      1.00972502664961258367e-02 	 5 5 6 4
     -5.87093810002150672672e-03 	 5 5 6 5
      2.10058219331524687057e-01 	 5 5 6 6
      1.55167723185466004121e-03 	 5 5 7 1
     -5.27808837384904417679e-04 	 5 5 7 2
     -5.08904326209930831133e-04 	 5 5 7 3
      1.85369585242620561576e-03 	 5 5 7 4
     -6.65717952699982663811e-03 	 5 5 7 5
      1.65715563728964336565e-03 	 5 5 7 6
      1.99584500742933962369e-01 	 5 5 7 7
      4.81155455100899884929e-03 	 5 5 8 1
      8.27200662515732883240e-03 	 5 5 8 2
      4.43499214071374926044e-03 	 5 5 8 3
     -8.00525776815794697094e-03 	 5 5 8 4
     -9.42129600461923642774e-03 	 5 5 8 5
     -4.15204847254046442023e-03 	 5 5 8 6
     -2.47858827330621955473e-03 	 5 5 8 7
      2.09122926804256620281e-01 	 5 5 8 8
      6.79176393152447965482e-04 	 6 1 1 1
     -4.60680988056639368570e-04 	 6 1 2 1
     -1.02529437246601023634e-03 	 6 1 2 2
     -4.08832431912020883343e-04 	 6 1 3 1
     -6.28939411688549370599e-04 	 6 1 3 2
     -2.54302753178408834020e-03 	 6 1 3 3
      3.60058475154485704405e-04 	 6 1 4 1
      5.43346116440782686899e-04 	 6 1 4 2
      2.03511234835102857799e-04 	 6 1 4 3
      2.80631457347276826175e-03 	 6 1 4 4
     -9.95145704127191896640e-04 	 6 1 5 1
     -8.34668324607414297348e-04 	 6 1 5 2
     -6.44976147352687356404e-04 	 6 1 5 3
      5.58364299522673477975e-04 	 6 1 5 4
     -2.69495347830672922484e-03 	 6 1 5 5
      2.84250026291786497129e-03 	 6 1 6 1
      3.29345432363529404089e-04 	 6 1 6 2
      1.33864809068746795986e-03 	 6 1 6 3
     -1.31754415079778932317e-03 	 6 1 6 4
      7.62147348282820138489e-04 	 6 1 6 5
      1.75581793874449013960e-03 	 6 1 6 6
      1.40943675362325074058e-04 	 6 1 7 1
      5.37273181526654280797e-04 	 6 1 7 2
     -2.73186251340613438666e-04 	 6 1 7 3
     -2.08875980316349820192e-04 	 6 1 7 4
      4.98825714660676932354e-04 	 6 1 7 5
     -1.48924135132484343827e-03 	 6 1 7 6
     -9.10489968726425360178e-04 	 6 1 7 7
     -1.14979315546925235474e-03 	 6 1 8 1
      5.33805308139413642554e-06 	 6 1 8 2
     -5.28053024089701812140e-04 	 6 1 8 3
      2.45388725154105141659e-04 	 6 1 8 4
     -1.03258333960431548416e-03 	 6 1 8 5
      1.24374879424797232796e-03 	 6 1 8 6
      1.98793150133625752020e-04 	 6 1 8 7
     -1.49480663455633217516e-04 	 6 1 8 8
     -5.82265780118915426272e-04 	 6 2 1 1
     -2.35215212866108031118e-04 	 6 2 2 1
      1.19445819083437414915e-03 	 6 2 2 2
     -2.70350663673094167815e-04 	 6 2 3 1
     -7.05880716056027932362e-04 	 6 2 3 2
     -5.25545830582934444912e-04 	 6 2 3 3
      1.95205860440362079841e-04 	 6 2 4 1
      1.31994942554110729176e-03 	 6 2 4 2
      4.57624855896346101163e-04 	 6 2 4 3
     -1.25840716233419991701e-03 	 6 2 4 4
     -3.43503514884102307669e-04 	 6 2 5 1
     -6.34569841549489357599e-04 	 6 2 5 2
     -1.00816563600128730120e-04 	 6 2 5 3
      8.32028403453709741386e-04 	 6 2 5 4
     -1.85719153833402471701e-03 	 6 2 5 5
      3.29345432363530705132e-04 	 6 2 6 1
      2.40837629168582506578e-03 	 6 2 6 2
      8.23245952638984417049e-04 	 6 2 6 3
     -9.91717468752819145128e-04 	 6 2 6 4
      1.54395199590394048214e-03 	 6 2 6 5
     -4.81274889150221020940e-04 	 6 2 6 6
      2.03196574089541934010e-04 	 6 2 7 1
      6.12404081706748016321e-04 	 6 2 7 2
     -1.17781274604788387594e-04 	 6 2 7 3
     -3.60320607694116889618e-04 	 6 2 7 4
      2.58681974506335299498e-04 	 6 2 7 5
     -6.36030559272576377812e-04 	 6 2 7 6
     -9.41025134425045269894e-04 	 6 2 7 7
     -4.50063335664160858382e-04 	 6 2 8 1
      1.40538850690834861206e-04 	 6 2 8 2
     -1.76164493741350948203e-04 	 6 2 8 3
      6.90879653816892373881e-04 	 6 2 8 4
     -5.05450361970455298508e-04 	 6 2 8 5
      3.48979967336799604561e-04 	 6 2 8 6
      4.65333081999850741882e-05 	 6 2 8 7
     -1.64603785281943392968e-03 	 6 2 8 8
      1.64324386103448043771e-03 	 6 3 1 1
     -2.16595206636526583588e-04 	 6 3 2 1
     -9.23535565700658801942e-04 	 6 3 2 2
     -1.29929274919655230423e-03 	 6 3 3 1
     -9.02895146291625102543e-04 	 6 3 3 2
      7.84666532617171903763e-03 	 6 3 3 3
      2.69484338652674869363e-04 	 6 3 4 1
      6.23927611805307619219e-04 	 6 3 4 2
      7.10318723574488884373e-04 	 6 3 4 3
      1.45913882244124728203e-03 	 6 3 4 4
     -6.29991622421121688982e-04 	 6 3 5 1
     -3.49142070379542348614e-04 	 6 3 5 2
     -4.82972484224449189784e-04 	 6 3 5 3
      4.75012075920212633283e-04 	 6 3 5 4
     -1.36181903699175948889e-03 	 6 3 5 5
      1.33864809068746405674e-03 	 6 3 6 1
      8.23245952638984417049e-04 	 6 3 6 2
      1.89970090904167899712e-03 	 6 3 6 3
     -7.05471874854768647885e-04 	 6 3 6 4
      5.25126381397790736698e-04 	 6 3 6 5
      1.53830872589351256609e-03 	 6 3 6 6
      4.95665557999877049757e-04 	 6 3 7 1
      2.99404626191115150278e-04 	 6 3 7 2
      2.46441265952416902786e-04 	 6 3 7 3
      2.46113645278587785462e-04 	 6 3 7 4
      4.60399415504249395932e-04 	 6 3 7 5
     -2.58781536609141156295e-04 	 6 3 7 6
      5.91544665388912967695e-04 	 6 3 7 7
     -6.45686017598384363013e-04 	 6 3 8 1
      5.81912387678621296225e-05 	 6 3 8 2
     -4.11647257532367838104e-04 	 6 3 8 3
      1.02186517132697368758e-04 	 6 3 8 4
     -6.46221294581008341186e-04 	 6 3 8 5
      7.62391980691797584851e-04 	 6 3 8 6
      1.81961445733212643034e-04 	 6 3 8 7
     -5.42713782916230658669e-04 	 6 3 8 8
      9.92341166467177815749e-04 	 6 4 1 1
      1.62116778446323391884e-03 	 6 4 2 1
      1.04759496975144455327e-02 	 6 4 2 2
     -2.12203792694805283212e-03 	 6 4 3 1
      4.02803401998879425511e-03 	 6 4 3 2
      7.39028824951332326265e-03 	 6 4 3 3
     -5.00617750981921364774e-04 	 6 4 4 1
     -2.15985488258154268576e-03 	 6 4 4 2
     -1.18944224423603111228e-03 	 6 4 4 3
     -7.98963901160557911363e-03 	 6 4 4 4
      1.68442994479201945020e-03 	 6 4 5 1
      6.95016695818946334678e-03 	 6 4 5 2
      2.05971804835033229716e-03 	 6 4 5 3
      5.28407736288064207308e-04 	 6 4 5 4
      1.00972502664962264507e-02 	 6 4 5 5
     -1.31754415079779365998e-03 	 6 4 6 1
     -9.91717468752853189076e-04 	 6 4 6 2
     -7.05471874854772008911e-04 	 6 4 6 3
      1.29173150021672910465e-02 	 6 4 6 4
      8.82419208264187426329e-04 	 6 4 6 5
      1.54927150112199531369e-03 	 6 4 6 6
      6.87733994880905248441e-04 	 6 4 7 1
     -3.12542727810535174784e-03 	 6 4 7 2
      3.71279288334867190249e-03 	 6 4 7 3
      7.85417541858716809766e-04 	 6 4 7 4
     -3.17817612397302369162e-03 	 6 4 7 5
      1.03027195630678411638e-03 	 6 4 7 6
      7.40192479682778847749e-03 	 6 4 7 7
      1.55837761144315967154e-03 	 6 4 8 1
      5.11163974626242909212e-04 	 6 4 8 2
      7.32167754767224020045e-04 	 6 4 8 3
      1.27488729147866340988e-03 	 6 4 8 4
      2.61955449181181616522e-03 	 6 4 8 5
     -3.83204206231010187020e-04 	 6 4 8 6
      2.16897450141953761779e-04 	 6 4 8 7
     -5.45546801730981915229e-03 	 6 4 8 8
     -5.38385966079124849565e-03 	 6 5 1 1
     -3.17164950081524210515e-05 	 6 5 2 1
     -2.14501387252851978896e-03 	 6 5 2 2
     -4.63668907709449630485e-04 	 6 5 3 1
      1.01319381085202757202e-03 	 6 5 3 2
     -2.87986035587281400186e-03 	 6 5 3 3
      3.20464119917575882869e-04 	 6 5 4 1
      1.42722640046782548546e-04 	 6 5 4 2
      2.00385210805004989557e-05 	 6 5 4 3
     -2.25018155841001394474e-03 	 6 5 4 4
     -4.62444797422577669253e-05 	 6 5 5 1
      1.48279194516222367385e-03 	 6 5 5 2
     -1.44683550773875451746e-04 	 6 5 5 3
      1.29313666256209228167e-03 	 6 5 5 4
     -5.87093810002156744204e-03 	 6 5 5 5
      7.62147348282823065835e-04 	 6 5 6 1
      1.54395199590393072432e-03 	 6 5 6 2
      5.25126381397792037740e-04 	 6 5 6 3
      8.82419208264186016866e-04 	 6 5 6 4
      3.41735103778458915516e-03 	 6 5 6 5
      5.26483162439394299786e-05 	 6 5 6 6
     -1.21651734257837275486e-04 	 6 5 7 1
     -6.82383881571133857520e-04 	 6 5 7 2
      7.57508000924057432919e-04 	 6 5 7 3
     -2.09597423765462857531e-04 	 6 5 7 4
     -4.96003931089414513457e-04 	 6 5 7 5
     -4.39533097104896262018e-04 	 6 5 7 6
     -2.61753314806619516789e-03 	 6 5 7 7
     -5.59253693447203854318e-04 	 6 5 8 1
     -3.59097811691545473495e-04 	 6 5 8 2
     -2.55157613583422023494e-04 	 6 5 8 3
      1.02604368631017375986e-03 	 6 5 8 4
     -4.94151479053501368512e-04 	 6 5 8 5
      1.57898340695800110112e-03 	 6 5 8 6
      2.93714839667821425023e-04 	 6 5 8 7
     -4.95038167204672752142e-03 	 6 5 8 8
      1.80332589969744605529e-01 	 6 6 1 1
      2.71944629016518813879e-04 	 6 6 2 1
      1.83992011242439162944e-01 	 6 6 2 2
      1.91814699687408440898e-02 	 6 6 3 1
      7.60129072386024097485e-03 	 6 6 3 2
      1.61804750444928396869e-01 	 6 6 3 3
     -2.99031600487850365844e-03 	 6 6 4 1
      9.74956408997572159490e-04 	 6 6 4 2
     -9.96066461728483017180e-04 	 6 6 4 3
      2.52137085338647592980e-01 	 6 6 4 4
      5.92022559710397161536e-03 	 6 6 5 1
      1.64927986162197726117e-02 	 6 6 5 2
      2.92748972523259069420e-03 	 6 6 5 3
     -1.68382445792255425708e-03 	 6 6 5 4
      2.10058219331524742568e-01 	 6 6 5 5
      1.75581793874449100697e-03 	 6 6 6 1
     -4.81274889150198198484e-04 	 6 6 6 2
      1.53830872589352210707e-03 	 6 6 6 3
      1.54927150112203456181e-03 	 6 6 6 4
      5.26483162439479138606e-05 	 6 6 6 5
      3.71449258234216206365e-01 	 6 6 6 6
     -2.07901846542481553992e-02 	 6 6 7 1
     -5.88318058537940034164e-03 	 6 6 7 2
     -3.33098534947448045307e-03 	 6 6 7 3
      9.27311838624341518850e-04 	 6 6 7 4
     -5.24368044331158071614e-03 	 6 6 7 5
      1.46574380856998129786e-04 	 6 6 7 6
      1.46354314692477144311e-01 	 6 6 7 7
      8.88204732063650921614e-03 	 6 6 8 1
      4.16757389143260822267e-03 	 6 6 8 2
      4.95190546990357215174e-03 	 6 6 8 3
     -8.18699507407181538421e-03 	 6 6 8 4
      1.22310986607313317703e-02 	 6 6 8 5
      3.27280280827010319408e-03 	 6 6 8 6
     -1.42200609961389977560e-03 	 6 6 8 7
      1.97512868224136689532e-01 	 6 6 8 8
      3.79073090448119112694e-02 	 7 1 1 1
      9.32607569638697848696e-05 	 7 1 2 1
     -6.03362226504440112701e-03 	 7 1 2 2
     -1.10103820219220396859e-02 	 7 1 3 1
     -1.31024097768370748930e-03 	 7 1 3 2
      1.65699926055869577179e-02 	 7 1 3 3
      1.41628411184452113365e-03 	 7 1 4 1
     -1.00401161912480434146e-03 	 7 1 4 2
     -1.68089493430334985290e-04 	 7 1 4 3
     -2.16284295230004981747e-02 	 7 1 4 4
     -2.51936156465272205821e-03 	 7 1 5 1
     -2.54801036192506269451e-03 	 7 1 5 2
      6.09182941233566668977e-04 	 7 1 5 3
      5.62339655906582002072e-04 	 7 1 5 4
      1.55167723185475740257e-03 	 7 1 5 5
      1.40943675362325372214e-04 	 7 1 6 1
      2.03196574089538464563e-04 	 7 1 6 2
      4.95665557999873580310e-04 	 7 1 6 3
      6.87733994880919234649e-04 	 7 1 6 4
     -1.21651734257839782703e-04 	 7 1 6 5
     -2.07901846542481866242e-02 	 7 1 6 6
      1.72529729944198260971e-02 	 7 1 7 1
      2.20830621819356103311e-03 	 7 1 7 2
      2.75478396526291236662e-03 	 7 1 7 3
      7.79227728895403763199e-05 	 7 1 7 4
      1.46804336331423485561e-03 	 7 1 7 5
     -1.56507521021201400149e-03 	 7 1 7 6
      4.63065995321455606271e-02 	 7 1 7 7
     -2.02925877973803838947e-03 	 7 1 8 1
     -7.25572615731689442298e-04 	 7 1 8 2
     -2.67473044736157980136e-04 	 7 1 8 3
      1.37050610291120826892e-03 	 7 1 8 4
     -6.35379775668123199933e-04 	 7 1 8 5
     -1.01672988833810757150e-03 	 7 1 8 6
     -5.90662583467275624158e-05 	 7 1 8 7
     -2.03469252575702828911e-02 	 7 1 8 8
      6.28347733706020785543e-03 	 7 2 1 1
     -1.64334321880016029881e-03 	 7 2 2 1
      3.16485248823334883173e-03 	 7 2 2 2
     -2.34139201758204343416e-04 	 7 2 3 1
     -3.33822328657755375975e-03 	 7 2 3 2
     -1.47054872057753613195e-03 	 7 2 3 3
      4.95656748566241462869e-04 	 7 2 4 1
      1.72789778947630393198e-03 	 7 2 4 2
      5.33638732497267393243e-04 	 7 2 4 3
      5.93145054366480610313e-04 	 7 2 4 4
     -1.68396926243106885047e-03 	 7 2 5 1
     -5.75681635562004783563e-03 	 7 2 5 2
     -6.49456000000630541934e-04 	 7 2 5 3
     -1.91612112912113924986e-04 	 7 2 5 4
     -5.27808837384942798436e-04 	 7 2 5 5
      5.37273181526651461871e-04 	 7 2 6 1
      6.12404081706755172056e-04 	 7 2 6 2
      2.99404626191116722371e-04 	 7 2 6 3
     -3.12542727810536389091e-03 	 7 2 6 4
     -6.82383881571134941722e-04 	 7 2 6 5
     -5.88318058537936391245e-03 	 7 2 6 6
      2.20830621819356797200e-03 	 7 2 7 1
      4.58248987429204970162e-03 	 7 2 7 2
     -1.12566478365445097123e-03 	 7 2 7 3
     -5.60855454384162426494e-04 	 7 2 7 4
      3.12412081003573096141e-03 	 7 2 7 5
     -1.14468328656500465366e-03 	 7 2 7 6
      1.29605354977558994561e-02 	 7 2 7 7
     -1.35174962848491533179e-03 	 7 2 8 1
      4.84362066804633502586e-04 	 7 2 8 2
     -5.31463913738672972219e-04 	 7 2 8 3
     -5.16695411940596501139e-04 	 7 2 8 4
     -2.57608083992991003519e-03 	 7 2 8 5
      2.88320009845365304163e-04 	 7 2 8 6
      5.38073475899019922162e-05 	 7 2 8 7
      4.91190682397393742903e-03 	 7 2 8 8
      1.11776897161043717484e-03 	 7 3 1 1
      1.00287197254205536628e-03 	 7 3 2 1
     -1.20836034099585406913e-03 	 7 3 2 2
     -3.99074742584199990136e-03 	 7 3 3 1
      1.65439065523020293474e-03 	 7 3 3 2
      1.53004732551462862417e-02 	 7 3 3 3
     -1.80443478198247838750e-04 	 7 3 4 1
     -1.36551162285965103395e-03 	 7 3 4 2
     -4.21364111730653781353e-04 	 7 3 4 3
     -9.63818661716447575016e-03 	 7 3 4 4
      9.38175030927574705487e-04 	 7 3 5 1
      3.60634036627238956790e-03 	 7 3 5 2
      8.61968301364527257451e-04 	 7 3 5 3
      5.45289961408887196778e-04 	 7 3 5 4
     -5.08904326209913700739e-04 	 7 3 5 5
     -2.73186251340611866573e-04 	 7 3 6 1
     -1.17781274604787601547e-04 	 7 3 6 2
      2.46441265952419613292e-04 	 7 3 6 3
      3.71279288334867103513e-03 	 7 3 6 4
      7.57508000924062853930e-04 	 7 3 6 5
     -3.33098534947447394786e-03 	 7 3 6 6
      2.75478396526291713711e-03 	 7 3 7 1
     -1.12566478365444815231e-03 	 7 3 7 2
      4.39285610474858274205e-03 	 7 3 7 3
      2.73632034373850173154e-04 	 7 3 7 4
     -1.34343559453202888825e-03 	 7 3 7 5
     -3.22238726628543793251e-05 	 7 3 7 6
      1.33712582130650278756e-02 	 7 3 7 7
      5.32021172342387140865e-04 	 7 3 8 1
     -3.30916787248889342730e-04 	 7 3 8 2
      8.45205259634558775730e-05 	 7 3 8 3
      9.46556929502696689852e-04 	 7 3 8 4
      1.77536225649581411862e-03 	 7 3 8 5
     -2.96527089495533964763e-04 	 7 3 8 6
      1.99314290354826359995e-04 	 7 3 8 7
     -1.14970131542612673259e-02 	 7 3 8 8
      1.17641806817824802478e-03 	 7 4 1 1
      2.24956271442819372283e-04 	 7 4 2 1
      1.99305580365796231393e-03 	 7 4 2 2
     -3.52339691726204977222e-04 	 7 4 3 1
      3.70235596271342910519e-04 	 7 4 3 2
      1.50417697288628810469e-03 	 7 4 3 3
     -8.27015084484138281694e-04 	 7 4 4 1
     -4.01515381620934364015e-04 	 7 4 4 2
     -4.30751699669830207407e-04 	 7 4 4 3
     -1.64866115471620604260e-03 	 7 4 4 4
      2.51275052613635909923e-04 	 7 4 5 1
      6.35405956618609649676e-04 	 7 4 5 2
      3.24430165713528195250e-04 	 7 4 5 3
      5.36919046506514798921e-05 	 7 4 5 4
      1.85369585242624377967e-03 	 7 4 5 5
     -2.08875980316348979935e-04 	 7 4 6 1
     -3.60320607694118353291e-04 	 7 4 6 2
      2.46113645278587405991e-04 	 7 4 6 3
      7.85417541858715183463e-04 	 7 4 6 4
     -2.09597423765462450955e-04 	 7 4 6 5
      9.27311838624322003211e-04 	 7 4 6 6
      7.79227728895419755181e-05 	 7 4 7 1
     -5.60855454384163835957e-04 	 7 4 7 2
      2.73632034373850281574e-04 	 7 4 7 3
      1.02727352396346722010e-03 	 7 4 7 4
     -5.33406750138631924330e-04 	 7 4 7 5
      7.52159912374015388048e-04 	 7 4 7 6
     -7.54900647454152546462e-04 	 7 4 7 7
      3.06253344771513242445e-04 	 7 4 8 1
     -6.87180775668470985793e-07 	 7 4 8 2
      9.07148348132838484121e-05 	 7 4 8 3
      2.00661468791037546182e-04 	 7 4 8 4
      2.85755305261032005286e-04 	 7 4 8 5
     -3.05778609271245622905e-05 	 7 4 8 6
     -8.67033550935699043934e-05 	 7 4 8 7
     -1.05866582408187631491e-05 	 7 4 8 8
     -3.93100037190953943873e-04 	 7 5 1 1
     -1.34972675089592257514e-03 	 7 5 2 1
     -3.72406075153607291420e-03 	 7 5 2 2
      6.71444442963593855593e-04 	 7 5 3 1
     -2.14588319425920541483e-03 	 7 5 3 2
     -4.42266469713446189888e-03 	 7 5 3 3
      4.88812175695379938327e-04 	 7 5 4 1
      1.31273107813423641800e-03 	 7 5 4 2
      6.94446967749582657302e-04 	 7 5 4 3
      2.33085919327986629962e-03 	 7 5 4 4
     -1.83666514068310570210e-03 	 7 5 5 1
     -4.20788661732648689578e-03 	 7 5 5 2
     -1.74556122884170759370e-03 	 7 5 5 3
     -1.71175417811992468991e-04 	 7 5 5 4
     -6.65717952699978847420e-03 	 7 5 5 5
      4.98825714660678341816e-04 	 7 5 6 1
      2.58681974506327384822e-04 	 7 5 6 2
      4.60399415504245763855e-04 	 7 5 6 3
     -3.17817612397301241592e-03 	 7 5 6 4
     -4.96003931089410935590e-04 	 7 5 6 5
     -5.24368044331160933907e-03 	 7 5 6 6
      1.46804336331422357990e-03 	 7 5 7 1
      3.12412081003572705828e-03 	 7 5 7 2
     -1.34343559453203083981e-03 	 7 5 7 3
     -5.33406750138633442213e-04 	 7 5 7 4
      4.47619554378688930263e-03 	 7 5 7 5
     -8.17844993279561328220e-04 	 7 5 7 6
      1.06242873142923747315e-02 	 7 5 7 7
     -1.17370823015027999671e-03 	 7 5 8 1
     -2.17161197075191970745e-04 	 7 5 8 2
     -3.84989729200961464193e-04 	 7 5 8 3
     -4.83024886818344862012e-04 	 7 5 8 4
     -2.07218838852291130717e-03 	 7 5 8 5
      3.71954019746381745349e-04 	 7 5 8 6
      4.19047080375610492536e-04 	 7 5 8 7
      3.57431309723133146250e-03 	 7 5 8 8
     -2.68399339986343269879e-03 	 7 6 1 1
      4.25290831848458865047e-04 	 7 6 2 1
      1.08812021665355028108e-03 	 7 6 2 2
      6.88431962300771601790e-04 	 7 6 3 1
      7.34497668886596039028e-04 	 7 6 3 2
     -1.18273793979605760119e-04 	 7 6 3 3
     -4.39728817999283125122e-04 	 7 6 4 1
     -6.30898851555079776508e-04 	 7 6 4 2
      9.02526690052939144964e-05 	 7 6 4 3
     -9.23464079405798593699e-04 	 7 6 4 4
      4.93238924490282514695e-04 	 7 6 5 1
      8.23160995144305365767e-04 	 7 6 5 2
      4.39096638433780870215e-04 	 7 6 5 3
     -4.90178655282491430867e-04 	 7 6 5 4
      1.65715563728959631128e-03 	 7 6 5 5
     -1.48924135132484452247e-03 	 7 6 6 1
     -6.36030559272573125205e-04 	 7 6 6 2
     -2.58781536609139313151e-04 	 7 6 6 3
      1.03027195630678563426e-03 	 7 6 6 4
     -4.39533097104894256244e-04 	 7 6 6 5
      1.46574380857006966034e-04 	 7 6 6 6
     -1.56507521021201508570e-03 	 7 6 7 1
     -1.14468328656500421998e-03 	 7 6 7 2
     -3.22238726628549959651e-05 	 7 6 7 3
      7.52159912374015062787e-04 	 7 6 7 4
     -8.17844993279562195582e-04 	 7 6 7 5
      2.32032218411962328983e-03 	 7 6 7 6
     -1.03164493064504588643e-02 	 7 6 7 7
      7.08510537224125839552e-04 	 7 6 8 1
      2.67869379585481073671e-06 	 7 6 8 2
      4.45889351237020302877e-04 	 7 6 8 3
     -1.57836314028817351952e-05 	 7 6 8 4
      4.84779314755839029188e-04 	 7 6 8 5
     -4.66742796834553172382e-04 	 7 6 8 6
     -2.93510689874478486819e-05 	 7 6 8 7
      4.36925721400304302271e-04 	 7 6 8 8
      2.68662261691709869371e-01 	 7 7 1 1
     -3.21034502809930616732e-04 	 7 7 2 1
      1.79896027457964430285e-01 	 7 7 2 2
     -1.93875250355286347925e-02 	 7 7 3 1
     -3.84362933501717447468e-03 	 7 7 3 2
      2.02186306430893719677e-01 	 7 7 3 3
      2.97622287919988926311e-03 	 7 7 4 1
      6.58857938648647791912e-05 	 7 7 4 2
     -9.46200214974983358322e-04 	 7 7 4 3
      1.30875626045618309590e-01 	 7 7 4 4
     -4.27604029702031984694e-03 	 7 7 5 1
      4.24657665601003726091e-04 	 7 7 5 2
      2.90180156671876639252e-03 	 7 7 5 3
      3.15313132560561792386e-05 	 7 7 5 4
      1.99584500742934017881e-01 	 7 7 5 5
     -9.10489968726408771885e-04 	 7 7 6 1
     -9.41025134425055569815e-04 	 7 7 6 2
      5.91544665388907980365e-04 	 7 7 6 3
      7.40192479682776679345e-03 	 7 7 6 4
     -2.61753314806616134078e-03 	 7 7 6 5
      1.46354314692477144311e-01 	 7 7 6 6
      4.63065995321455536882e-02 	 7 7 7 1
      1.29605354977558560881e-02 	 7 7 7 2
      1.33712582130650053241e-02 	 7 7 7 3
     -7.54900647454150594898e-04 	 7 7 7 4
      1.06242873142924250385e-02 	 7 7 7 5
     -1.03164493064504501907e-02 	 7 7 7 6
      4.81988245202037479675e-01 	 7 7 7 7
     -3.09860928418242975724e-03 	 7 7 8 1
      2.59290265329968844590e-03 	 7 7 8 2
      7.88072906876433770286e-04 	 7 7 8 3
     -3.22679186500937241130e-03 	 7 7 8 4
     -6.66579540217515946129e-04 	 7 7 8 5
     -1.39379380215203050458e-03 	 7 7 8 6
      6.18192882103611881205e-04 	 7 7 8 7
      1.46384321636822134494e-01 	 7 7 8 8
     -7.45169998803731688936e-03 	 8 1 1 1
      7.72668074821216180857e-04 	 8 1 2 1
     -1.25268720202818112635e-04 	 8 1 2 2
      1.70693853714115563111e-03 	 8 1 3 1
      1.66875200615248359647e-03 	 8 1 3 2
      1.26273304085973122127e-03 	 8 1 3 3
     -1.11461900259900094541e-03 	 8 1 4 1
     -9.79042435144569529043e-04 	 8 1 4 2
     -5.23059434236086196780e-04 	 8 1 4 3
     -2.21489472258883058828e-03 	 8 1 4 4
      2.08960660977711458128e-03 	 8 1 5 1
      2.78126941624719237200e-03 	 8 1 5 2
      7.73232096288504946319e-04 	 8 1 5 3
     -5.91224430889870336721e-04 	 8 1 5 4
      4.81155455100906129934e-03 	 8 1 5 5
     -1.14979315546924172955e-03 	 8 1 6 1
     -4.50063335664155871052e-04 	 8 1 6 2
     -6.45686017598390651386e-04 	 8 1 6 3
      1.55837761144315511790e-03 	 8 1 6 4
     -5.59253693447192253355e-04 	 8 1 6 5
      8.88204732063650054252e-03 	 8 1 6 6
     -2.02925877973804749677e-03 	 8 1 7 1
     -1.35174962848490058664e-03 	 8 1 7 2
      5.32021172342389417689e-04 	 8 1 7 3
      3.06253344771502292003e-04 	 8 1 7 4
     -1.17370823015029842815e-03 	 8 1 7 5
      7.08510537224135922632e-04 	 8 1 7 6
     -3.09860928418240113430e-03 	 8 1 7 7
      5.12766005484851204732e-03 	 8 1 8 1
     -3.56070672001471231084e-04 	 8 1 8 2
      2.36187820643995322056e-03 	 8 1 8 3
     -1.80659728478936793331e-04 	 8 1 8 4
      3.40011460670767984293e-03 	 8 1 8 5
     -1.46594166427647834387e-03 	 8 1 8 6
     -1.58921667967298267492e-03 	 8 1 8 7
     -6.41989493654053760413e-03 	 8 1 8 8
      3.98229212539899860013e-03 	 8 2 1 1
      1.05214376306128597758e-05 	 8 2 2 1
      1.12554883339910528212e-02 	 8 2 2 2
      9.62948512129152165914e-04 	 8 2 3 1
     -8.63136865856441257844e-04 	 8 2 3 2
      2.31250973224573575307e-03 	 8 2 3 3
     -9.70772954091532404471e-05 	 8 2 4 1
      1.18195589751763805927e-03 	 8 2 4 2
     -1.01542122505544697616e-05 	 8 2 4 3
      2.99877878802840306879e-03 	 8 2 4 4
      4.33324968054863931578e-04 	 8 2 5 1
     -1.39756796998498572862e-03 	 8 2 5 2
      4.24268081848690420486e-04 	 8 2 5 3
     -4.40637379530246222833e-04 	 8 2 5 4
      8.27200662515715709477e-03 	 8 2 5 5
      5.33805308137809446855e-06 	 8 2 6 1
      1.40538850690781843720e-04 	 8 2 6 2
      5.81912387678574336719e-05 	 8 2 6 3
      5.11163974626286168879e-04 	 8 2 6 4
     -3.59097811691536040937e-04 	 8 2 6 5
      4.16757389143247811841e-03 	 8 2 6 6
     -7.25572615731676648712e-04 	 8 2 7 1
      4.84362066804615667460e-04 	 8 2 7 2
     -3.30916787248898287398e-04 	 8 2 7 3
     -6.87180775656189008057e-07 	 8 2 7 4
     -2.17161197075160908353e-04 	 8 2 7 5
      2.67869379584518759539e-06 	 8 2 7 6
      2.59290265329963987365e-03 	 8 2 7 7
     -3.56070672001469116889e-04 	 8 2 8 1
      4.50925671069211768394e-03 	 8 2 8 2
     -2.10506799736557420610e-04 	 8 2 8 3
      2.71592143409661883249e-04 	 8 2 8 4
     -1.23107509365732981609e-03 	 8 2 8 5
      8.41896022996597889450e-05 	 8 2 8 6
      7.88792171101742548706e-05 	 8 2 8 7
      1.19258325766419693431e-02 	 8 2 8 8
      7.44905707432342006208e-04 	 8 3 1 1
      3.53286698896897513860e-04 	 8 3 2 1
      8.38927575398022251467e-04 	 8 3 2 2
      9.90821840980726049539e-04 	 8 3 3 1
      1.20724536455084525965e-03 	 8 3 3 2
     -3.74076677022813124454e-03 	 8 3 3 3
     -4.31014427884976111804e-04 	 8 3 4 1
     -3.79438981735061363169e-04 	 8 3 4 2
     -3.23558944762181242404e-04 	 8 3 4 3
     -2.43755708931654171100e-04 	 8 3 4 4
      6.78872301493683712008e-04 	 8 3 5 1
      1.44144614587496779426e-03 	 8 3 5 2
      7.15699220183924024116e-04 	 8 3 5 3
     -2.65645182528505936163e-04 	 8 3 5 4
      4.43499214071377267921e-03 	 8 3 5 5
     -5.28053024089704197384e-04 	 8 3 6 1
     -1.76164493741353848444e-04 	 8 3 6 2
     -4.11647257532366970742e-04 	 8 3 6 3
      7.32167754767218707454e-04 	 8 3 6 4
     -2.55157613583425763992e-04 	 8 3 6 5
      4.95190546990358949897e-03 	 8 3 6 6
     -2.67473044736159985910e-04 	 8 3 7 1
     -5.31463913738670912235e-04 	 8 3 7 2
      8.45205259634556471801e-05 	 8 3 7 3
      9.07148348132821950038e-05 	 8 3 7 4
     -3.84989729200964337329e-04 	 8 3 7 5
      4.45889351237023284433e-04 	 8 3 7 6
      7.88072906876440383919e-04 	 8 3 7 7
      2.36187820643995105216e-03 	 8 3 8 1
     -2.10506799736555794307e-04 	 8 3 8 2
      1.77709965561758114101e-03 	 8 3 8 3
     -1.81170429955041867656e-04 	 8 3 8 4
      1.42151826128076794187e-03 	 8 3 8 5
     -6.37135308493461290091e-04 	 8 3 8 6
     -7.19057225563096138674e-04 	 8 3 8 7
     -2.45976379132140229519e-03 	 8 3 8 8
     -6.84789088495247038474e-03 	 8 4 1 1
      4.22568344445350616012e-04 	 8 4 2 1
     -4.64326095308443143744e-03 	 8 4 2 2
     -1.91523324561079116325e-03 	 8 4 3 1
      8.04038914247297850993e-04 	 8 4 3 2
     -2.40836814686162022786e-03 	 8 4 3 3
     -4.74913992044303080817e-04 	 8 4 4 1
     -1.54018155390294136757e-03 	 8 4 4 2
     -5.14496210672974211772e-04 	 8 4 4 3
     -1.87189132085719377174e-02 	 8 4 4 4
      2.46175410687408675447e-04 	 8 4 5 1
      2.66895945979784535076e-04 	 8 4 5 2
      1.22952275834164765234e-04 	 8 4 5 3
      4.19435363792993517063e-04 	 8 4 5 4
     -8.00525776815792441954e-03 	 8 4 5 5
      2.45388725154093920167e-04 	 8 4 6 1
      6.90879653816935741968e-04 	 8 4 6 2
      1.02186517132703751998e-04 	 8 4 6 3
      1.27488729147866406040e-03 	 8 4 6 4
      1.02604368631014318536e-03 	 8 4 6 5
     -8.18699507407177201612e-03 	 8 4 6 6
      1.37050610291120761840e-03 	 8 4 7 1
     -5.16695411940602138991e-04 	 8 4 7 2
      9.46556929502705363469e-04 	 8 4 7 3
      2.00661468791032721482e-04 	 8 4 7 4
     -4.83024886818348548299e-04 	 8 4 7 5
     -1.57836314028773678933e-05 	 8 4 7 6
     -3.22679186500937067658e-03 	 8 4 7 7
     -1.80659728478897789157e-04 	 8 4 8 1
      2.71592143409586205937e-04 	 8 4 8 2
     -1.81170429955038208474e-04 	 8 4 8 3
      6.47023159964213619155e-03 	 8 4 8 4
      2.35331151332130177230e-04 	 8 4 8 5
     -6.67886983775562337491e-04 	 8 4 8 6
      8.78621274008589800593e-05 	 8 4 8 7
     -1.85589632929684701657e-02 	 8 4 8 8
     -4.29646319980923636211e-03 	 8 5 1 1
      1.37153932291230406214e-03 	 8 5 2 1
     -1.01651637988771741117e-02 	 8 5 2 2
     -5.09410550542234674644e-05 	 8 5 3 1
      4.15825365379559556273e-03 	 8 5 3 2
      2.83322866341626389969e-03 	 8 5 3 3
     -8.70897196531575336007e-04 	 8 5 4 1
     -2.25255121606501981443e-03 	 8 5 4 2
     -6.37714715093244221937e-04 	 8 5 4 3
     -2.04676463708579033443e-03 	 8 5 4 4
      3.24600801530112222787e-03 	 8 5 5 1
      7.12219008984384723687e-03 	 8 5 5 2
      1.64372155771409268754e-03 	 8 5 5 3
     -6.19983243668400618546e-04 	 8 5 5 4
     -9.42129600461912193599e-03 	 8 5 5 5
     -1.03258333960429380012e-03 	 8 5 6 1
     -5.05450361970432638682e-04 	 8 5 6 2
     -6.46221294581018424266e-04 	 8 5 6 3
      2.61955449181178797596e-03 	 8 5 6 4
     -4.94151479053487707564e-04 	 8 5 6 5
      1.22310986607314028940e-02 	 8 5 6 6
     -6.35379775668148353424e-04 	 8 5 7 1
     -2.57608083992988054489e-03 	 8 5 7 2
      1.77536225649582322592e-03 	 8 5 7 3
      2.85755305261008315468e-04 	 8 5 7 4
     -2.07218838852295554262e-03 	 8 5 7 5
      4.84779314755860713231e-04 	 8 5 7 6
     -6.66579540217482769543e-04 	 8 5 7 7
      3.40011460670767203668e-03 	 8 5 8 1
     -1.23107509365728818272e-03 	 8 5 8 2
      1.42151826128077661548e-03 	 8 5 8 3
      2.35331151332044742099e-04 	 8 5 8 4
      8.95180058458624160200e-03 	 8 5 8 5
     -1.82027661555709315694e-03 	 8 5 8 6
     -4.79210453772870069791e-04 	 8 5 8 7
     -1.75269620055703255479e-02 	 8 5 8 8
     -2.72027768526589665624e-03 	 8 6 1 1
     -4.80924461481610770065e-04 	 8 6 2 1
      1.39577173353309523691e-03 	 8 6 2 2
      7.49890541824478097654e-04 	 8 6 3 1
     -2.57588141670701592425e-04 	 8 6 3 2
     -4.29596490079090214537e-03 	 8 6 3 3
      5.54400876617451945395e-04 	 8 6 4 1
      8.51942717827361959727e-04 	 8 6 4 2
      2.60881871180822547899e-04 	 8 6 4 3
      7.60689523770002092723e-03 	 8 6 4 4
     -7.03784729022688946599e-04 	 8 6 5 1
     -9.69138591340162875278e-05 	 8 6 5 2
     -5.16457275700356755604e-04 	 8 6 5 3
      6.44637151845132809480e-04 	 8 6 5 4
     -4.15204847254041931742e-03 	 8 6 5 5
      1.24374879424796473855e-03 	 8 6 6 1
      3.48979967336812994458e-04 	 8 6 6 2
      7.62391980691799211155e-04 	 8 6 6 3
     -3.83204206231106247332e-04 	 8 6 6 4
      1.57898340695796922557e-03 	 8 6 6 5
      3.27280280827015350106e-03 	 8 6 6 6
     -1.01672988833810106629e-03 	 8 6 7 1
      2.88320009845352293737e-04 	 8 6 7 2
     -2.96527089495540469976e-04 	 8 6 7 3
     -3.05778609271083805731e-05 	 8 6 7 4
      3.71954019746393346312e-04 	 8 6 7 5
     -4.66742796834566182809e-04 	 8 6 7 6
     -1.39379380215203982872e-03 	 8 6 7 7
     -1.46594166427650089528e-03 	 8 6 8 1
      8.41896022996764585534e-05 	 8 6 8 2
     -6.37135308493463133235e-04 	 8 6 8 3
     -6.67886983775544339735e-04 	 8 6 8 4
     -1.82027661555710985365e-03 	 8 6 8 5
      3.03137391756531145853e-03 	 8 6 8 6
      4.05683335063777774244e-04 	 8 6 8 7
      7.97455465166528251753e-03 	 8 6 8 8
     -2.46068628805029250908e-03 	 8 7 1 1
     -7.72133915352264080419e-05 	 8 7 2 1
      2.69294959947539969645e-04 	 8 7 2 2
      1.58214431216448507978e-04 	 8 7 3 1
      1.89971285848352164491e-04 	 8 7 3 2
     -2.08066005500284105859e-03 	 8 7 3 3
      1.76027843329617145239e-04 	 8 7 4 1
      3.80342246709572081361e-05 	 8 7 4 2
     -3.93821207030391673073e-05 	 8 7 4 3
      8.57034881193391700344e-04 	 8 7 4 4
     -2.57146266989823296754e-04 	 8 7 5 1
     -6.55088695454673924532e-05 	 8 7 5 2
      3.89079525791471931900e-05 	 8 7 5 3
      2.07696063152557237885e-04 	 8 7 5 4
     -2.47858827330620394222e-03 	 8 7 5 5
      1.98793150133629113047e-04 	 8 7 6 1
      4.65333081999836579491e-05 	 8 7 6 2
      1.81961445733213510395e-04 	 8 7 6 3
      2.16897450141958505164e-04 	 8 7 6 4
      2.93714839667827117085e-04 	 8 7 6 5
     -1.42200609961392015861e-03 	 8 7 6 6
     -5.90662583467287821432e-05 	 8 7 7 1
      5.38073475898985159930e-05 	 8 7 7 2
      1.99314290354827850773e-04 	 8 7 7 3
     -8.67033550935685762458e-05 	 8 7 7 4
      4.19047080375611088847e-04 	 8 7 7 5
     -2.93510689874486042352e-05 	 8 7 7 6
      6.18192882103601689704e-04 	 8 7 7 7
     -1.58921667967297833811e-03 	 8 7 8 1
      7.88792171101688609648e-05 	 8 7 8 2
     -7.19057225563095379732e-04 	 8 7 8 3
      8.78621274008513093289e-05 	 8 7 8 4
     -4.79210453772858306198e-04 	 8 7 8 5
      4.05683335063783032624e-04 	 8 7 8 6
      1.21862766832248796758e-03 	 8 7 8 7
      8.68665174736459370052e-04 	 8 7 8 8
      1.88211052895004560259e-01 	 8 8 1 1
     -3.98858259589782680743e-03 	 8 8 2 1
      2.29368235783307783393e-01 	 8 8 2 2
      2.29041833098451337591e-02 	 8 8 3 1
     -9.46042243528159507160e-03 	 8 8 3 2
      1.48248474079769515521e-01 	 8 8 3 3
     -9.53054680862034883128e-05 	 8 8 4 1
      1.28556432669230079335e-02 	 8 8 4 2
      9.81058293563297515935e-04 	 8 8 4 3
      2.47655267776099113908e-01 	 8 8 4 4
     -4.21144060683440162735e-03 	 8 8 5 1
     -1.14197821989570173773e-02 	 8 8 5 2
     -2.00191307812770452265e-03 	 8 8 5 3
     -2.95747842767699010633e-03 	 8 8 5 4
      2.09122926804256759059e-01 	 8 8 5 5
     -1.49480663455649182393e-04 	 8 8 6 1
     -1.64603785281934003777e-03 	 8 8 6 2
     -5.42713782916217322982e-04 	 8 8 6 3
     -5.45546801730991196000e-03 	 8 8 6 4
     -4.95038167204679257355e-03 	 8 8 6 5
      1.97512868224136689532e-01 	 8 8 6 6
     -2.03469252575702932995e-02 	 8 8 7 1
      4.91190682397394263320e-03 	 8 8 7 2
     -1.14970131542612638564e-02 	 8 8 7 3
     -1.05866582408290291884e-05 	 8 8 7 4
      3.57431309723131281422e-03 	 8 8 7 5
      4.36925721400319589521e-04 	 8 8 7 6
      1.46384321636822328783e-01 	 8 8 7 7
     -6.41989493654049250132e-03 	 8 8 8 1
      1.19258325766419918945e-02 	 8 8 8 2
     -2.45976379132140186151e-03 	 8 8 8 3
     -1.85589632929685811880e-02 	 8 8 8 4
     -1.75269620055702769756e-02 	 8 8 8 5
      7.97455465166535017174e-03 	 8 8 8 6
      8.68665174736475090983e-04 	 8 8 8 7
      3.79581460987374108562e-01 	 8 8 8 8
 # Printing T + V integrals in spatial MO basis
     -2.22065360997328120618e+00 	 1 1 0 0
     -2.41138569788669626659e-02 	 1 2 0 0
     -1.64021763775391626883e-01 	 1 3 0 0
     -1.21031533200332283920e-03 	 1 4 0 0
      1.57052542812695206109e-01 	 1 5 0 0
     -1.14512760900856644386e-02 	 1 6 0 0
      1.66399387026676143231e-01 	 1 7 0 0
     -9.70653434506644563831e-04 	 1 8 0 0
     -2.41138569788599405053e-02 	 2 1 0 0
     -1.86694169028177103797e+00 	 2 2 0 0
      1.09173839069818586628e-02 	 2 3 0 0
     -3.11145067461452290436e-02 	 2 4 0 0
     -1.72338861890749484029e-01 	 2 5 0 0
      2.27471878505993291286e-02 	 2 6 0 0
     -1.37969087385168397847e-02 	 2 7 0 0
     -1.72914043111645487905e-01 	 2 8 0 0
     -1.64021763775401036023e-01 	 3 1 0 0
      1.09173839070443676885e-02 	 3 2 0 0
     -2.08494155420821192237e+00 	 3 3 0 0
      6.03480296075029412628e-03 	 3 4 0 0
      1.89513420084119060816e-04 	 3 5 0 0
     -1.58573916069608827906e-02 	 3 6 0 0
     -3.78958425365948925467e-02 	 3 7 0 0
     -1.13646142902774612352e-03 	 3 8 0 0
     -1.21031533200325778707e-03 	 4 1 0 0
     -3.11145067461499891248e-02 	 4 2 0 0
      6.03480296074471438822e-03 	 4 3 0 0
     -1.75747420899545203632e+00 	 4 4 0 0
      3.84267079116345795092e-03 	 4 5 0 0
     -1.83064247536158186680e-01 	 4 6 0 0
     -5.80905547061549495935e-03 	 4 7 0 0
      1.93667494689709368538e-01 	 4 8 0 0
      1.57052542812753270773e-01 	 5 1 0 0
     -1.72338861890743932914e-01 	 5 2 0 0
      1.89513420066086610283e-04 	 5 3 0 0
      3.84267079116308064857e-03 	 5 4 0 0
     -1.99457482094896310088e+00 	 5 5 0 0
      2.72369420079886410957e-03 	 5 6 0 0
     -3.00573021932267012840e-03 	 5 7 0 0
      4.12285585655463165944e-02 	 5 8 0 0
     -1.14512760900947734716e-02 	 6 1 0 0
      2.27471878506031142952e-02 	 6 2 0 0
     -1.58573916069532708240e-02 	 6 3 0 0
     -1.83064247536104618419e-01 	 6 4 0 0
      2.72369420079632100495e-03 	 6 5 0 0
     -1.80157649307477818468e+00 	 6 6 0 0
      1.27070505450108759554e-02 	 6 7 0 0
     -2.32379424179769318581e-02 	 6 8 0 0
      1.66399387026673756251e-01 	 7 1 0 0
     -1.37969087385067454288e-02 	 7 2 0 0
     -3.78958425365922280115e-02 	 7 3 0 0
     -5.80905547061745519688e-03 	 7 4 0 0
     -3.00573021933628770769e-03 	 7 5 0 0
      1.27070505450106591150e-02 	 7 6 0 0
     -2.03891445037969765153e+00 	 7 7 0 0
      4.97473661824195719644e-03 	 7 8 0 0
     -9.70653434481187388401e-04 	 8 1 0 0
     -1.72914043111649595730e-01 	 8 2 0 0
     -1.13646142901397784013e-03 	 8 3 0 0
      1.93667494689718611145e-01 	 8 4 0 0
      4.12285585655494113411e-02 	 8 5 0 0
     -2.32379424179823823593e-02 	 8 6 0 0
      4.97473661825818640192e-03 	 8 7 0 0
     -1.79870347640973182735e+00 	 8 8 0 0
 # Printing -1/2 \lambda \lambda q integrals in spatial MO basis
      0.00000000000000000000e+00 	 1 1 0 0
      0.00000000000000000000e+00 	 1 2 0 0
      0.00000000000000000000e+00 	 1 3 0 0
      0.00000000000000000000e+00 	 1 4 0 0
      0.00000000000000000000e+00 	 1 5 0 0
      0.00000000000000000000e+00 	 1 6 0 0
      0.00000000000000000000e+00 	 1 7 0 0
      0.00000000000000000000e+00 	 1 8 0 0
      0.00000000000000000000e+00 	 2 1 0 0
      0.00000000000000000000e+00 	 2 2 0 0
      0.00000000000000000000e+00 	 2 3 0 0
      0.00000000000000000000e+00 	 2 4 0 0
      0.00000000000000000000e+00 	 2 5 0 0
      0.00000000000000000000e+00 	 2 6 0 0
      0.00000000000000000000e+00 	 2 7 0 0
      0.00000000000000000000e+00 	 2 8 0 0
      0.00000000000000000000e+00 	 3 1 0 0
      0.00000000000000000000e+00 	 3 2 0 0
      0.00000000000000000000e+00 	 3 3 0 0
      0.00000000000000000000e+00 	 3 4 0 0
      0.00000000000000000000e+00 	 3 5 0 0
      0.00000000000000000000e+00 	 3 6 0 0
      0.00000000000000000000e+00 	 3 7 0 0
      0.00000000000000000000e+00 	 3 8 0 0
      0.00000000000000000000e+00 	 4 1 0 0
      0.00000000000000000000e+00 	 4 2 0 0
      0.00000000000000000000e+00 	 4 3 0 0
      0.00000000000000000000e+00 	 4 4 0 0
      0.00000000000000000000e+00 	 4 5 0 0
      0.00000000000000000000e+00 	 4 6 0 0
      0.00000000000000000000e+00 	 4 7 0 0
      0.00000000000000000000e+00 	 4 8 0 0
      0.00000000000000000000e+00 	 5 1 0 0
      0.00000000000000000000e+00 	 5 2 0 0
      0.00000000000000000000e+00 	 5 3 0 0
      0.00000000000000000000e+00 	 5 4 0 0
      0.00000000000000000000e+00 	 5 5 0 0
      0.00000000000000000000e+00 	 5 6 0 0
      0.00000000000000000000e+00 	 5 7 0 0
      0.00000000000000000000e+00 	 5 8 0 0
      0.00000000000000000000e+00 	 6 1 0 0
      0.00000000000000000000e+00 	 6 2 0 0
      0.00000000000000000000e+00 	 6 3 0 0
      0.00000000000000000000e+00 	 6 4 0 0
      0.00000000000000000000e+00 	 6 5 0 0
      0.00000000000000000000e+00 	 6 6 0 0
      0.00000000000000000000e+00 	 6 7 0 0
      0.00000000000000000000e+00 	 6 8 0 0
      0.00000000000000000000e+00 	 7 1 0 0
      0.00000000000000000000e+00 	 7 2 0 0
      0.00000000000000000000e+00 	 7 3 0 0
      0.00000000000000000000e+00 	 7 4 0 0
      0.00000000000000000000e+00 	 7 5 0 0
      0.00000000000000000000e+00 	 7 6 0 0
      0.00000000000000000000e+00 	 7 7 0 0
      0.00000000000000000000e+00 	 7 8 0 0
      0.00000000000000000000e+00 	 8 1 0 0
      0.00000000000000000000e+00 	 8 2 0 0
      0.00000000000000000000e+00 	 8 3 0 0
      0.00000000000000000000e+00 	 8 4 0 0
      0.00000000000000000000e+00 	 8 5 0 0
      0.00000000000000000000e+00 	 8 6 0 0
      0.00000000000000000000e+00 	 8 7 0 0
      0.00000000000000000000e+00 	 8 8 0 0
 # Printing \lambda mu integrals in spatial MO basis
      0.00000000000000000000e+00 	 1 1 0 0
      0.00000000000000000000e+00 	 1 2 0 0
      0.00000000000000000000e+00 	 1 3 0 0
      0.00000000000000000000e+00 	 1 4 0 0
      0.00000000000000000000e+00 	 1 5 0 0
      0.00000000000000000000e+00 	 1 6 0 0
      0.00000000000000000000e+00 	 1 7 0 0
      0.00000000000000000000e+00 	 1 8 0 0
      0.00000000000000000000e+00 	 2 1 0 0
      0.00000000000000000000e+00 	 2 2 0 0
      0.00000000000000000000e+00 	 2 3 0 0
      0.00000000000000000000e+00 	 2 4 0 0
      0.00000000000000000000e+00 	 2 5 0 0
      0.00000000000000000000e+00 	 2 6 0 0
      0.00000000000000000000e+00 	 2 7 0 0
      0.00000000000000000000e+00 	 2 8 0 0
      0.00000000000000000000e+00 	 3 1 0 0
      0.00000000000000000000e+00 	 3 2 0 0
      0.00000000000000000000e+00 	 3 3 0 0
      0.00000000000000000000e+00 	 3 4 0 0
      0.00000000000000000000e+00 	 3 5 0 0
      0.00000000000000000000e+00 	 3 6 0 0
      0.00000000000000000000e+00 	 3 7 0 0
      0.00000000000000000000e+00 	 3 8 0 0
      0.00000000000000000000e+00 	 4 1 0 0
      0.00000000000000000000e+00 	 4 2 0 0
      0.00000000000000000000e+00 	 4 3 0 0
      0.00000000000000000000e+00 	 4 4 0 0
      0.00000000000000000000e+00 	 4 5 0 0
      0.00000000000000000000e+00 	 4 6 0 0
      0.00000000000000000000e+00 	 4 7 0 0
      0.00000000000000000000e+00 	 4 8 0 0
      0.00000000000000000000e+00 	 5 1 0 0
      0.00000000000000000000e+00 	 5 2 0 0
      0.00000000000000000000e+00 	 5 3 0 0
      0.00000000000000000000e+00 	 5 4 0 0
      0.00000000000000000000e+00 	 5 5 0 0
      0.00000000000000000000e+00 	 5 6 0 0
      0.00000000000000000000e+00 	 5 7 0 0
      0.00000000000000000000e+00 	 5 8 0 0
      0.00000000000000000000e+00 	 6 1 0 0
      0.00000000000000000000e+00 	 6 2 0 0
      0.00000000000000000000e+00 	 6 3 0 0
      0.00000000000000000000e+00 	 6 4 0 0
      0.00000000000000000000e+00 	 6 5 0 0
      0.00000000000000000000e+00 	 6 6 0 0
      0.00000000000000000000e+00 	 6 7 0 0
      0.00000000000000000000e+00 	 6 8 0 0
      0.00000000000000000000e+00 	 7 1 0 0
      0.00000000000000000000e+00 	 7 2 0 0
      0.00000000000000000000e+00 	 7 3 0 0
      0.00000000000000000000e+00 	 7 4 0 0
      0.00000000000000000000e+00 	 7 5 0 0
      0.00000000000000000000e+00 	 7 6 0 0
      0.00000000000000000000e+00 	 7 7 0 0
      0.00000000000000000000e+00 	 7 8 0 0
      0.00000000000000000000e+00 	 8 1 0 0
      0.00000000000000000000e+00 	 8 2 0 0
      0.00000000000000000000e+00 	 8 3 0 0
      0.00000000000000000000e+00 	 8 4 0 0
      0.00000000000000000000e+00 	 8 5 0 0
      0.00000000000000000000e+00 	 8 6 0 0
      0.00000000000000000000e+00 	 8 7 0 0
      0.00000000000000000000e+00 	 8 8 0 0
 # Printing nuclear repulsion energy
     -2.99493897528127945407e+03 	 0 0 0 0
 # Printing photon energy
      1.36000000000000009770e-01 	 0 0 0 0
 # Printing lambda vector
  0.0000000000e+00, 0.0000000000e+00, 0.0000000000e+00 	 0 0 0 0
 # Printing RHF Electronic Dipole Moment
  2.5884148717e+00, -1.2892015490e+01, -1.2655558816e+01 	 0 0 0 0
 # Printing Nuclear Dipole Moment
  -6.2324620579e+00, 1.4042586421e+01, 1.3882938397e+01 	 0 0 0 0
