&FCI NORB=8,NELEC=0,MS2=0
ORBSYM=1,1,1,1,
ISYM=1,
/
      4.55620449097382529402e-01 	 1 1 1 1
      3.52355457008041786371e-02 	 1 1 2 1
      1.90955659071054661968e-01 	 1 1 2 2
     -4.15229178664199644001e-06 	 1 1 3 1
      9.91254170713278867221e-06 	 1 1 3 2
      3.91037067005816196819e-01 	 1 1 3 3
      8.82647199754349875837e-06 	 1 1 4 1
      4.12247431316687876343e-05 	 1 1 4 2
     -3.92897418919348762056e-02 	 1 1 4 3
      1.57536909280290710056e-01 	 1 1 4 4
     -5.31375429119099115804e-02 	 1 1 5 1
     -1.04875832341497373344e-03 	 1 1 5 2
     -5.95769137973096392288e-06 	 1 1 5 3
      1.90947470403226855339e-05 	 1 1 5 4
      3.17755344186694155262e-01 	 1 1 5 5
     -2.41242242720052212643e-05 	 1 1 6 1
     -5.72658633286075860404e-06 	 1 1 6 2
      6.05647812221534603827e-03 	 1 1 6 3
     -3.23379691667618970885e-02 	 1 1 6 4
      7.68468136485878387451e-05 	 1 1 6 5
      1.67846591046212134657e-01 	 1 1 6 6
      2.34748888307739524139e-02 	 1 1 7 1
      1.55072742344583049123e-02 	 1 1 7 2
      2.58368993932074296190e-06 	 1 1 7 3
      7.79541228583309028679e-06 	 1 1 7 4
     -4.59070877178964012466e-02 	 1 1 7 5
     -3.22815571572038348055e-05 	 1 1 7 6
      2.06876129965649635523e-01 	 1 1 7 7
      9.93231372417117952534e-03 	 1 1 8 1
     -5.47718540479937565646e-02 	 1 1 8 2
     -2.36038856534915101527e-06 	 1 1 8 3
     -1.88221715920985017197e-05 	 1 1 8 4
     -8.84248444383836096350e-02 	 1 1 8 5
     -3.61916999170626548996e-05 	 1 1 8 6
     -1.49693100949972127817e-02 	 1 1 8 7
      2.11449336585121078214e-01 	 1 1 8 8
      3.52355457008042202705e-02 	 2 1 1 1
      1.81585895328951960059e-02 	 2 1 2 1
     -2.21621694008309715052e-02 	 2 1 2 2
      3.79839131025450539721e-06 	 2 1 3 1
      6.41455724713747682238e-07 	 2 1 3 2
      4.50526787106614035050e-02 	 2 1 3 3
      5.55889604407821151858e-06 	 2 1 4 1
     -1.20439233488179962280e-05 	 2 1 4 2
     -7.97197689929514570484e-03 	 2 1 4 3
     -2.01714775713491417664e-02 	 2 1 4 4
      2.07190540070459295816e-03 	 2 1 5 1
      8.58884656814553476556e-03 	 2 1 5 2
      2.22576728441486810771e-06 	 2 1 5 3
      7.46641012478331773224e-07 	 2 1 5 4
      1.81164552551962530769e-02 	 2 1 5 5
     -8.06700337239860138587e-07 	 2 1 6 1
      6.11648093044611263912e-06 	 2 1 6 2
      3.60776998345521595496e-03 	 2 1 6 3
      7.13471264639379057493e-03 	 2 1 6 4
      1.40315606396630579103e-05 	 2 1 6 5
     -2.34490732799011135368e-02 	 2 1 6 6
      5.54725939169156342934e-03 	 2 1 7 1
     -2.81223648038448096817e-03 	 2 1 7 2
     -4.76339646790205694179e-07 	 2 1 7 3
     -5.67688231517527242730e-07 	 2 1 7 4
     -1.62167765018332091231e-02 	 2 1 7 5
     -5.57784800787201063681e-06 	 2 1 7 6
     -2.06127851221652412528e-02 	 2 1 7 7
     -1.13285106626677227470e-02 	 2 1 8 1
      6.44525466315008614682e-03 	 2 1 8 2
     -1.44747281002055193708e-06 	 2 1 8 3
      9.71005768875410521480e-07 	 2 1 8 4
     -1.15054646697159597413e-02 	 2 1 8 5
     -6.51744120368368107769e-06 	 2 1 8 6
      1.24067851903348919801e-02 	 2 1 8 7
     -1.72850244151468782072e-02 	 2 1 8 8
      1.90955659071054634213e-01 	 2 2 1 1
     -2.21621694008309784441e-02 	 2 2 2 1
      2.70117392227750996447e-01 	 2 2 2 2
     -6.21985254867809622090e-06 	 2 2 3 1
     -4.97950453230902224519e-07 	 2 2 3 2
      1.65405115535331881382e-01 	 2 2 3 3
     -1.31333171677829000788e-05 	 2 2 4 1
      3.04555858942799191028e-05 	 2 2 4 2
      9.82645751930295158205e-03 	 2 2 4 3
      2.44211481915567435452e-01 	 2 2 4 4
     -1.22197429583224687066e-02 	 2 2 5 1
     -1.53287868257380964498e-02 	 2 2 5 2
     -4.84933037749416057447e-06 	 2 2 5 3
     -7.48332135620496245086e-06 	 2 2 5 4
      2.05704953616099278646e-01 	 2 2 5 5
      1.82948772949194410967e-06 	 2 2 6 1
     -2.08401774976883819468e-05 	 2 2 6 2
     -3.46669246475497924362e-03 	 2 2 6 3
     -1.62990700578725215830e-02 	 2 2 6 4
     -6.69177351699813864421e-06 	 2 2 6 5
      2.39653796891090842269e-01 	 2 2 6 6
     -3.75393315367755124948e-03 	 2 2 7 1
      1.63517447277393285221e-02 	 2 2 7 2
      5.03160715342451648627e-08 	 2 2 7 3
     -6.02324804643985764371e-06 	 2 2 7 4
      1.27815143007689348276e-02 	 2 2 7 5
      2.66260991509942612527e-05 	 2 2 7 6
      2.40617421724766161750e-01 	 2 2 7 7
      1.92717644047450710476e-02 	 2 2 8 1
     -1.18532627456316673464e-02 	 2 2 8 2
      1.28274858639815384652e-06 	 2 2 8 3
      5.75669336106399782206e-06 	 2 2 8 4
      1.35390602584773579037e-02 	 2 2 8 5
      1.29299764700076464437e-05 	 2 2 8 6
     -2.25474403529548513003e-02 	 2 2 8 7
      2.44447257324796163314e-01 	 2 2 8 8
     -4.15229178678198472817e-06 	 3 1 1 1
      3.79839131026085560322e-06 	 3 1 2 1
     -6.21985254867670454577e-06 	 3 1 2 2
      1.13023627021506048451e-01 	 3 1 3 1
      3.33810823653403893063e-02 	 3 1 3 2
      7.35847567965744612980e-06 	 3 1 3 3
     -1.41829846858350615280e-02 	 3 1 4 1
     -1.19148225510641338210e-02 	 3 1 4 2
      1.12359726231958314554e-05 	 3 1 4 3
     -5.56488756128292504842e-06 	 3 1 4 4
     -2.08312849237742308647e-06 	 3 1 5 1
      3.00644491932996199863e-08 	 3 1 5 2
      8.91480064886929074452e-02 	 3 1 5 3
     -1.08555669437999241511e-02 	 3 1 5 4
     -2.03534958977507317295e-08 	 3 1 5 5
      2.27128759472826260296e-03 	 3 1 6 1
      8.62474816102758168324e-03 	 3 1 6 2
      3.85740797779694143078e-05 	 3 1 6 3
     -3.23383558141526093543e-06 	 3 1 6 4
      4.45021057187537346159e-04 	 3 1 6 5
      1.94876490608393487382e-06 	 3 1 6 6
      4.29578284235290540758e-07 	 3 1 7 1
      1.18396419046773765590e-06 	 3 1 7 2
     -2.46372331568090637000e-02 	 3 1 7 3
      8.79242803116841303845e-03 	 3 1 7 4
      2.49309881184809505240e-06 	 3 1 7 5
     -9.76499387463863541270e-03 	 3 1 7 6
     -4.32736378573204651502e-07 	 3 1 7 7
     -8.36595146682658297524e-09 	 3 1 8 1
     -3.32578018078852381283e-06 	 3 1 8 2
     -5.06341386235578880259e-02 	 3 1 8 3
      5.50189991807829587717e-03 	 3 1 8 4
      3.32515727000307287785e-07 	 3 1 8 5
     -6.33750762071874466919e-03 	 3 1 8 6
      2.22751500977964425449e-06 	 3 1 8 7
     -1.28550731108899623088e-06 	 3 1 8 8
      9.91254170708211577317e-06 	 3 2 1 1
      6.41455724716553055359e-07 	 3 2 2 1
     -4.97950453228954895774e-07 	 3 2 2 2
      3.33810823653404170619e-02 	 3 2 3 1
      1.05668213804338776557e-02 	 3 2 3 2
      1.26634183966042300913e-05 	 3 2 3 3
     -4.95506141158904168248e-03 	 3 2 4 1
     -1.43454353025687349546e-04 	 3 2 4 2
     -4.96779844730650073098e-08 	 3 2 4 3
     -5.07081615927661943742e-06 	 3 2 4 4
     -2.30908409850316040459e-07 	 3 2 5 1
     -2.18158536719634135484e-06 	 3 2 5 2
      2.72133402646182326334e-02 	 3 2 5 3
     -3.80999766802550586878e-03 	 3 2 5 4
      3.59320933071473903108e-06 	 3 2 5 5
      1.43731362635549672450e-03 	 3 2 6 1
      4.99780368416785701451e-04 	 3 2 6 2
      1.13316254574789238387e-05 	 3 2 6 3
     -6.24033825952626683512e-06 	 3 2 6 4
      1.93921094486074110236e-03 	 3 2 6 5
      3.20908714641992851642e-06 	 3 2 6 6
     -1.64213033500763023032e-07 	 3 2 7 1
      3.32913378728771351341e-08 	 3 2 7 2
     -7.71823246205551819626e-03 	 3 2 7 3
      1.08001882221927516733e-03 	 3 2 7 4
      4.20023824170798079045e-07 	 3 2 7 5
     -1.39715215538110390037e-04 	 3 2 7 6
      3.22075677030111283308e-06 	 3 2 7 7
     -9.97334451609145911625e-08 	 3 2 8 1
     -5.76943575415217209114e-06 	 3 2 8 2
     -1.52544981911118277679e-02 	 3 2 8 3
      3.28461349729681356679e-03 	 3 2 8 4
     -5.76711704773484080955e-06 	 3 2 8 5
     -4.70673146160049461241e-04 	 3 2 8 6
     -1.83523524427445028901e-06 	 3 2 8 7
      2.58567846449458580991e-06 	 3 2 8 8
      3.91037067005816307841e-01 	 3 3 1 1
      4.50526787106614173828e-02 	 3 3 2 1
      1.65405115535331687093e-01 	 3 3 2 2
      7.35847567959042041268e-06 	 3 3 3 1
      1.26634183965825409656e-05 	 3 3 3 2
      4.57918769491752475354e-01 	 3 3 3 3
      1.30101106976556122995e-05 	 3 3 4 1
      2.79887828637085386092e-05 	 3 3 4 2
     -4.99425038907998775084e-02 	 3 3 4 3
      1.43095372339017479213e-01 	 3 3 4 4
      3.80480132617520075411e-02 	 3 3 5 1
      2.00568863423048332484e-02 	 3 3 5 2
      3.52191090280871492945e-06 	 3 3 5 3
      1.94098592595455620542e-05 	 3 3 5 4
      2.90719694130518901964e-01 	 3 3 5 5
      1.61540696181431677955e-05 	 3 3 6 1
      4.27704858409496926674e-06 	 3 3 6 2
      1.22744927624147837780e-02 	 3 3 6 3
     -2.38617750536923682592e-02 	 3 3 6 4
      7.13129933498377131373e-05 	 3 3 6 5
      1.45782067916553903508e-01 	 3 3 6 6
     -4.82416062573849929035e-03 	 3 3 7 1
      8.09993554020069575494e-04 	 3 3 7 2
     -4.15833728489195787987e-07 	 3 3 7 3
      1.84659028157792828413e-06 	 3 3 7 4
     -4.34873320534171353691e-02 	 3 3 7 5
     -2.55934463820474553868e-05 	 3 3 7 6
      1.72412264461900138768e-01 	 3 3 7 7
     -3.28126502055538366021e-02 	 3 3 8 1
     -4.44706562289700763069e-02 	 3 3 8 2
     -7.72821421960334409588e-06 	 3 3 8 3
     -1.32384220217069848439e-05 	 3 3 8 4
     -8.61204916373865120294e-02 	 3 3 8 5
     -3.65337796578182839521e-05 	 3 3 8 6
      6.86758492398531223549e-04 	 3 3 8 7
      1.86368599769896448048e-01 	 3 3 8 8
      8.82647199754318027398e-06 	 4 1 1 1
      5.55889604407894166098e-06 	 4 1 2 1
     -1.31333171677870911979e-05 	 4 1 2 2
     -1.41829846858350441807e-02 	 4 1 3 1
     -4.95506141158904601929e-03 	 4 1 3 2
      1.30101106976794833820e-05 	 4 1 3 3
      4.75510761196253333577e-03 	 4 1 4 1
     -7.65696994304396021114e-03 	 4 1 4 2
     -5.03819127879069531917e-06 	 4 1 4 3
     -2.79132899276805855103e-06 	 4 1 4 4
      3.88587295771202392278e-06 	 4 1 5 1
      1.71978785114309526744e-07 	 4 1 5 2
     -1.14108436163682137876e-02 	 4 1 5 3
      4.05233896434870847353e-03 	 4 1 5 4
      6.56703454500454372820e-06 	 4 1 5 5
     -2.18893924365373866714e-03 	 4 1 6 1
      5.92805381836455924649e-03 	 4 1 6 2
     -3.64800942502186048338e-06 	 4 1 6 3
      4.76634808064314484198e-06 	 4 1 6 4
     -6.09311896300753462474e-03 	 4 1 6 5
     -7.32991583563842637335e-06 	 4 1 6 6
      1.07030716499409003233e-06 	 4 1 7 1
     -6.44153429276504964263e-07 	 4 1 7 2
      3.88397083389994133076e-03 	 4 1 7 3
      4.04176494152182035069e-03 	 4 1 7 4
     -1.37763976340120825327e-06 	 4 1 7 5
     -9.36290179070498398972e-03 	 4 1 7 6
     -5.21554482484835966322e-06 	 4 1 7 7
     -4.76324045382611936336e-06 	 4 1 8 1
     -3.89082050867346238870e-07 	 4 1 8 2
      6.77325947131562217107e-03 	 4 1 8 3
     -6.77280927218203848694e-03 	 4 1 8 4
     -1.80581922758325747238e-06 	 4 1 8 5
     -4.64622085089732173718e-03 	 4 1 8 6
      7.39789208142098077850e-06 	 4 1 8 7
     -8.45181928553560401357e-06 	 4 1 8 8
      4.12247431316721689898e-05 	 4 2 1 1
     -1.20439233488065816120e-05 	 4 2 2 1
      3.04555858942685824138e-05 	 4 2 2 2
     -1.19148225510641286168e-02 	 4 2 3 1
     -1.43454353025684395095e-04 	 4 2 3 2
      2.79887828636652348968e-05 	 4 2 3 3
     -7.65696994304395847641e-03 	 4 2 4 1
      3.46999894730575381141e-02 	 4 2 4 2
     -1.28621126152238358459e-05 	 4 2 4 3
      1.54203197545834314881e-06 	 4 2 4 4
     -5.35613995636806116969e-06 	 4 2 5 1
     -1.52875829460440920227e-05 	 4 2 5 2
     -9.19810500627869093160e-03 	 4 2 5 3
     -7.91402357025279556968e-03 	 4 2 5 4
      6.77908151560546931027e-06 	 4 2 5 5
      5.99750722756343945807e-03 	 4 2 6 1
     -2.32191998570590793505e-02 	 4 2 6 2
     -8.39694474112169365432e-06 	 4 2 6 3
     -2.67545139418560037556e-05 	 4 2 6 4
      1.94790426211194286910e-02 	 4 2 6 5
      3.94937397061544657757e-05 	 4 2 6 6
     -4.82636340198023965390e-07 	 4 2 7 1
     -4.93845409402248273752e-06 	 4 2 7 2
      4.70082431579178186987e-04 	 4 2 7 3
     -1.93332084303338321007e-02 	 4 2 7 4
      2.71544714298155870848e-06 	 4 2 7 5
      3.51943165541878308367e-02 	 4 2 7 6
      2.92302258416623062084e-05 	 4 2 7 7
      4.67054492406599182732e-06 	 4 2 8 1
     -1.79732280360100125460e-05 	 4 2 8 2
      5.01170945555647062708e-03 	 4 2 8 3
      1.96132694089917875013e-02 	 4 2 8 4
     -2.51494700810281932111e-05 	 4 2 8 5
      1.62246208766350721864e-02 	 4 2 8 6
     -1.90118601351674854679e-05 	 4 2 8 7
      3.57400908890686982945e-05 	 4 2 8 8
     -3.92897418919348623279e-02 	 4 3 1 1
     -7.97197689929514917428e-03 	 4 3 2 1
      9.82645751930295678622e-03 	 4 3 2 2
      1.12359726232066819474e-05 	 4 3 3 1
     -4.96779844686456989343e-08 	 4 3 3 2
     -4.99425038907998636306e-02 	 4 3 3 3
     -5.03819127878933921942e-06 	 4 3 4 1
     -1.28621126152264226845e-05 	 4 3 4 2
      1.23458738836786756365e-02 	 4 3 4 3
      1.50371862966613163010e-02 	 4 3 4 4
     -6.56993081631656195701e-03 	 4 3 5 1
     -9.77543893857981543993e-04 	 4 3 5 2
      9.99985162507717055590e-06 	 4 3 5 3
     -5.91424058639673467456e-06 	 4 3 5 4
     -1.70792040095829843194e-02 	 4 3 5 5
     -1.89118539428472287587e-06 	 4 3 6 1
     -2.80820280707417444137e-06 	 4 3 6 2
     -1.51781986938905131407e-03 	 4 3 6 3
      5.74000065051486277334e-03 	 4 3 6 4
     -1.35096242381677339591e-05 	 4 3 6 5
      6.81068985139507421245e-03 	 4 3 6 6
      8.75782076073875902396e-04 	 4 3 7 1
      2.71122647315914680304e-04 	 4 3 7 2
     -2.91692322923792590034e-06 	 4 3 7 3
      8.56991655328005165349e-07 	 4 3 7 4
      6.59271371996880770766e-03 	 4 3 7 5
      6.66854255596660527964e-06 	 4 3 7 6
      2.05954586512298700243e-03 	 4 3 7 7
      6.21102660566509329892e-03 	 4 3 8 1
      1.16306090563284073025e-02 	 4 3 8 2
     -3.85104711783906637220e-06 	 4 3 8 3
      6.25851051262302862665e-06 	 4 3 8 4
      1.90736256699322904995e-02 	 4 3 8 5
      6.86988588960680087630e-06 	 4 3 8 6
     -6.15912499050526415952e-04 	 4 3 8 7
      1.89480851282996577180e-03 	 4 3 8 8
      1.57536909280290737811e-01 	 4 4 1 1
     -2.01714775713491313580e-02 	 4 4 2 1
      2.44211481915567324430e-01 	 4 4 2 2
     -5.56488756129819451136e-06 	 4 4 3 1
     -5.07081615928745552992e-06 	 4 4 3 2
      1.43095372339017368191e-01 	 4 4 3 3
     -2.79132899276331050784e-06 	 4 4 4 1
      1.54203197544812623740e-06 	 4 4 4 2
      1.50371862966613267093e-02 	 4 4 4 3
      2.66491052836173025753e-01 	 4 4 4 4
     -5.18062148126389055564e-03 	 4 4 5 1
     -1.62352914524776063832e-02 	 4 4 5 2
     -4.20672629289131326129e-06 	 4 4 5 3
     -5.52835889395081157708e-06 	 4 4 5 4
      1.85519636804031634592e-01 	 4 4 5 5
      5.72806641710353060579e-07 	 4 4 6 1
     -5.12299049447900935628e-06 	 4 4 6 2
     -3.62761970780703900397e-03 	 4 4 6 3
     -1.62574529524355556979e-03 	 4 4 6 4
     -2.99083760948555817485e-05 	 4 4 6 5
      2.56098792026901611596e-01 	 4 4 6 6
      9.30385685932170808030e-04 	 4 4 7 1
     -5.39505177879939009505e-03 	 4 4 7 2
      5.53862903586294613390e-07 	 4 4 7 3
     -6.15893478365157595237e-06 	 4 4 7 4
      2.36633150756279247995e-02 	 4 4 7 5
     -6.02069895486183974884e-07 	 4 4 7 6
      2.30408817926673725740e-01 	 4 4 7 7
      7.21206678219392469803e-03 	 4 4 8 1
      1.10643206400244872856e-02 	 4 4 8 2
      2.94501922424540157224e-06 	 4 4 8 3
     -4.42266932003765623756e-06 	 4 4 8 4
      2.46632896838595364053e-02 	 4 4 8 5
      4.21044112330938444721e-06 	 4 4 8 6
     -6.37865592289948470095e-04 	 4 4 8 7
      2.34906723863890970483e-01 	 4 4 8 8
     -5.31375429119100295416e-02 	 5 1 1 1
      2.07190540070459642760e-03 	 5 1 2 1
     -1.22197429583224461552e-02 	 5 1 2 2
     -2.08312849234433586197e-06 	 5 1 3 1
     -2.30908409852564383539e-07 	 5 1 3 2
      3.80480132617519381522e-02 	 5 1 3 3
      3.88587295771096767269e-06 	 5 1 4 1
     -5.35613995637120535599e-06 	 5 1 4 2
     -6.56993081631657496744e-03 	 5 1 4 3
     -5.18062148126388535146e-03 	 5 1 4 4
      6.62683099859466412385e-02 	 5 1 5 1
      1.14912669555556953144e-02 	 5 1 5 2
     -8.43199261770111661107e-07 	 5 1 5 3
      3.25176781367135022893e-06 	 5 1 5 4
     -2.57714653973950373611e-02 	 5 1 5 5
      2.83367506191141207690e-05 	 5 1 6 1
      6.32509345280432742843e-06 	 5 1 6 2
      3.23633250765457611275e-03 	 5 1 6 3
      1.25734376440341693356e-04 	 5 1 6 4
     -9.37665640493228870012e-06 	 5 1 6 5
     -8.51577134252204555331e-03 	 5 1 6 6
     -2.11229702222285702085e-02 	 5 1 7 1
     -1.18694038933186262613e-02 	 5 1 7 2
      1.50393537840348432459e-07 	 5 1 7 3
     -2.11337600656486420300e-06 	 5 1 7 4
      7.35476388930927840043e-03 	 5 1 7 5
      3.33014679918959237082e-06 	 5 1 7 6
     -1.80583649549185577821e-02 	 5 1 7 7
     -2.83688965765650120965e-02 	 5 1 8 1
      4.12646181207361115173e-03 	 5 1 8 2
      3.51074370018026822947e-07 	 5 1 8 3
      2.25214208072483380356e-06 	 5 1 8 4
      3.46262115882707425044e-03 	 5 1 8 5
      4.44297519446017137549e-07 	 5 1 8 6
      6.51138277305657320326e-03 	 5 1 8 7
     -1.48104679975285691979e-02 	 5 1 8 8
     -1.04875832341498522599e-03 	 5 2 1 1
      8.58884656814553996973e-03 	 5 2 2 1
     -1.53287868257380999193e-02 	 5 2 2 2
      3.00644492031525785440e-08 	 5 2 3 1
     -2.18158536719642139946e-06 	 5 2 3 2
      2.00568863423047950845e-02 	 5 2 3 3
      1.71978785113545688314e-07 	 5 2 4 1
     -1.52875829460400703102e-05 	 5 2 4 2
     -9.77543893857990868132e-04 	 5 2 4 3
     -1.62352914524776029137e-02 	 5 2 4 4
      1.14912669555556901102e-02 	 5 2 5 1
      1.90847870154059670589e-02 	 5 2 5 2
      3.49449022628136652957e-07 	 5 2 5 3
     -2.66730783925205076960e-06 	 5 2 5 4
     -7.91632675866617594807e-05 	 5 2 5 5
      4.96169837258654987177e-06 	 5 2 6 1
     -4.40925742680341139666e-06 	 5 2 6 2
      3.55017974366949066664e-03 	 5 2 6 3
      1.07433356924819881084e-02 	 5 2 6 4
      9.49533678423852276808e-06 	 5 2 6 5
     -2.73590360301154758571e-02 	 5 2 6 6
     -4.68551525726126731619e-03 	 5 2 7 1
      6.14127989353967034501e-04 	 5 2 7 2
      2.03234951583249848217e-08 	 5 2 7 3
      1.27558987944226251746e-06 	 5 2 7 4
     -9.74507196539958070458e-03 	 5 2 7 5
      4.77985155140416841883e-06 	 5 2 7 6
     -2.21485620224206869455e-02 	 5 2 7 7
     -6.30848323765546663278e-03 	 5 2 8 1
      6.78239184775321010679e-03 	 5 2 8 2
      3.55541983428557867662e-07 	 5 2 8 3
      3.55001941333227102315e-06 	 5 2 8 4
     -4.42665483131574153276e-04 	 5 2 8 5
      1.06979351707004369430e-06 	 5 2 8 6
      2.28764294379959175207e-03 	 5 2 8 7
     -1.05598011223302888639e-02 	 5 2 8 8
     -5.95769137969224943499e-06 	 5 3 1 1
      2.22576728442283529961e-06 	 5 3 2 1
     -4.84933037750355247578e-06 	 5 3 2 2
      8.91480064886928935675e-02 	 5 3 3 1
      2.72133402646181944695e-02 	 5 3 3 2
      3.52191090274027170269e-06 	 5 3 3 3
     -1.14108436163682207265e-02 	 5 3 4 1
     -9.19810500627868572743e-03 	 5 3 4 2
      9.99985162507640483812e-06 	 5 3 4 3
     -4.20672629286970629783e-06 	 5 3 4 4
     -8.43199261770006099626e-07 	 5 3 5 1
      3.49449022626641957443e-07 	 5 3 5 2
      7.69310552111031331624e-02 	 5 3 5 3
     -8.90024792392829673660e-03 	 5 3 5 4
     -1.80625868797216907261e-06 	 5 3 5 5
      2.33004628286814872290e-03 	 5 3 6 1
      6.63497184526444256508e-03 	 5 3 6 2
      3.31577803186894123498e-05 	 5 3 6 3
     -3.77255491251308133373e-06 	 5 3 6 4
      5.67676476727098475346e-04 	 5 3 6 5
      1.16860664021054726532e-06 	 5 3 6 6
     -1.44375840120478787242e-07 	 5 3 7 1
      8.85309314525843378198e-07 	 5 3 7 2
     -2.19577200391717110295e-02 	 5 3 7 3
      7.16910337780750622078e-03 	 5 3 7 4
      2.63123199231732809249e-06 	 5 3 7 5
     -8.01388802314042039687e-03 	 5 3 7 6
     -6.57511790270481705203e-07 	 5 3 7 7
      1.82822753444251998338e-07 	 5 3 8 1
     -2.73289093001534193152e-06 	 5 3 8 2
     -4.25787319921720752713e-02 	 5 3 8 3
      4.89182214210565763368e-03 	 5 3 8 4
      1.08031799402856714313e-06 	 5 3 8 5
     -4.80325584498476638312e-03 	 5 3 8 6
      8.07195880118161161034e-07 	 5 3 8 7
     -1.36917500284013800352e-06 	 5 3 8 8
      1.90947470403190703973e-05 	 5 4 1 1
      7.46641012473195259553e-07 	 5 4 2 1
     -7.48332135618348084829e-06 	 5 4 2 2
     -1.08555669437999345595e-02 	 5 4 3 1
     -3.80999766802550283301e-03 	 5 4 3 2
      1.94098592595418249448e-05 	 5 4 3 3
      4.05233896434870847353e-03 	 5 4 4 1
     -7.91402357025279383496e-03 	 5 4 4 2
     -5.91424058639651698709e-06 	 5 4 4 3
     -5.52835889396935651642e-06 	 5 4 4 4
      3.25176781367165431376e-06 	 5 4 5 1
     -2.66730783925101611886e-06 	 5 4 5 2
     -8.90024792392829326715e-03 	 5 4 5 3
      9.58325653688058692881e-03 	 5 4 5 4
      8.60996901523912130287e-06 	 5 4 5 5
     -3.86357612358511834372e-03 	 5 4 6 1
      9.79841593952786478472e-03 	 5 4 6 2
     -4.15433947617559398019e-06 	 5 4 6 3
     -1.26895989895789843477e-05 	 5 4 6 4
     -3.37919609022744584989e-03 	 5 4 6 5
     -1.22676816003283561788e-06 	 5 4 6 6
     -7.47967199253707646735e-07 	 5 4 7 1
      9.85666420479113302357e-08 	 5 4 7 2
      3.15811503680584262921e-03 	 5 4 7 3
      1.04717740112754385817e-02 	 5 4 7 4
      1.56539498281993751150e-06 	 5 4 7 5
     -6.19909481433061730626e-03 	 5 4 7 6
      3.77253745979312176022e-06 	 5 4 7 7
      1.03677854082831293150e-06 	 5 4 8 1
     -1.10952197499887877718e-05 	 5 4 8 2
      5.97262851082124707203e-03 	 5 4 8 3
      2.00835345367789521245e-03 	 5 4 8 4
     -1.01759279630410609356e-05 	 5 4 8 5
      5.32602242966462302576e-03 	 5 4 8 6
     -4.10389263773079638974e-06 	 5 4 8 7
      1.91979743421813298819e-07 	 5 4 8 8
      3.17755344186693933217e-01 	 5 5 1 1
      1.81164552551962843019e-02 	 5 5 2 1
      2.05704953616099167624e-01 	 5 5 2 2
     -2.03534958909095576345e-08 	 5 5 3 1
      3.59320933070598875722e-06 	 5 5 3 2
      2.90719694130519457076e-01 	 5 5 3 3
      6.56703454500277766451e-06 	 5 5 4 1
      6.77908151559563610479e-06 	 5 5 4 2
     -1.70792040095830086055e-02 	 5 5 4 3
      1.85519636804031440303e-01 	 5 5 4 4
     -2.57714653973951206278e-02 	 5 5 5 1
     -7.91632675866799605247e-05 	 5 5 5 2
     -1.80625868799625000754e-06 	 5 5 5 3
      8.60996901523817093191e-06 	 5 5 5 4
      2.64343657293570843958e-01 	 5 5 5 5
     -1.22013243978594443693e-05 	 5 5 6 1
      6.15443820429879848377e-06 	 5 5 6 2
      3.81479717478004675194e-03 	 5 5 6 3
     -1.09155542319160966253e-02 	 5 5 6 4
      2.85276628254726051916e-05 	 5 5 6 5
      1.85855641457384174187e-01 	 5 5 6 6
      1.15149649801221994755e-02 	 5 5 7 1
      1.04686949382478567544e-02 	 5 5 7 2
      1.52822888438410000244e-06 	 5 5 7 3
      6.89959544369099472317e-06 	 5 5 7 4
     -2.59076607934203700934e-02 	 5 5 7 5
     -2.21434245630346697887e-05 	 5 5 7 6
      2.00667669117218144814e-01 	 5 5 7 7
      3.65937285525042141007e-03 	 5 5 8 1
     -1.96499322346254806648e-02 	 5 5 8 2
     -1.25647976988268958792e-06 	 5 5 8 3
     -1.29156551005024760719e-05 	 5 5 8 4
     -3.68033163350832415173e-02 	 5 5 8 5
     -2.18335428299825688920e-05 	 5 5 8 6
     -3.14650728243235809287e-03 	 5 5 8 7
      2.09684452821219807772e-01 	 5 5 8 8
     -2.41242242720125599578e-05 	 6 1 1 1
     -8.06700337239714025404e-07 	 6 1 2 1
      1.82948772949164976572e-06 	 6 1 2 2
      2.27128759472826390400e-03 	 6 1 3 1
      1.43731362635549737503e-03 	 6 1 3 2
      1.61540696181450719256e-05 	 6 1 3 3
     -2.18893924365374083554e-03 	 6 1 4 1
      5.99750722756344206016e-03 	 6 1 4 2
     -1.89118539428476141587e-06 	 6 1 4 3
      5.72806641707279495651e-07 	 6 1 4 4
      2.83367506191122640728e-05 	 6 1 5 1
      4.96169837258766456713e-06 	 6 1 5 2
      2.33004628286814959026e-03 	 6 1 5 3
     -3.86357612358511704267e-03 	 6 1 5 4
     -1.22013243978622768475e-05 	 6 1 5 5
      2.50843434466365517929e-03 	 6 1 6 1
     -6.52447287442311455591e-03 	 6 1 6 2
      2.18999067809648600855e-06 	 6 1 6 3
     -1.28354546296720302522e-06 	 6 1 6 4
      2.87281817714294838637e-03 	 6 1 6 5
     -1.75800019362279569600e-06 	 6 1 6 6
     -9.88555718086283175363e-06 	 6 1 7 1
     -5.09118830531120656431e-06 	 6 1 7 2
     -1.08183164075126617663e-03 	 6 1 7 3
     -5.71601694815346891149e-03 	 6 1 7 4
      2.50434494030206578305e-06 	 6 1 7 5
      4.75824493970534567050e-03 	 6 1 7 6
     -5.23838318355947985845e-06 	 6 1 7 7
     -1.17930825157597419682e-05 	 6 1 8 1
      1.68501745385813104631e-06 	 6 1 8 2
     -1.58396786018230161658e-03 	 6 1 8 3
     -1.75898821385680814234e-04 	 6 1 8 4
      1.02089013681077236199e-06 	 6 1 8 5
     -5.50918717558451201573e-04 	 6 1 8 6
     -1.09253446321834994620e-07 	 6 1 8 7
     -4.12056657448952836286e-06 	 6 1 8 8
     -5.72658633282721271120e-06 	 6 2 1 1
      6.11648093044641672395e-06 	 6 2 2 1
     -2.08401774977183262556e-05 	 6 2 2 2
      8.62474816102759209158e-03 	 6 2 3 1
      4.99780368416785593030e-04 	 6 2 3 2
      4.27704858409556557794e-06 	 6 2 3 3
      5.92805381836456618538e-03 	 6 2 4 1
     -2.32191998570590654727e-02 	 6 2 4 2
     -2.80820280707317706007e-06 	 6 2 4 3
     -5.12299049445023056487e-06 	 6 2 4 4
      6.32509345281258769374e-06 	 6 2 5 1
     -4.40925742680576784232e-06 	 6 2 5 2
      6.63497184526445297342e-03 	 6 2 5 3
      9.79841593952785264166e-03 	 6 2 5 4
      6.15443820429932618530e-06 	 6 2 5 5
     -6.52447287442311021910e-03 	 6 2 6 1
      2.36105704700980655042e-02 	 6 2 6 2
      3.59908157886200199641e-06 	 6 2 6 3
      1.77402090107292863307e-05 	 6 2 6 4
     -1.32334698271625150062e-02 	 6 2 6 5
      1.83404578454291910286e-06 	 6 2 6 6
     -2.56591644272092922390e-06 	 6 2 7 1
      1.11945053215796240753e-05 	 6 2 7 2
     -2.49078815990112416659e-05 	 6 2 7 3
      1.97361044956328723909e-02 	 6 2 7 4
      4.46989018150118603987e-06 	 6 2 7 5
     -2.35811268684361710624e-02 	 6 2 7 6
     -2.16788255577221956733e-06 	 6 2 7 7
     -5.02630430188362295794e-06 	 6 2 8 1
     -1.29157143952414599564e-06 	 6 2 8 2
     -2.85910062559027343052e-03 	 6 2 8 3
     -4.95149772524173734101e-03 	 6 2 8 4
      6.92738923339365619142e-06 	 6 2 8 5
     -4.72517655847109942918e-03 	 6 2 8 6
      1.76328799636841167839e-05 	 6 2 8 7
     -1.13760168830415624796e-08 	 6 2 8 8
      6.05647812221533736465e-03 	 6 3 1 1
      3.60776998345521291919e-03 	 6 3 2 1
     -3.46669246475497317209e-03 	 6 3 2 2
      3.85740797779683775395e-05 	 6 3 3 1
      1.13316254574792728163e-05 	 6 3 3 2
      1.22744927624147941864e-02 	 6 3 3 3
     -3.64800942502181432009e-06 	 6 3 4 1
     -8.39694474112193082354e-06 	 6 3 4 2
     -1.51781986938904806146e-03 	 6 3 4 3
     -3.62761970780703813660e-03 	 6 3 4 4
      3.23633250765457611275e-03 	 6 3 5 1
      3.55017974366948979928e-03 	 6 3 5 2
      3.31577803186890667604e-05 	 6 3 5 3
     -4.15433947617595227512e-06 	 6 3 5 4
      3.81479717478004848666e-03 	 6 3 5 5
      2.18999067809613406636e-06 	 6 3 6 1
      3.59908157886105416654e-06 	 6 3 6 2
      1.24453261778471120820e-03 	 6 3 6 3
      1.87954258555347885652e-03 	 6 3 6 4
      2.55840152072958922945e-06 	 6 3 6 5
     -6.52206398332493778730e-03 	 6 3 6 6
     -4.72044475981625826898e-04 	 6 3 7 1
      1.20250357138366401879e-04 	 6 3 7 2
     -9.21968540731064267150e-06 	 6 3 7 3
      3.55914463629900312811e-06 	 6 3 7 4
     -3.82345039004339205466e-03 	 6 3 7 5
     -5.64191676784739852530e-06 	 6 3 7 6
     -4.74220307678094657455e-03 	 6 3 7 7
     -2.84726831007069310087e-03 	 6 3 8 1
      7.38110839029199462639e-04 	 6 3 8 2
     -1.83925863824246919778e-05 	 6 3 8 3
      9.40672177149731841478e-07 	 6 3 8 4
     -2.40052094142042529365e-03 	 6 3 8 5
     -4.99099744997100014485e-06 	 6 3 8 6
      1.27137497659382363302e-03 	 6 3 8 7
     -2.68669023206306260138e-03 	 6 3 8 8
     -3.23379691667618970885e-02 	 6 4 1 1
      7.13471264639379317701e-03 	 6 4 2 1
     -1.62990700578725458691e-02 	 6 4 2 2
     -3.23383558140917161557e-06 	 6 4 3 1
     -6.24033825952521227910e-06 	 6 4 3 2
     -2.38617750536923925453e-02 	 6 4 3 3
      4.76634808064077314973e-06 	 6 4 4 1
     -2.67545139418314872339e-05 	 6 4 4 2
      5.74000065051485930390e-03 	 6 4 4 3
     -1.62574529524351415327e-03 	 6 4 4 4
      1.25734376440336272345e-04 	 6 4 5 1
      1.07433356924820002515e-02 	 6 4 5 2
     -3.77255491250559059786e-06 	 6 4 5 3
     -1.26895989895892181997e-05 	 6 4 5 4
     -1.09155542319161226461e-02 	 6 4 5 5
     -1.28354546297133824006e-06 	 6 4 6 1
      1.77402090107484631566e-05 	 6 4 6 2
      1.87954258555347582076e-03 	 6 4 6 3
      4.68217848728363986166e-02 	 6 4 6 4
     -1.04287039963016033207e-05 	 6 4 6 5
     -2.74687482150108705156e-03 	 6 4 6 6
     -2.26891796815752427169e-03 	 6 4 7 1
      1.21443658561128861595e-02 	 6 4 7 2
      1.05642064330188061925e-06 	 6 4 7 3
     -6.02248906090685979370e-06 	 6 4 7 4
     -5.64995715170053380144e-03 	 6 4 7 5
      4.02206648526579922730e-06 	 6 4 7 6
     -2.04992238179087828132e-02 	 6 4 7 7
     -7.44656499750832347184e-03 	 6 4 8 1
      2.23549998086346318749e-02 	 6 4 8 2
      2.64403738593094214294e-06 	 6 4 8 3
     -1.20006598088466789258e-06 	 6 4 8 4
      2.28736268492783639816e-02 	 6 4 8 5
      1.39389670821612315503e-05 	 6 4 8 6
      2.44065702566132192164e-02 	 6 4 8 7
      5.04446441044663698716e-03 	 6 4 8 8
      7.68468136485396866161e-05 	 6 5 1 1
      1.40315606396630612984e-05 	 6 5 2 1
     -6.69177351700424151659e-06 	 6 5 2 2
      4.45021057187535719855e-04 	 6 5 3 1
      1.93921094486074088552e-03 	 6 5 3 2
      7.13129933497877043121e-05 	 6 5 3 3
     -6.09311896300753549210e-03 	 6 5 4 1
      1.94790426211194321604e-02 	 6 5 4 2
     -1.35096242381690366958e-05 	 6 5 4 3
     -2.99083760948205484658e-05 	 6 5 4 4
     -9.37665640494151627704e-06 	 6 5 5 1
      9.49533678422862772919e-06 	 6 5 5 2
      5.67676476727106390022e-04 	 6 5 5 3
     -3.37919609022744151308e-03 	 6 5 5 4
      2.85276628255204761056e-05 	 6 5 5 5
      2.87281817714295228949e-03 	 6 5 6 1
     -1.32334698271625028632e-02 	 6 5 6 2
      2.55840152072725353610e-06 	 6 5 6 3
     -1.04287039962926552647e-05 	 6 5 6 4
      1.55769920834671355553e-02 	 6 5 6 5
     -1.50657859236227128932e-05 	 6 5 6 6
      5.80799804007699339403e-06 	 6 5 7 1
     -9.16288851588527831215e-07 	 6 5 7 2
     -1.83290679418766683413e-03 	 6 5 7 3
     -8.28142396929170548914e-03 	 6 5 7 4
     -2.34919017317172081560e-05 	 6 5 7 5
      2.67450588215143413018e-02 	 6 5 7 6
     -1.12558910980657684968e-05 	 6 5 7 7
     -2.96429104228454679327e-06 	 6 5 8 1
     -6.48859861858464064623e-06 	 6 5 8 2
     -7.28003050310495965387e-04 	 6 5 8 3
      1.72938892880969384558e-02 	 6 5 8 4
     -3.37788010337633823983e-05 	 6 5 8 5
      1.66626901708640633160e-02 	 6 5 8 6
     -5.07886592052486039164e-06 	 6 5 8 7
      4.10051408916803156927e-06 	 6 5 8 8
      1.67846591046212051390e-01 	 6 6 1 1
     -2.34490732799011204757e-02 	 6 6 2 1
      2.39653796891090759003e-01 	 6 6 2 2
      1.94876490607064450336e-06 	 6 6 3 1
      3.20908714641685209276e-06 	 6 6 3 2
      1.45782067916553903508e-01 	 6 6 3 3
     -7.32991583565131821481e-06 	 6 6 4 1
      3.94937397061648808928e-05 	 6 6 4 2
      6.81068985139506553883e-03 	 6 6 4 3
      2.56098792026901611596e-01 	 6 6 4 4
     -8.51577134252202473663e-03 	 6 6 5 1
     -2.73590360301154758571e-02 	 6 6 5 2
      1.16860664017991241296e-06 	 6 6 5 3
     -1.22676816003000801015e-06 	 6 6 5 4
      1.85855641457384174187e-01 	 6 6 5 5
     -1.75800019362020843387e-06 	 6 6 6 1
      1.83404578456018883410e-06 	 6 6 6 2
     -6.52206398332493431785e-03 	 6 6 6 3
     -2.74687482150109355677e-03 	 6 6 6 4
     -1.50657859236261027191e-05 	 6 6 6 5
      2.77058546713810971429e-01 	 6 6 6 6
      1.46552084614791588947e-05 	 6 6 7 1
     -1.90447977458295457202e-03 	 6 6 7 2
     -2.89891249759306643782e-06 	 6 6 7 3
     -5.72234148062152392692e-06 	 6 6 7 4
      3.09132259360618381894e-02 	 6 6 7 5
      2.15369317020472276060e-05 	 6 6 7 6
      2.42397668099285618082e-01 	 6 6 7 7
      9.11285712577464442063e-03 	 6 6 8 1
     -3.10509815371880042167e-03 	 6 6 8 2
     -2.97145744748593195972e-06 	 6 6 8 3
      1.36843365180876756537e-05 	 6 6 8 4
      1.85807789662348551984e-02 	 6 6 8 5
      3.33962489297872820119e-05 	 6 6 8 6
      3.59969235534277239019e-03 	 6 6 8 7
      2.43142253435418592700e-01 	 6 6 8 8
      2.34748888307738726167e-02 	 7 1 1 1
      5.54725939169157817449e-03 	 7 1 2 1
     -3.75393315367756122414e-03 	 7 1 2 2
      4.29578284224510881834e-07 	 7 1 3 1
     -1.64213033505212487104e-07 	 7 1 3 2
     -4.82416062573846372852e-03 	 7 1 3 3
      1.07030716499315024928e-06 	 7 1 4 1
     -4.82636340202490581879e-07 	 7 1 4 2
      8.75782076073873517151e-04 	 7 1 4 3
      9.30385685932157038662e-04 	 7 1 4 4
     -2.11229702222285563307e-02 	 7 1 5 1
     -4.68551525726126471411e-03 	 7 1 5 2
     -1.44375840127008193656e-07 	 7 1 5 3
     -7.47967199257745241036e-07 	 7 1 5 4
      1.15149649801222220269e-02 	 7 1 5 5
     -9.88555718086174077519e-06 	 7 1 6 1
     -2.56591644272254451573e-06 	 7 1 6 2
     -4.72044475981625610058e-04 	 7 1 6 3
     -2.26891796815752600641e-03 	 7 1 6 4
      5.80799804007527561121e-06 	 7 1 6 5
      1.46552084614687539419e-05 	 7 1 6 6
      1.30099555559077210282e-02 	 7 1 7 1
     -4.79948121127804494535e-03 	 7 1 7 2
     -2.70196397564661415471e-07 	 7 1 7 3
     -2.55252382902478678681e-06 	 7 1 7 4
     -5.35776247411564720408e-03 	 7 1 7 5
     -5.17320804745289871852e-07 	 7 1 7 6
     -4.61415503788123806950e-04 	 7 1 7 7
      3.18350955481933820673e-03 	 7 1 8 1
      6.80257453799216517398e-03 	 7 1 8 2
      4.30043364362001266741e-07 	 7 1 8 3
      3.66835292881007248207e-06 	 7 1 8 4
     -2.46436136861758131947e-03 	 7 1 8 5
     -2.01281077204317891100e-06 	 7 1 8 6
      5.59641898679559893215e-03 	 7 1 8 7
     -6.68646655893023050821e-03 	 7 1 8 8
      1.55072742344583083818e-02 	 7 2 1 1
     -2.81223648038448010081e-03 	 7 2 2 1
      1.63517447277393562777e-02 	 7 2 2 2
      1.18396419046162271329e-06 	 7 2 3 1
      3.32913378708474456691e-08 	 7 2 3 2
      8.09993554020063937643e-04 	 7 2 3 3
     -6.44153429276266100972e-07 	 7 2 4 1
     -4.93845409402399723243e-06 	 7 2 4 2
      2.71122647315918312381e-04 	 7 2 4 3
     -5.39505177879938836033e-03 	 7 2 4 4
     -1.18694038933186106488e-02 	 7 2 5 1
      6.14127989354005306838e-04 	 7 2 5 2
      8.85309314514489960331e-07 	 7 2 5 3
      9.85666420595702490637e-08 	 7 2 5 4
      1.04686949382478342030e-02 	 7 2 5 5
     -5.09118830530888230590e-06 	 7 2 6 1
      1.11945053215614518305e-05 	 7 2 6 2
      1.20250357138367242136e-04 	 7 2 6 3
      1.21443658561129000373e-02 	 7 2 6 4
     -9.16288851583634415999e-07 	 7 2 6 5
     -1.90447977458290361452e-03 	 7 2 6 6
     -4.79948121127804060854e-03 	 7 2 7 1
      2.65082561010682171698e-02 	 7 2 7 2
      8.42704583872384958215e-07 	 7 2 7 3
      9.32750350264762810571e-06 	 7 2 7 4
     -6.51341186753729740888e-03 	 7 2 7 5
     -4.77747055423715240552e-06 	 7 2 7 6
      9.21091893303390557568e-03 	 7 2 7 7
      1.02941651567157923391e-02 	 7 2 8 1
     -1.29543529405067373017e-02 	 7 2 8 2
     -1.02934790091473813843e-06 	 7 2 8 3
     -9.70577451765634729183e-06 	 7 2 8 4
      6.02366228295439423007e-04 	 7 2 8 5
      4.49774433450194435102e-06 	 7 2 8 6
     -8.02037805600184020016e-03 	 7 2 8 7
      2.19670050541992158133e-02 	 7 2 8 8
      2.58368993931884772568e-06 	 7 3 1 1
     -4.76339646793543639266e-07 	 7 3 2 1
      5.03160715358499746604e-08 	 7 3 2 2
     -2.46372331568090567611e-02 	 7 3 3 1
     -7.71823246205551993099e-03 	 7 3 3 2
     -4.15833728478196112255e-07 	 7 3 3 3
      3.88397083389994002972e-03 	 7 3 4 1
      4.70082431579180409602e-04 	 7 3 4 2
     -2.91692322923463560086e-06 	 7 3 4 3
      5.53862903573518815447e-07 	 7 3 4 4
      1.50393537833516529404e-07 	 7 3 5 1
      2.03234951551149979581e-08 	 7 3 5 2
     -2.19577200391717040906e-02 	 7 3 5 3
      3.15811503680584046080e-03 	 7 3 5 4
      1.52822888437601316714e-06 	 7 3 5 5
     -1.08183164075126422507e-03 	 7 3 6 1
     -2.49078815990155615339e-05 	 7 3 6 2
     -9.21968540731011920513e-06 	 7 3 6 3
      1.05642064329531717270e-06 	 7 3 6 4
     -1.83290679418766336468e-03 	 7 3 6 5
     -2.89891249760439677404e-06 	 7 3 6 6
     -2.70196397570707536649e-07 	 7 3 7 1
      8.42704583878520653127e-07 	 7 3 7 2
      6.67299009038007078648e-03 	 7 3 7 3
     -3.60273706438271905297e-04 	 7 3 7 4
     -6.59466194108957632717e-07 	 7 3 7 5
     -9.74422383849865808396e-04 	 7 3 7 6
      1.52270267407059432826e-07 	 7 3 7 7
      5.68296629942157156750e-07 	 7 3 8 1
     -9.12117255043499098514e-07 	 7 3 8 2
      1.20948886057343895500e-02 	 7 3 8 3
     -2.99924232023621650453e-03 	 7 3 8 4
     -5.38539415632092247856e-07 	 7 3 8 5
      6.59911059615786622793e-05 	 7 3 8 6
     -7.20974610232493891611e-07 	 7 3 8 7
     -9.39482194905527623523e-07 	 7 3 8 8
      7.79541228584982765783e-06 	 7 4 1 1
     -5.67688231517638521683e-07 	 7 4 2 1
     -6.02324804642280856455e-06 	 7 4 2 2
      8.79242803116842171207e-03 	 7 4 3 1
      1.08001882221927429997e-03 	 7 4 3 2
      1.84659028157186818691e-06 	 7 4 3 3
      4.04176494152182989167e-03 	 7 4 4 1
     -1.93332084303338182230e-02 	 7 4 4 2
      8.56991655326439742583e-07 	 7 4 4 3
     -6.15893478369825593809e-06 	 7 4 4 4
     -2.11337600657106279011e-06 	 7 4 5 1
      1.27558987944757023767e-06 	 7 4 5 2
      7.16910337780751489439e-03 	 7 4 5 3
      1.04717740112754351123e-02 	 7 4 5 4
      6.89959544372159378839e-06 	 7 4 5 5
     -5.71601694815346457468e-03 	 7 4 6 1
      1.97361044956328619826e-02 	 7 4 6 2
      3.55914463629386629680e-06 	 7 4 6 3
     -6.02248906092865988066e-06 	 7 4 6 4
     -8.28142396929167252939e-03 	 7 4 6 5
     -5.72234148057229098389e-06 	 7 4 6 6
     -2.55252382902317784773e-06 	 7 4 7 1
      9.32750350266424180993e-06 	 7 4 7 2
     -3.60273706438278356300e-04 	 7 4 7 3
      2.29955311852611046786e-02 	 7 4 7 4
      2.31956470475691802876e-06 	 7 4 7 5
     -1.69124469314564200573e-02 	 7 4 7 6
      3.15042939495954819789e-06 	 7 4 7 7
      7.13424293510946526707e-06 	 7 4 8 1
     -1.25384721900671362746e-05 	 7 4 8 2
     -3.81111569033697325168e-03 	 7 4 8 3
     -4.28949796943029230609e-04 	 7 4 8 4
     -2.02619403462998110780e-06 	 7 4 8 5
      5.41815919625028303425e-03 	 7 4 8 6
     -5.88047412224900291534e-06 	 7 4 8 7
      1.38769493548281218325e-06 	 7 4 8 8
     -4.59070877178962555298e-02 	 7 5 1 1
     -1.62167765018332368787e-02 	 7 5 2 1
      1.27815143007689487054e-02 	 7 5 2 2
      2.49309881186977401365e-06 	 7 5 3 1
      4.20023824172787071224e-07 	 7 5 3 2
     -4.34873320534171353691e-02 	 7 5 3 3
     -1.37763976340294784719e-06 	 7 5 4 1
      2.71544714299743930570e-06 	 7 5 4 2
      6.59271371996882332017e-03 	 7 5 4 3
      2.36633150756278796967e-02 	 7 5 4 4
      7.35476388930931916643e-03 	 7 5 5 1
     -9.74507196539961192960e-03 	 7 5 5 2
      2.63123199233387784573e-06 	 7 5 5 3
      1.56539498280808667354e-06 	 7 5 5 4
     -2.59076607934203874406e-02 	 7 5 5 5
      2.50434494029323419402e-06 	 7 5 6 1
      4.46989018153830895285e-06 	 7 5 6 2
     -3.82345039004339118729e-03 	 7 5 6 3
     -5.64995715170051992365e-03 	 7 5 6 4
     -2.34919017317268135096e-05 	 7 5 6 5
      3.09132259360618034949e-02 	 7 5 6 6
     -5.35776247411563766310e-03 	 7 5 7 1
     -6.51341186753728439846e-03 	 7 5 7 2
     -6.59466194105531913841e-07 	 7 5 7 3
      2.31956470475063389133e-06 	 7 5 7 4
      2.26662406908512692461e-02 	 7 5 7 5
     -7.48084484621866140991e-06 	 7 5 7 6
      1.79097033620197847170e-02 	 7 5 7 7
      3.47472293788185851438e-03 	 7 5 8 1
      6.64449984668780331033e-04 	 7 5 8 2
     -1.26935863114312214068e-06 	 7 5 8 3
     -4.95962133494459887290e-06 	 7 5 8 4
      1.33976827701606220761e-02 	 7 5 8 5
      2.73692328377297502723e-06 	 7 5 8 6
     -3.18768650951257656589e-03 	 7 5 8 7
      1.19816480535392365370e-02 	 7 5 8 8
     -3.22815571572822226226e-05 	 7 6 1 1
     -5.57784800787468726093e-06 	 7 6 2 1
      2.66260991509411116293e-05 	 7 6 2 2
     -9.76499387463865102521e-03 	 7 6 3 1
     -1.39715215538107001905e-04 	 7 6 3 2
     -2.55934463819812512916e-05 	 7 6 3 3
     -9.36290179070499613279e-03 	 7 6 4 1
      3.51943165541878238978e-02 	 7 6 4 2
      6.66854255597172644083e-06 	 7 6 4 3
     -6.02069895286936414702e-07 	 7 6 4 4
      3.33014679916092199962e-06 	 7 6 5 1
      4.77985155138832466755e-06 	 7 6 5 2
     -8.01388802314042386632e-03 	 7 6 5 3
     -6.19909481433063465350e-03 	 7 6 5 4
     -2.21434245629426108598e-05 	 7 6 5 5
      4.75824493970533699688e-03 	 7 6 6 1
     -2.35811268684361606540e-02 	 7 6 6 2
     -5.64191676783894852462e-06 	 7 6 6 3
      4.02206648529781114347e-06 	 7 6 6 4
      2.67450588215143482407e-02 	 7 6 6 5
      2.15369317019055257702e-05 	 7 6 6 6
     -5.17320804725216779189e-07 	 7 6 7 1
     -4.77747055432880645261e-06 	 7 6 7 2
     -9.74422383849871229407e-04 	 7 6 7 3
     -1.69124469314564512823e-02 	 7 6 7 4
     -7.48084484614515419669e-06 	 7 6 7 5
      5.08244011099332759773e-02 	 7 6 7 6
     -6.54388471579897639506e-06 	 7 6 7 7
     -3.62203279064718139759e-06 	 7 6 8 1
      2.66802265661491887292e-05 	 7 6 8 2
      3.63576513302981936884e-03 	 7 6 8 3
      3.04141377781649603629e-02 	 7 6 8 4
      9.95342883989035568661e-06 	 7 6 8 5
      2.86029231779607040487e-02 	 7 6 8 6
     -1.69842137177493544289e-06 	 7 6 8 7
      2.00753802781846302347e-05 	 7 6 8 8
      2.06876129965649663278e-01 	 7 7 1 1
     -2.06127851221652100278e-02 	 7 7 2 1
      2.40617421724765939706e-01 	 7 7 2 2
     -4.32736378608130096319e-07 	 7 7 3 1
      3.22075677027972059248e-06 	 7 7 3 2
      1.72412264461900194279e-01 	 7 7 3 3
     -5.21554482483267176600e-06 	 7 7 4 1
      2.92302258416859655327e-05 	 7 7 4 2
      2.05954586512299914550e-03 	 7 7 4 3
      2.30408817926673448184e-01 	 7 7 4 4
     -1.80583649549184779848e-02 	 7 7 5 1
     -2.21485620224206626594e-02 	 7 7 5 2
     -6.57511790285435224853e-07 	 7 7 5 3
      3.77253745978227635036e-06 	 7 7 5 4
      2.00667669117217895014e-01 	 7 7 5 5
     -5.23838318355553014382e-06 	 7 7 6 1
     -2.16788255574803931779e-06 	 7 7 6 2
     -4.74220307678094397247e-03 	 7 7 6 3
     -2.04992238179086266880e-02 	 7 7 6 4
     -1.12558910981224739644e-05 	 7 7 6 5
      2.42397668099285784615e-01 	 7 7 6 6
     -4.61415503788161537185e-04 	 7 7 7 1
      9.21091893303412935501e-03 	 7 7 7 2
      1.52270267419470715435e-07 	 7 7 7 3
      3.15042939494586734524e-06 	 7 7 7 4
      1.79097033620197014503e-02 	 7 7 7 5
     -6.54388471557585521126e-06 	 7 7 7 6
      2.41536357908032933706e-01 	 7 7 7 7
      1.87871702919790786734e-02 	 7 7 8 1
     -2.23724532460166103398e-02 	 7 7 8 2
     -1.69008538298191473060e-06 	 7 7 8 3
     -1.05184456683432516513e-05 	 7 7 8 4
     -2.00179422314658139043e-03 	 7 7 8 5
     -2.80386754209262628596e-07 	 7 7 8 6
     -1.96748196861528008850e-02 	 7 7 8 7
      2.35366115407347198385e-01 	 7 7 8 8
      9.93231372417113442252e-03 	 8 1 1 1
     -1.13285106626677175429e-02 	 8 1 2 1
      1.92717644047450849254e-02 	 8 1 2 2
     -8.36595145971690936206e-09 	 8 1 3 1
     -9.97334451586281316005e-08 	 8 1 3 2
     -3.28126502055538157854e-02 	 8 1 3 3
     -4.76324045382437024032e-06 	 8 1 4 1
      4.67054492405545304339e-06 	 8 1 4 2
      6.21102660566508202322e-03 	 8 1 4 3
      7.21206678219391515705e-03 	 8 1 4 4
     -2.83688965765649704631e-02 	 8 1 5 1
     -6.30848323765546229597e-03 	 8 1 5 2
      1.82822753435315588986e-07 	 8 1 5 3
      1.03677854082626692341e-06 	 8 1 5 4
      3.65937285525040709860e-03 	 8 1 5 5
     -1.17930825157585273229e-05 	 8 1 6 1
     -5.02630430188870769672e-06 	 8 1 6 2
     -2.84726831007069266719e-03 	 8 1 6 3
     -7.44656499750831826767e-03 	 8 1 6 4
     -2.96429104227487494756e-06 	 8 1 6 5
      9.11285712577464268591e-03 	 8 1 6 6
      3.18350955481934167618e-03 	 8 1 7 1
      1.02941651567158027475e-02 	 8 1 7 2
      5.68296629939985046636e-07 	 8 1 7 3
      7.13424293510475068168e-06 	 8 1 7 4
      3.47472293788183943242e-03 	 8 1 7 5
     -3.62203279063172389334e-06 	 8 1 7 6
      1.87871702919790509179e-02 	 8 1 7 7
      2.10026289154892180366e-02 	 8 1 8 1
     -1.16623541453642950300e-02 	 8 1 8 2
      1.62224919936702140483e-07 	 8 1 8 3
     -5.20812306783782239748e-06 	 8 1 8 4
      5.46247177352232322727e-04 	 8 1 8 5
     -1.13684017984245073228e-06 	 8 1 8 6
     -1.63055625112881602545e-02 	 8 1 8 7
      1.63112246881395965559e-02 	 8 1 8 8
     -5.47718540479937010534e-02 	 8 2 1 1
      6.44525466315008441209e-03 	 8 2 2 1
     -1.18532627456316569381e-02 	 8 2 2 2
     -3.32578018078661502408e-06 	 8 2 3 1
     -5.76943575415162575488e-06 	 8 2 3 2
     -4.44706562289700207957e-02 	 8 2 3 3
     -3.89082050870725423873e-07 	 8 2 4 1
     -1.79732280360011525814e-05 	 8 2 4 2
      1.16306090563284194456e-02 	 8 2 4 3
      1.10643206400244942245e-02 	 8 2 4 4
      4.12646181207359814130e-03 	 8 2 5 1
      6.78239184775320923942e-03 	 8 2 5 2
     -2.73289093000266481291e-06 	 8 2 5 3
     -1.10952197499986235184e-05 	 8 2 5 4
     -1.96499322346255222982e-02 	 8 2 5 5
      1.68501745385653248338e-06 	 8 2 6 1
     -1.29157143951417451202e-06 	 8 2 6 2
      7.38110839029198378437e-04 	 8 2 6 3
      2.23549998086346249360e-02 	 8 2 6 4
     -6.48859861857505985656e-06 	 8 2 6 5
     -3.10509815371879304910e-03 	 8 2 6 6
      6.80257453799215996981e-03 	 8 2 7 1
     -1.29543529405067320975e-02 	 8 2 7 2
     -9.12117255040628186219e-07 	 8 2 7 3
     -1.25384721900736059122e-05 	 8 2 7 4
      6.64449984668779897352e-04 	 8 2 7 5
      2.66802265661407556692e-05 	 8 2 7 6
     -2.23724532460165548287e-02 	 8 2 7 7
     -1.16623541453642638049e-02 	 8 2 8 1
      4.22801274847332472784e-02 	 8 2 8 2
      3.78570345017090715368e-06 	 8 2 8 3
      2.50897547184419065797e-05 	 8 2 8 4
      2.81499732222318457819e-02 	 8 2 8 5
      2.12660415140579207556e-05 	 8 2 8 6
      2.54917838792995711528e-02 	 8 2 8 7
     -1.82158045038815288863e-02 	 8 2 8 8
     -2.36038856535830871198e-06 	 8 3 1 1
     -1.44747281001945672348e-06 	 8 3 2 1
      1.28274858638424662431e-06 	 8 3 2 2
     -5.06341386235579019037e-02 	 8 3 3 1
     -1.52544981911118242984e-02 	 8 3 3 2
     -7.72821421962944795725e-06 	 8 3 3 3
      6.77325947131562303843e-03 	 8 3 4 1
      5.01170945555647583125e-03 	 8 3 4 2
     -3.85104711783386813100e-06 	 8 3 4 3
      2.94501922424456089204e-06 	 8 3 4 4
      3.51074370031194691266e-07 	 8 3 5 1
      3.55541983434182431129e-07 	 8 3 5 2
     -4.25787319921720752713e-02 	 8 3 5 3
      5.97262851082123926577e-03 	 8 3 5 4
     -1.25647976984408606135e-06 	 8 3 5 5
     -1.58396786018229901449e-03 	 8 3 6 1
     -2.85910062559026388954e-03 	 8 3 6 2
     -1.83925863824235230723e-05 	 8 3 6 3
      2.64403738593884919550e-06 	 8 3 6 4
     -7.28003050310497808531e-04 	 8 3 6 5
     -2.97145744749383435360e-06 	 8 3 6 6
      4.30043364354297555026e-07 	 8 3 7 1
     -1.02934790092013797347e-06 	 8 3 7 2
      1.20948886057343826111e-02 	 8 3 7 3
     -3.81111569033696718015e-03 	 8 3 7 4
     -1.26935863114023608767e-06 	 8 3 7 5
      3.63576513302981936884e-03 	 8 3 7 6
     -1.69008538296327492356e-06 	 8 3 7 7
      1.62224919939518551502e-07 	 8 3 8 1
      3.78570345017175037498e-06 	 8 3 8 2
      2.42132163412295715876e-02 	 8 3 8 3
     -2.28609349776165773904e-03 	 8 3 8 4
      2.12195996522967818078e-06 	 8 3 8 5
      2.30230698256735782925e-03 	 8 3 8 6
     -3.11457076282007859283e-07 	 8 3 8 7
     -1.44094686674123261197e-06 	 8 3 8 8
     -1.88221715921054473899e-05 	 8 4 1 1
      9.71005768870489260056e-07 	 8 4 2 1
      5.75669336110083443791e-06 	 8 4 2 2
      5.50189991807828893827e-03 	 8 4 3 1
      3.28461349729681009735e-03 	 8 4 3 2
     -1.32384220217026277064e-05 	 8 4 3 3
     -6.77280927218204629320e-03 	 8 4 4 1
      1.96132694089917805624e-02 	 8 4 4 2
      6.25851051262454481563e-06 	 8 4 4 3
     -4.42266932000897061976e-06 	 8 4 4 4
      2.25214208071451778929e-06 	 8 4 5 1
      3.55001941332763944700e-06 	 8 4 5 2
      4.89182214210566110313e-03 	 8 4 5 3
      2.00835345367790128399e-03 	 8 4 5 4
     -1.29156551005046038187e-05 	 8 4 5 5
     -1.75898821385681573175e-04 	 8 4 6 1
     -4.95149772524172866739e-03 	 8 4 6 2
      9.40672177150092042239e-07 	 8 4 6 3
     -1.20006598090143829790e-06 	 8 4 6 4
      1.72938892880969315169e-02 	 8 4 6 5
      1.36843365179932975487e-05 	 8 4 6 6
      3.66835292881512672767e-06 	 8 4 7 1
     -9.70577451765043500186e-06 	 8 4 7 2
     -2.99924232023621346876e-03 	 8 4 7 3
     -4.28949796943033404787e-04 	 8 4 7 4
     -4.95962133497417133419e-06 	 8 4 7 5
      3.04141377781649464851e-02 	 8 4 7 6
     -1.05184456684389240227e-05 	 8 4 7 7
     -5.20812306784170943167e-06 	 8 4 8 1
      2.50897547184420285525e-05 	 8 4 8 2
     -2.28609349776165166751e-03 	 8 4 8 3
      3.13537921691602883278e-02 	 8 4 8 4
      6.14659876555491692206e-06 	 8 4 8 5
      2.71383507625285527731e-02 	 8 4 8 6
      4.13901429823746619293e-06 	 8 4 8 7
      9.54201216922567061114e-06 	 8 4 8 8
     -8.84248444383837622906e-02 	 8 5 1 1
     -1.15054646697159614760e-02 	 8 5 2 1
      1.35390602584773370870e-02 	 8 5 2 2
      3.32515727012064952126e-07 	 8 5 3 1
     -5.76711704773075472261e-06 	 8 5 3 2
     -8.61204916373863732515e-02 	 8 5 3 3
     -1.80581922758334535205e-06 	 8 5 4 1
     -2.51494700810260180305e-05 	 8 5 4 2
      1.90736256699323009078e-02 	 8 5 4 3
      2.46632896838595329359e-02 	 8 5 4 4
      3.46262115882707381675e-03 	 8 5 5 1
     -4.42665483131579140606e-04 	 8 5 5 2
      1.08031799401541547432e-06 	 8 5 5 3
     -1.01759279630484182638e-05 	 8 5 5 4
     -3.68033163350831998839e-02 	 8 5 5 5
      1.02089013681540055002e-06 	 8 5 6 1
      6.92738923337947685988e-06 	 8 5 6 2
     -2.40052094142042832942e-03 	 8 5 6 3
      2.28736268492783258177e-02 	 8 5 6 4
     -3.37788010337604414999e-05 	 8 5 6 5
      1.85807789662348309123e-02 	 8 5 6 6
     -2.46436136861757611530e-03 	 8 5 7 1
      6.02366228295441374571e-04 	 8 5 7 2
     -5.38539415636894395272e-07 	 8 5 7 3
     -2.02619403463242564489e-06 	 8 5 7 4
      1.33976827701606081983e-02 	 8 5 7 5
      9.95342883990486536100e-06 	 8 5 7 6
     -2.00179422314666118771e-03 	 8 5 7 7
      5.46247177352232214306e-04 	 8 5 8 1
      2.81499732222318388430e-02 	 8 5 8 2
      2.12195996524519243625e-06 	 8 5 8 3
      6.14659876555092062061e-06 	 8 5 8 4
      4.33924313526962215914e-02 	 8 5 8 5
      1.60270532233476050397e-05 	 8 5 8 6
      1.08418632193035199829e-02 	 8 5 8 7
      5.21585930449412846915e-03 	 8 5 8 8
     -3.61916999170727244272e-05 	 8 6 1 1
     -6.51744120368832705341e-06 	 8 6 2 1
      1.29299764700418462460e-05 	 8 6 2 2
     -6.33750762071875074072e-03 	 8 6 3 1
     -4.70673146160049190190e-04 	 8 6 3 2
     -3.65337796578559735302e-05 	 8 6 3 3
     -4.64622085089731740037e-03 	 8 6 4 1
      1.62246208766351034114e-02 	 8 6 4 2
      6.86988588959998734327e-06 	 8 6 4 3
      4.21044112321874683966e-06 	 8 6 4 4
      4.44297519438051322075e-07 	 8 6 5 1
      1.06979351707951606375e-06 	 8 6 5 2
     -4.80325584498477939355e-03 	 8 6 5 3
      5.32602242966462996465e-03 	 8 6 5 4
     -2.18335428300026367966e-05 	 8 6 5 5
     -5.50918717558445563721e-04 	 8 6 6 1
     -4.72517655847110810280e-03 	 8 6 6 2
     -4.99099744997418752983e-06 	 8 6 6 3
      1.39389670821206993297e-05 	 8 6 6 4
      1.66626901708640424993e-02 	 8 6 6 5
      3.33962489297098089904e-05 	 8 6 6 6
     -2.01281077204140225939e-06 	 8 6 7 1
      4.49774433449281757101e-06 	 8 6 7 2
      6.59911059615825518546e-05 	 8 6 7 3
      5.41815919625027956480e-03 	 8 6 7 4
      2.73692328378578174188e-06 	 8 6 7 5
      2.86029231779606277208e-02 	 8 6 7 6
     -2.80386754259902705106e-07 	 8 6 7 7
     -1.13684017984828594226e-06 	 8 6 8 1
      2.12660415140583747653e-05 	 8 6 8 2
      2.30230698256735392612e-03 	 8 6 8 3
      2.71383507625285874676e-02 	 8 6 8 4
      1.60270532233636647844e-05 	 8 6 8 5
      3.24307754061310682392e-02 	 8 6 8 6
      8.64709368792247673799e-06 	 8 6 8 7
      2.85177559748461093730e-05 	 8 6 8 8
     -1.49693100949971312497e-02 	 8 7 1 1
      1.24067851903348971843e-02 	 8 7 2 1
     -2.25474403529548200753e-02 	 8 7 2 2
      2.22751500974385668896e-06 	 8 7 3 1
     -1.83523524429017651447e-06 	 8 7 3 2
      6.86758492398610478728e-04 	 8 7 3 3
      7.39789208141795009461e-06 	 8 7 4 1
     -1.90118601351564808159e-05 	 8 7 4 2
     -6.15912499050513513946e-04 	 8 7 4 3
     -6.37865592289842977224e-04 	 8 7 4 4
      6.51138277305655585603e-03 	 8 7 5 1
      2.28764294379956356282e-03 	 8 7 5 2
      8.07195880122307916706e-07 	 8 7 5 3
     -4.10389263774741348210e-06 	 8 7 5 4
     -3.14650728243232600048e-03 	 8 7 5 5
     -1.09253446310812475468e-07 	 8 7 6 1
      1.76328799636684771675e-05 	 8 7 6 2
      1.27137497659382038041e-03 	 8 7 6 3
      2.44065702566132677886e-02 	 8 7 6 4
     -5.07886592051650610568e-06 	 8 7 6 5
      3.59969235534287083575e-03 	 8 7 6 6
      5.59641898679559719743e-03 	 8 7 7 1
     -8.02037805600179162790e-03 	 8 7 7 2
     -7.20974610224826867010e-07 	 8 7 7 3
     -5.88047412226165758757e-06 	 8 7 7 4
     -3.18768650951283026920e-03 	 8 7 7 5
     -1.69842137182810539505e-06 	 8 7 7 6
     -1.96748196861529604795e-02 	 8 7 7 7
     -1.63055625112881776018e-02 	 8 7 8 1
      2.54917838792995087027e-02 	 8 7 8 2
     -3.11457076271419206289e-07 	 8 7 8 3
      4.13901429827259010816e-06 	 8 7 8 4
      1.08418632193036032496e-02 	 8 7 8 5
      8.64709368791614940188e-06 	 8 7 8 6
      3.18795579488662453316e-02 	 8 7 8 7
     -1.24350170906497858869e-02 	 8 7 8 8
      2.11449336585121050458e-01 	 8 8 1 1
     -1.72850244151468608600e-02 	 8 8 2 1
      2.44447257324796024536e-01 	 8 8 2 2
     -1.28550731109569435567e-06 	 8 8 3 1
      2.58567846449441301519e-06 	 8 8 3 2
      1.86368599769896337026e-01 	 8 8 3 3
     -8.45181928553685592827e-06 	 8 8 4 1
      3.57400908890421421175e-05 	 8 8 4 2
      1.89480851282997964959e-03 	 8 8 4 3
      2.34906723863891109261e-01 	 8 8 4 4
     -1.48104679975285917493e-02 	 8 8 5 1
     -1.05598011223303374362e-02 	 8 8 5 2
     -1.36917500282992786837e-06 	 8 8 5 3
      1.91979743431719587366e-07 	 8 8 5 4
      2.09684452821219752261e-01 	 8 8 5 5
     -4.12056657449002980637e-06 	 8 8 6 1
     -1.13760168759199907005e-08 	 8 8 6 2
     -2.68669023206306173401e-03 	 8 8 6 3
      5.04446441044662657882e-03 	 8 8 6 4
      4.10051408913127203343e-06 	 8 8 6 5
      2.43142253435418620455e-01 	 8 8 6 6
     -6.68646655893023050821e-03 	 8 8 7 1
      2.19670050541992366300e-02 	 8 8 7 2
     -9.39482194893018958595e-07 	 8 8 7 3
      1.38769493543664952290e-06 	 8 8 7 4
      1.19816480535392139856e-02 	 8 8 7 5
      2.00753802781250363847e-05 	 8 8 7 6
      2.35366115407347115118e-01 	 8 8 7 7
      1.63112246881395618614e-02 	 8 8 8 1
     -1.82158045038815288863e-02 	 8 8 8 2
     -1.44094686676228053368e-06 	 8 8 8 3
      9.54201216917496721891e-06 	 8 8 8 4
      5.21585930449407729481e-03 	 8 8 8 5
      2.85177559748169273939e-05 	 8 8 8 6
     -1.24350170906499645634e-02 	 8 8 8 7
      2.55704257004173096668e-01 	 8 8 8 8
     -2.67406548955415024338e+00 	 1 1 0 0
     -3.71116661446597856377e-02 	 1 2 0 0
      1.59659475652401706416e-05 	 1 3 0 0
     -6.59660885832851519035e-06 	 1 4 0 0
      1.13631437745833480113e-01 	 1 5 0 0
      3.64683965566961622957e-05 	 1 6 0 0
     -3.15871774202864316616e-02 	 1 7 0 0
     -4.82363690947437695478e-02 	 1 8 0 0
     -3.71116661446725115692e-02 	 2 1 0 0
     -2.06618594586933124191e+00 	 2 2 0 0
     -3.09128034854282206061e-05 	 2 3 0 0
     -1.64915372153110346412e-04 	 2 4 0 0
      3.11543354708486951166e-02 	 2 5 0 0
      1.77556000508123374825e-05 	 2 6 0 0
     -5.97003578559447897756e-02 	 2 7 0 0
      1.81239901631733701937e-01 	 2 8 0 0
      1.59659475823952915526e-05 	 3 1 0 0
     -3.09128034766413176517e-05 	 3 2 0 0
     -2.33098110451749018779e+00 	 3 3 0 0
      7.95054476681991834086e-02 	 3 4 0 0
      1.63263195458256579989e-05 	 3 5 0 0
     -1.68775600636494817371e-03 	 3 6 0 0
     -4.63994899885432876519e-06 	 3 7 0 0
      4.47433557654208750192e-06 	 3 8 0 0
     -6.59660882563862452642e-06 	 4 1 0 0
     -1.64915372171713439653e-04 	 4 2 0 0
      7.95054476681949645611e-02 	 4 3 0 0
     -1.87211454921975262167e+00 	 4 4 0 0
     -5.79160378091734615448e-05 	 4 5 0 0
      1.19697416439888487671e-01 	 4 6 0 0
     -7.86368739552862807535e-06 	 4 7 0 0
      3.04429430726993916238e-05 	 4 8 0 0
      1.13631437745834854014e-01 	 5 1 0 0
      3.11543354708329646441e-02 	 5 2 0 0
      1.63263195349540748242e-05 	 5 3 0 0
     -5.79160378209058910801e-05 	 5 4 0 0
     -1.93372304638120118270e+00 	 5 5 0 0
     -1.78723630821338351580e-04 	 5 6 0 0
      7.39043925542656465755e-02 	 5 7 0 0
      2.10529090136426955127e-01 	 5 8 0 0
      3.64683965530982712676e-05 	 6 1 0 0
      1.77556001176797983510e-05 	 6 2 0 0
     -1.68775600637059990279e-03 	 6 3 0 0
      1.19697416439907028396e-01 	 6 4 0 0
     -1.78723630847345488562e-04 	 6 5 0 0
     -1.62772184384996432271e+00 	 6 6 0 0
      4.97687944736646057904e-05 	 6 7 0 0
      7.84928587556784317092e-05 	 6 8 0 0
     -3.15871774202786809171e-02 	 7 1 0 0
     -5.97003578560156428212e-02 	 7 2 0 0
     -4.63994900769109400808e-06 	 7 3 0 0
     -7.86368742722702686397e-06 	 7 4 0 0
      7.39043925542184343414e-02 	 7 5 0 0
      4.97687944807117640575e-05 	 7 6 0 0
     -1.53373209869210591627e+00 	 7 7 0 0
      7.68308112225099537618e-02 	 7 8 0 0
     -4.82363690948328024954e-02 	 8 1 0 0
      1.81239901631775529589e-01 	 8 2 0 0
      4.47433556686676387642e-06 	 8 3 0 0
      3.04429430622882894405e-05 	 8 4 0 0
      2.10529090136388125076e-01 	 8 5 0 0
      7.84928587348117411723e-05 	 8 6 0 0
      7.68308112225097733505e-02 	 8 7 0 0
     -1.88053343909946146795e+00 	 8 8 0 0
     -2.99462688001771311974e+03 	 0 0 0 0
