0.00000000 0.00095894 0.62164733 0.05257082 0.00095928 0.62164736 0.00030229 0.00043556 0.00030216 0.00000000
0.00095894 0.00000000 0.00021889 0.00897512 0.01052442 0.00129955 0.47465319 0.46527037 0.09537746 0.00000000
0.62164733 0.00021889 0.00000000 0.00460986 0.00129966 0.43946628 0.00536657 0.00614834 0.01419454 0.00000000
0.05257082 0.00897512 0.00460986 0.00000000 0.00897531 0.00461026 0.43696410 0.08901314 0.43692199 0.00000000
0.00095928 0.01052442 0.00129966 0.00897531 0.00000000 0.00021873 0.09537625 0.46522334 0.47470060 0.00000000
0.62164736 0.00129955 0.43946628 0.00461026 0.00021873 0.00000000 0.01419619 0.00614755 0.00536473 0.00000000
0.00030229 0.47465319 0.00536657 0.43696410 0.09537625 0.01419619 0.00000000 0.01111631 0.01276088 0.00000000
0.00043556 0.46527037 0.00614834 0.08901314 0.46522334 0.00614755 0.01111631 0.00000000 0.01111586 0.00000000
0.00030216 0.09537746 0.01419454 0.43692199 0.47470060 0.00536473 0.01276088 0.01111586 0.00000000 0.00000000
0.00000000 0.00000000 0.00000000 0.00000000 0.00000000 0.00000000 0.00000000 0.00000000 0.00000000 0.00000000


