 # Printing electron repulsion integrals in spatial MO basis
      4.22970577162073702038e-01 	 1 1 1 1
     -2.57892892936111830723e-03 	 1 1 2 1
      1.97795457534400059840e-01 	 1 1 2 2
     -3.48544068107622811992e-02 	 1 1 3 1
     -9.94619603401336767334e-03 	 1 1 3 2
      2.75489230383691607873e-01 	 1 1 3 3
      6.36701307827435610681e-03 	 1 1 4 1
      2.12325801443514691758e-03 	 1 1 4 2
     -1.73527002784259409493e-05 	 1 1 4 3
      1.67965113426558204646e-01 	 1 1 4 4
     -1.18451487575495020832e-02 	 1 1 5 1
     -9.96341992128498346593e-03 	 1 1 5 2
      2.53295214564983398042e-03 	 1 1 5 3
      1.12000289365888114996e-04 	 1 1 5 4
      2.52398219242673693685e-01 	 1 1 5 5
      6.79176393399643241883e-04 	 1 1 6 1
     -5.82265780125214749315e-04 	 1 1 6 2
      1.64324386100062080386e-03 	 1 1 6 3
      9.92341166493014136679e-04 	 1 1 6 4
     -5.38385966070968960406e-03 	 1 1 6 5
      1.80332589969698892096e-01 	 1 1 6 6
      3.79073090450841518328e-02 	 1 1 7 1
      6.28347733718022209704e-03 	 1 1 7 2
      1.11776897194818761877e-03 	 1 1 7 3
      1.17641806812692970019e-03 	 1 1 7 4
     -3.93100037003433913987e-04 	 1 1 7 5
     -2.68399339964117602392e-03 	 1 1 7 6
      2.68662261692355963660e-01 	 1 1 7 7
     -7.45169998831325848532e-03 	 1 1 8 1
      3.98229212539958233458e-03 	 1 1 8 2
      7.44905707513181312811e-04 	 1 1 8 3
     -6.84789088496282147972e-03 	 1 1 8 4
     -4.29646319989765174824e-03 	 1 1 8 5
     -2.72027768527741955693e-03 	 1 1 8 6
     -2.46068628819290846285e-03 	 1 1 8 7
      1.88211052894999203433e-01 	 1 1 8 8
     -2.57892892936110052632e-03 	 2 1 1 1
      1.82668034974005463918e-03 	 2 1 2 1
      1.31705682634613088777e-03 	 2 1 2 2
     -5.95951423742528533546e-04 	 2 1 3 1
      1.61650117799701079947e-03 	 2 1 3 2
      4.46067267750714559899e-03 	 2 1 3 3
     -4.18427112239258167884e-04 	 2 1 4 1
     -9.40838224078065937274e-04 	 2 1 4 2
     -3.49700432607808722914e-04 	 2 1 4 3
     -2.97347614817041047339e-03 	 2 1 4 4
      3.32098972182017469768e-04 	 2 1 5 1
      2.33106160829587259753e-03 	 2 1 5 2
      7.32112968776053559330e-04 	 2 1 5 3
      8.60480289140656270453e-05 	 2 1 5 4
      4.69813910817958382826e-03 	 2 1 5 5
     -4.60680988051950248384e-04 	 2 1 6 1
     -2.35215212875013478027e-04 	 2 1 6 2
     -2.16595206649383459525e-04 	 2 1 6 3
      1.62116778445066411253e-03 	 2 1 6 4
     -3.17164950069616282530e-05 	 2 1 6 5
      2.71944629034218143294e-04 	 2 1 6 6
      9.32607569724138807474e-05 	 2 1 7 1
     -1.64334321881237123419e-03 	 2 1 7 2
      1.00287197250585277154e-03 	 2 1 7 3
      2.24956271431041548558e-04 	 2 1 7 4
     -1.34972675089768743943e-03 	 2 1 7 5
      4.25290831834866168201e-04 	 2 1 7 6
     -3.21034502805077510967e-04 	 2 1 7 7
      7.72668074820681994447e-04 	 2 1 8 1
      1.05214376338892967182e-05 	 2 1 8 2
      3.53286698893444167310e-04 	 2 1 8 3
      4.22568344426058593605e-04 	 2 1 8 4
      1.37153932290374970700e-03 	 2 1 8 5
     -4.80924461472929671690e-04 	 2 1 8 6
     -7.72133915314992055759e-05 	 2 1 8 7
     -3.98858259589818069102e-03 	 2 1 8 8
      1.97795457534400004329e-01 	 2 2 1 1
      1.31705682634615625810e-03 	 2 2 2 1
      3.32481928943979376800e-01 	 2 2 2 2
      6.02879038489478186191e-03 	 2 2 3 1
     -1.06322685956537141272e-02 	 2 2 3 2
      1.71069963182391204803e-01 	 2 2 3 3
     -1.50163694005691315814e-03 	 2 2 4 1
      8.85858529376717940274e-03 	 2 2 4 2
     -3.02929871287223664855e-03 	 2 2 4 3
      1.76237334939353562646e-01 	 2 2 4 4
     -1.10665019247584476246e-03 	 2 2 5 1
     -1.02061944831168364967e-02 	 2 2 5 2
      5.03181218631184885154e-03 	 2 2 5 3
     -1.41086108798251885603e-03 	 2 2 5 4
      2.54673210802841665235e-01 	 2 2 5 5
     -1.02529437242949951134e-03 	 2 2 6 1
      1.19445819080770125782e-03 	 2 2 6 2
     -9.23535565807910357669e-04 	 2 2 6 3
      1.04759496975156667781e-02 	 2 2 6 4
     -2.14501387243019783074e-03 	 2 2 6 5
      1.83992011242560093986e-01 	 2 2 6 6
     -6.03362226502379694892e-03 	 2 2 7 1
      3.16485248837596868862e-03 	 2 2 7 2
     -1.20836034120537397056e-03 	 2 2 7 3
      1.99305580358908988881e-03 	 2 2 7 4
     -3.72406075157769456824e-03 	 2 2 7 5
      1.08812021666140749422e-03 	 2 2 7 6
      1.79896027457823820539e-01 	 2 2 7 7
     -1.25268720229458423686e-04 	 2 2 8 1
      1.12554883340368616640e-02 	 2 2 8 2
      8.38927575430395335715e-04 	 2 2 8 3
     -4.64326095305364529991e-03 	 2 2 8 4
     -1.01651637989759891650e-02 	 2 2 8 5
      1.39577173349920199280e-03 	 2 2 8 6
      2.69294959923110997346e-04 	 2 2 8 7
      2.29368235783261376071e-01 	 2 2 8 8
     -3.48544068107622395658e-02 	 3 1 1 1
     -5.95951423742536122961e-04 	 3 1 2 1
      6.02879038489480701540e-03 	 3 1 2 2
      1.70285124178362404224e-02 	 3 1 3 1
      1.82177074984539856366e-03 	 3 1 3 2
     -4.15498173790522715154e-02 	 3 1 3 3
     -1.23497958872756320899e-03 	 3 1 4 1
      1.42255087292083161159e-03 	 3 1 4 2
     -1.48963191678905905240e-04 	 3 1 4 3
      2.21119249098556090727e-02 	 3 1 4 4
      2.06410750871480067406e-03 	 3 1 5 1
      2.62638971784646718839e-04 	 3 1 5 2
     -5.47346663821772440230e-05 	 3 1 5 3
     -8.89876200699419813746e-04 	 3 1 5 4
      2.40518479964792929659e-04 	 3 1 5 5
     -4.08832431962937727869e-04 	 3 1 6 1
     -2.70350663662616600650e-04 	 3 1 6 2
     -1.29929274916007410530e-03 	 3 1 6 3
     -2.12203792696484799113e-03 	 3 1 6 4
     -4.63668907705207689485e-04 	 3 1 6 5
      1.91814699687357613500e-02 	 3 1 6 6
     -1.10103820219820767307e-02 	 3 1 7 1
     -2.34139201764936398650e-04 	 3 1 7 2
     -3.99074742595453228061e-03 	 3 1 7 3
     -3.52339691710428263519e-04 	 3 1 7 4
      6.71444442923824994646e-04 	 3 1 7 5
      6.88431962267270405181e-04 	 3 1 7 6
     -1.93875250356728076606e-02 	 3 1 7 7
      1.70693853721132562939e-03 	 3 1 8 1
      9.62948512127884191474e-04 	 3 1 8 2
      9.90821840938412240832e-04 	 3 1 8 3
     -1.91523324559071976211e-03 	 3 1 8 4
     -5.09410550475401606701e-05 	 3 1 8 5
      7.49890541826412856431e-04 	 3 1 8 6
      1.58214431234558750017e-04 	 3 1 8 7
      2.29041833098211286557e-02 	 3 1 8 8
     -9.94619603401335206083e-03 	 3 2 1 1
      1.61650117799700906475e-03 	 3 2 2 1
     -1.06322685956537696383e-02 	 3 2 2 2
      1.82177074984540680359e-03 	 3 2 3 1
      7.89918683786755733423e-03 	 3 2 3 2
     -1.66538898470057969425e-02 	 3 2 3 3
     -6.01250763172712205350e-04 	 3 2 4 1
     -2.80507059431041403524e-03 	 3 2 4 2
     -1.28189076847292672545e-03 	 3 2 4 3
     -1.16215450346248100159e-03 	 3 2 4 4
      2.02831360695681630832e-03 	 3 2 5 1
      8.66715668109634476690e-03 	 3 2 5 2
      2.26419794856046272674e-03 	 3 2 5 3
      2.90940792877998285777e-04 	 3 2 5 4
     -3.58119231649329378131e-03 	 3 2 5 5
     -6.28939411689015685954e-04 	 3 2 6 1
     -7.05880716091271441862e-04 	 3 2 6 2
     -9.02895146320575143692e-04 	 3 2 6 3
      4.02803401994121772905e-03 	 3 2 6 4
      1.01319381083387607609e-03 	 3 2 6 5
      7.60129072375719232885e-03 	 3 2 6 6
     -1.31024097764993697687e-03 	 3 2 7 1
     -3.33822328665247212987e-03 	 3 2 7 2
      1.65439065508444561360e-03 	 3 2 7 3
      3.70235596246734828020e-04 	 3 2 7 4
     -2.14588319428099831218e-03 	 3 2 7 5
      7.34497668846841055869e-04 	 3 2 7 6
     -3.84362933505277013305e-03 	 3 2 7 7
      1.66875200615603045545e-03 	 3 2 8 1
     -8.63136865848416752305e-04 	 3 2 8 2
      1.20724536452233442881e-03 	 3 2 8 3
      8.04038914217504083713e-04 	 3 2 8 4
      4.15825365378236309205e-03 	 3 2 8 5
     -2.57588141665689922093e-04 	 3 2 8 6
      1.89971285863086797275e-04 	 3 2 8 7
     -9.46042243530219317815e-03 	 3 2 8 8
      2.75489230383691219295e-01 	 3 3 1 1
      4.46067267750717248720e-03 	 3 3 2 1
      1.71069963182391260315e-01 	 3 3 2 2
     -4.15498173790522437598e-02 	 3 3 3 1
     -1.66538898470058142898e-02 	 3 3 3 2
      4.97332566962056576987e-01 	 3 3 3 3
      1.36037213419918506796e-03 	 3 3 4 1
     -2.67481670104248317812e-03 	 3 3 4 2
      4.21522618370833920820e-03 	 3 3 4 3
      1.37027326805411048261e-01 	 3 3 4 4
     -1.69685145037631944336e-03 	 3 3 5 1
      2.65712408430421667682e-03 	 3 3 5 2
     -2.73993199161482728007e-03 	 3 3 5 3
      1.01065086802895956475e-03 	 3 3 5 4
      2.05693882951413553606e-01 	 3 3 5 5
     -2.54302753162362078082e-03 	 3 3 6 1
     -5.25545830611624385960e-04 	 3 3 6 2
      7.84666532616740824979e-03 	 3 3 6 3
      7.39028824942552804017e-03 	 3 3 6 4
     -2.87986035584363204987e-03 	 3 3 6 5
      1.61804750444473455229e-01 	 3 3 6 6
      1.65699926058523773487e-02 	 3 3 7 1
     -1.47054872056389274865e-03 	 3 3 7 2
      1.53004732557084684869e-02 	 3 3 7 3
      1.50417697283070734768e-03 	 3 3 7 4
     -4.42266469702315336704e-03 	 3 3 7 5
     -1.18273793918394903857e-04 	 3 3 7 6
      2.02186306431397067040e-01 	 3 3 7 7
      1.26273304066073762189e-03 	 3 3 8 1
      2.31250973220469089459e-03 	 3 3 8 2
     -3.74076677014114483688e-03 	 3 3 8 3
     -2.40836814690617746770e-03 	 3 3 8 4
      2.83322866330705264853e-03 	 3 3 8 5
     -4.29596490078420090858e-03 	 3 3 8 6
     -2.08066005506387817145e-03 	 3 3 8 7
      1.48248474079554437566e-01 	 3 3 8 8
      6.36701307827433095332e-03 	 4 1 1 1
     -4.18427112239267166762e-04 	 4 1 2 1
     -1.50163694005688800465e-03 	 4 1 2 2
     -1.23497958872756841316e-03 	 4 1 3 1
     -6.01250763172708085381e-04 	 4 1 3 2
      1.36037213419920783621e-03 	 4 1 3 3
      2.08271519093773411352e-03 	 4 1 4 1
      3.24203523819643327133e-04 	 4 1 4 2
      9.91763524928161591468e-04 	 4 1 4 3
      4.96793759910529528212e-03 	 4 1 4 4
     -7.56313946438133695958e-04 	 4 1 5 1
     -7.84358616659196336215e-04 	 4 1 5 2
     -3.92479835254668212724e-04 	 4 1 5 3
      1.29183771919247054969e-04 	 4 1 5 4
     -1.34062592259670391483e-03 	 4 1 5 5
      3.60058475162443314670e-04 	 4 1 6 1
      1.95205860447189029870e-04 	 4 1 6 2
      2.69484338651238518325e-04 	 4 1 6 3
     -5.00617750979845551294e-04 	 4 1 6 4
      3.20464119921803512400e-04 	 4 1 6 5
     -2.99031600491991454357e-03 	 4 1 6 6
      1.41628411184966458876e-03 	 4 1 7 1
      4.95656748566545581579e-04 	 4 1 7 2
     -1.80443478165030865741e-04 	 4 1 7 3
     -8.27015084478072062119e-04 	 4 1 7 4
      4.88812175697513431362e-04 	 4 1 7 5
     -4.39728817986348159523e-04 	 4 1 7 6
      2.97622287917336664220e-03 	 4 1 7 7
     -1.11461900260748352637e-03 	 4 1 8 1
     -9.70772954153177022917e-05 	 4 1 8 2
     -4.31014427878832263354e-04 	 4 1 8 3
     -4.74913992004449814731e-04 	 4 1 8 4
     -8.70897196529416364220e-04 	 4 1 8 5
      5.54400876605316362059e-04 	 4 1 8 6
      1.76027843321916301154e-04 	 4 1 8 7
     -9.53054681819762974839e-05 	 4 1 8 8
      2.12325801443517077002e-03 	 4 2 1 1
     -9.40838224078067888838e-04 	 4 2 2 1
      8.85858529376716725967e-03 	 4 2 2 2
      1.42255087292083898416e-03 	 4 2 3 1
     -2.80507059431041446892e-03 	 4 2 3 2
     -2.67481670104251006634e-03 	 4 2 3 3
      3.24203523819647392891e-04 	 4 2 4 1
      3.26354502215649979954e-03 	 4 2 4 2
      8.46843844538697990837e-04 	 4 2 4 3
      1.17437270100954616048e-02 	 4 2 4 4
     -1.05853832573926599954e-03 	 4 2 5 1
     -3.43161291926073665909e-03 	 4 2 5 2
     -7.13459514451898996028e-04 	 4 2 5 3
      3.27009442764139709407e-04 	 4 2 5 4
      2.34517503837592539151e-03 	 4 2 5 5
      5.43346116434030384189e-04 	 4 2 6 1
      1.31994942555364088571e-03 	 4 2 6 2
      6.23927611816609667926e-04 	 4 2 6 3
     -2.15985488257402569526e-03 	 4 2 6 4
      1.42722640044099636060e-04 	 4 2 6 5
      9.74956408976842539213e-04 	 4 2 6 6
     -1.00401161912450098170e-03 	 4 2 7 1
      1.72789778951138481115e-03 	 4 2 7 2
     -1.36551162283428677464e-03 	 4 2 7 3
     -4.01515381609403928121e-04 	 4 2 7 4
      1.31273107813181149142e-03 	 4 2 7 5
     -6.30898851551684705825e-04 	 4 2 7 6
      6.58857939231795552678e-05 	 4 2 7 7
     -9.79042435152935883527e-04 	 4 2 8 1
      1.18195589752349817202e-03 	 4 2 8 2
     -3.79438981733600671793e-04 	 4 2 8 3
     -1.54018155388527190792e-03 	 4 2 8 4
     -2.25255121608988881018e-03 	 4 2 8 5
      8.51942717821239903740e-04 	 4 2 8 6
      3.80342246639929371251e-05 	 4 2 8 7
      1.28556432669844292876e-02 	 4 2 8 8
     -1.73527002784277366591e-05 	 4 3 1 1
     -3.49700432607805795568e-04 	 4 3 2 1
     -3.02929871287225312843e-03 	 4 3 2 2
     -1.48963191678902354478e-04 	 4 3 3 1
     -1.28189076847292412337e-03 	 4 3 3 2
      4.21522618370832619777e-03 	 4 3 3 3
      9.91763524928166361957e-04 	 4 3 4 1
      8.46843844538696689794e-04 	 4 3 4 2
      1.37094469964921684274e-03 	 4 3 4 3
      5.12304593064779462130e-03 	 4 3 4 4
     -5.22480398805798143883e-04 	 4 3 5 1
     -9.49941787074117514368e-04 	 4 3 5 2
     -6.04021165662855011834e-04 	 4 3 5 3
     -8.73463265461940700741e-05 	 4 3 5 4
     -2.28578961001438827130e-03 	 4 3 5 5
      2.03511234833695075488e-04 	 4 3 6 1
      4.57624855900615743528e-04 	 4 3 6 2
      7.10318723592436983977e-04 	 4 3 6 3
     -1.18944224426257216462e-03 	 4 3 6 4
      2.00385210630503463047e-05 	 4 3 6 5
     -9.96066461835813177564e-04 	 4 3 6 6
     -1.68089493385354364499e-04 	 4 3 7 1
      5.33638732525345302164e-04 	 4 3 7 2
     -4.21364111687580814285e-04 	 4 3 7 3
     -4.30751699670009209186e-04 	 4 3 7 4
      6.94446967763436592662e-04 	 4 3 7 5
      9.02526689891148804724e-05 	 4 3 7 6
     -9.46200214867542175635e-04 	 4 3 7 7
     -5.23059434252052808494e-04 	 4 3 8 1
     -1.01542122578800816398e-05 	 4 3 8 2
     -3.23558944777188172565e-04 	 4 3 8 3
     -5.14496210668556846861e-04 	 4 3 8 4
     -6.37714715111617870894e-04 	 4 3 8 5
      2.60881871176742207233e-04 	 4 3 8 6
     -3.93821207072246417028e-05 	 4 3 8 7
      9.81058293571545041861e-04 	 4 3 8 8
      1.67965113426557899334e-01 	 4 4 1 1
     -2.97347614817044039737e-03 	 4 4 2 1
      1.76237334939353978980e-01 	 4 4 2 2
      2.21119249098556333588e-02 	 4 4 3 1
     -1.16215450346248577208e-03 	 4 4 3 2
      1.37027326805411076016e-01 	 4 4 3 3
      4.96793759910532043561e-03 	 4 4 4 1
      1.17437270100953835422e-02 	 4 4 4 2
      5.12304593064776946781e-03 	 4 4 4 3
      3.91044093408161208547e-01 	 4 4 4 4
     -2.65103933665908819348e-03 	 4 4 5 1
      2.79601366983835445887e-03 	 4 4 5 2
     -2.63975744581765054547e-03 	 4 4 5 3
      1.84829877128880079411e-03 	 4 4 5 4
      1.78752121789175405508e-01 	 4 4 5 5
      2.80631457340915985502e-03 	 4 4 6 1
     -1.25840716229360283403e-03 	 4 4 6 2
      1.45913882251252403389e-03 	 4 4 6 3
     -7.98963901180087775200e-03 	 4 4 6 4
     -2.25018155839606720167e-03 	 4 4 6 5
      2.52137085338759503461e-01 	 4 4 6 6
     -2.16284295230703763058e-02 	 4 4 7 1
      5.93145054376709732549e-04 	 4 4 7 2
     -9.63818661735886886288e-03 	 4 4 7 3
     -1.64866115464959439585e-03 	 4 4 7 4
      2.33085919322909354556e-03 	 4 4 7 5
     -9.23464079454522314069e-04 	 4 4 7 6
      1.30875626045379944706e-01 	 4 4 7 7
     -2.21489472252000196492e-03 	 4 4 8 1
      2.99877878803746916736e-03 	 4 4 8 2
     -2.43755708942611389305e-04 	 4 4 8 3
     -1.87189132084150458568e-02 	 4 4 8 4
     -2.04676463710821423744e-03 	 4 4 8 5
      7.60689523766988617837e-03 	 4 4 8 6
      8.57034881188271121903e-04 	 4 4 8 7
      2.47655267776270726632e-01 	 4 4 8 8
     -1.18451487575495142263e-02 	 5 1 1 1
      3.32098972182001911466e-04 	 5 1 2 1
     -1.10665019247584194353e-03 	 5 1 2 2
      2.06410750871478983204e-03 	 5 1 3 1
      2.02831360695683148715e-03 	 5 1 3 2
     -1.69685145037633071906e-03 	 5 1 3 3
     -7.56313946438129792831e-04 	 5 1 4 1
     -1.05853832573929353827e-03 	 5 1 4 2
     -5.22480398805803456473e-04 	 5 1 4 3
     -2.65103933665902574343e-03 	 5 1 4 4
      5.73602026542111009810e-03 	 5 1 5 1
      4.47843855797958045883e-03 	 5 1 5 2
      1.37231726200403615634e-03 	 5 1 5 3
     -5.58174766073169241649e-04 	 5 1 5 4
     -5.06987560244253569058e-03 	 5 1 5 5
     -9.95145704138558238536e-04 	 5 1 6 1
     -3.43503514894410630874e-04 	 5 1 6 2
     -6.29991622429554721900e-04 	 5 1 6 3
      1.68442994479779000784e-03 	 5 1 6 4
     -4.62444797484046443660e-05 	 5 1 6 5
      5.92022559711133291444e-03 	 5 1 6 6
     -2.51936156462899841363e-03 	 5 1 7 1
     -1.68396926245533654770e-03 	 5 1 7 2
      9.38175030878369057251e-04 	 5 1 7 3
      2.51275052606745263016e-04 	 5 1 7 4
     -1.83666514070187844587e-03 	 5 1 7 5
      4.93238924474130721251e-04 	 5 1 7 6
     -4.27604029694733048933e-03 	 5 1 7 7
      2.08960660980462122407e-03 	 5 1 8 1
      4.33324968054793133176e-04 	 5 1 8 2
      6.78872301485698237747e-04 	 5 1 8 3
      2.46175410664953384782e-04 	 5 1 8 4
      3.24600801531649621468e-03 	 5 1 8 5
     -7.03784729021484723246e-04 	 5 1 8 6
     -2.57146266978035308633e-04 	 5 1 8 7
     -4.21144060681320070438e-03 	 5 1 8 8
     -9.96341992128502856874e-03 	 5 2 1 1
      2.33106160829588213851e-03 	 5 2 2 1
     -1.02061944831168295578e-02 	 5 2 2 2
      2.62638971784702988932e-04 	 5 2 3 1
      8.66715668109633088911e-03 	 5 2 3 2
      2.65712408430413861427e-03 	 5 2 3 3
     -7.84358616659205118253e-04 	 5 2 4 1
     -3.43161291926068548475e-03 	 5 2 4 2
     -9.49941787074110900735e-04 	 5 2 4 3
      2.79601366983829461091e-03 	 5 2 4 4
      4.47843855797962556164e-03 	 5 2 5 1
      1.87385380677394138005e-02 	 5 2 5 2
      2.53239443240571874758e-03 	 5 2 5 3
      5.94731980994624652957e-04 	 5 2 5 4
     -5.19633396392460422675e-03 	 5 2 5 5
     -8.34668324603110448404e-04 	 5 2 6 1
     -6.34569841591986179632e-04 	 5 2 6 2
     -3.49142070444612964610e-04 	 5 2 6 3
      6.95016695816250487661e-03 	 5 2 6 4
      1.48279194515544285662e-03 	 5 2 6 5
      1.64927986162364016709e-02 	 5 2 6 6
     -2.54801036190867953232e-03 	 5 2 7 1
     -5.75681635574492971130e-03 	 5 2 7 2
      3.60634036609970001427e-03 	 5 2 7 3
      6.35405956570592720702e-04 	 5 2 7 4
     -4.20788661736671166375e-03 	 5 2 7 5
      8.23160995091878769717e-04 	 5 2 7 6
      4.24657665517104096226e-04 	 5 2 7 7
      2.78126941626196918025e-03 	 5 2 8 1
     -1.39756796997496293006e-03 	 5 2 8 2
      1.44144614587422034528e-03 	 5 2 8 3
      2.66895945934590163827e-04 	 5 2 8 4
      7.12219008984365034576e-03 	 5 2 8 5
     -9.69138591211328892950e-05 	 5 2 8 6
     -6.55088695207156938242e-05 	 5 2 8 7
     -1.14197821989572064622e-02 	 5 2 8 8
      2.53295214564987214434e-03 	 5 3 1 1
      7.32112968776049656203e-04 	 5 3 2 1
      5.03181218631186880086e-03 	 5 3 2 2
     -5.47346663821745199651e-05 	 5 3 3 1
      2.26419794856045492049e-03 	 5 3 3 2
     -2.73993199161481296861e-03 	 5 3 3 3
     -3.92479835254661653301e-04 	 5 3 4 1
     -7.13459514451910596991e-04 	 5 3 4 2
     -6.04021165662857071818e-04 	 5 3 4 3
     -2.63975744581762929511e-03 	 5 3 4 4
      1.37231726200406239403e-03 	 5 3 5 1
      2.53239443240569359408e-03 	 5 3 5 2
      2.82770334856635545406e-03 	 5 3 5 3
     -1.93825845769087423600e-04 	 5 3 5 4
      4.19847926920541292262e-03 	 5 3 5 5
     -6.44976147338292729420e-04 	 5 3 6 1
     -1.00816563615922682637e-04 	 5 3 6 2
     -4.82972484241585655641e-04 	 5 3 6 3
      2.05971804830052361568e-03 	 5 3 6 4
     -1.44683550778835432740e-04 	 5 3 6 5
      2.92748972512496628134e-03 	 5 3 6 6
      6.09182941261495608520e-04 	 5 3 7 1
     -6.49456000004662689813e-04 	 5 3 7 2
      8.61968301295646267129e-04 	 5 3 7 3
      3.24430165694114091678e-04 	 5 3 7 4
     -1.74556122883860872705e-03 	 5 3 7 5
      4.39096638421853507905e-04 	 5 3 7 6
      2.90180156675452338016e-03 	 5 3 7 7
      7.73232096272425143899e-04 	 5 3 8 1
      4.24268081851359184133e-04 	 5 3 8 2
      7.15699220167619032905e-04 	 5 3 8 3
      1.22952275818785303207e-04 	 5 3 8 4
      1.64372155766794448943e-03 	 5 3 8 5
     -5.16457275694258552065e-04 	 5 3 8 6
      3.89079525771352392185e-05 	 5 3 8 7
     -2.00191307813686082684e-03 	 5 3 8 8
      1.12000289365916710829e-04 	 5 4 1 1
      8.60480289140527250394e-05 	 5 4 2 1
     -1.41086108798250888137e-03 	 5 4 2 2
     -8.89876200699437594661e-04 	 5 4 3 1
      2.90940792878000237340e-04 	 5 4 3 2
      1.01065086802900770332e-03 	 5 4 3 3
      1.29183771919248166276e-04 	 5 4 4 1
      3.27009442764123934265e-04 	 5 4 4 2
     -8.73463265461984339879e-05 	 5 4 4 3
      1.84829877128878257951e-03 	 5 4 4 4
     -5.58174766073184854161e-04 	 5 4 5 1
      5.94731980994643843336e-04 	 5 4 5 2
     -1.93825845769102819271e-04 	 5 4 5 3
      1.52841573308905125106e-03 	 5 4 5 4
      6.34126879013609994276e-04 	 5 4 5 5
      5.58364299526240286282e-04 	 5 4 6 1
      8.32028403451899991120e-04 	 5 4 6 2
      4.75012075905317918047e-04 	 5 4 6 3
      5.28407736288088276597e-04 	 5 4 6 4
      1.29313666256892644164e-03 	 5 4 6 5
     -1.68382445800273382666e-03 	 5 4 6 6
      5.62339655907942025277e-04 	 5 4 7 1
     -1.91612112934807360658e-04 	 5 4 7 2
      5.45289961410887875047e-04 	 5 4 7 3
      5.36919046472429583260e-05 	 5 4 7 4
     -1.71175417819946907964e-04 	 5 4 7 5
     -4.90178655286963764828e-04 	 5 4 7 6
      3.15313131640624177260e-05 	 5 4 7 7
     -5.91224430898334919922e-04 	 5 4 8 1
     -4.40637379543361870724e-04 	 5 4 8 2
     -2.65645182528319832860e-04 	 5 4 8 3
      4.19435363820168068735e-04 	 5 4 8 4
     -6.19983243657078078419e-04 	 5 4 8 5
      6.44637151839294163941e-04 	 5 4 8 6
      2.07696063153066243700e-04 	 5 4 8 7
     -2.95747842783404763303e-03 	 5 4 8 8
      2.52398219242673749196e-01 	 5 5 1 1
      4.69813910817953438864e-03 	 5 5 2 1
      2.54673210802841998301e-01 	 5 5 2 2
      2.40518479964750239199e-04 	 5 5 3 1
     -3.58119231649328163825e-03 	 5 5 3 2
      2.05693882951413442584e-01 	 5 5 3 3
     -1.34062592259670543271e-03 	 5 5 4 1
      2.34517503837581697129e-03 	 5 5 4 2
     -2.28578961001441082271e-03 	 5 5 4 3
      1.78752121789175794087e-01 	 5 5 4 4
     -5.06987560244252614960e-03 	 5 5 5 1
     -5.19633396392460075730e-03 	 5 5 5 2
      4.19847926920532011491e-03 	 5 5 5 3
      6.34126879013648375033e-04 	 5 5 5 4
      3.79276541051163595952e-01 	 5 5 5 5
     -2.69495347822320792733e-03 	 5 5 6 1
     -1.85719153837204877140e-03 	 5 5 6 2
     -1.36181903705862245371e-03 	 5 5 6 3
      1.00972502664527941790e-02 	 5 5 6 4
     -5.87093809986949204116e-03 	 5 5 6 5
      2.10058219331530349194e-01 	 5 5 6 6
      1.55167723193299798498e-03 	 5 5 7 1
     -5.27808837325796967842e-04 	 5 5 7 2
     -5.08904326404780826647e-04 	 5 5 7 3
      1.85369585233435222454e-03 	 5 5 7 4
     -6.65717952688924755750e-03 	 5 5 7 5
      1.65715563730911672087e-03 	 5 5 7 6
      1.99584500742959608521e-01 	 5 5 7 7
      4.81155455096863877290e-03 	 5 5 8 1
      8.27200662517059773227e-03 	 5 5 8 2
      4.43499214067372572040e-03 	 5 5 8 3
     -8.00525776822129907229e-03 	 5 5 8 4
     -9.42129600485444931857e-03 	 5 5 8 5
     -4.15204847251860170027e-03 	 5 5 8 6
     -2.47858827332783551028e-03 	 5 5 8 7
      2.09122926804340414364e-01 	 5 5 8 8
      6.79176393399638688234e-04 	 6 1 1 1
     -4.60680988051950356804e-04 	 6 1 2 1
     -1.02529437242950601655e-03 	 6 1 2 2
     -4.08832431962938920491e-04 	 6 1 3 1
     -6.28939411689007012336e-04 	 6 1 3 2
     -2.54302753162363465861e-03 	 6 1 3 3
      3.60058475162443477301e-04 	 6 1 4 1
      5.43346116434035263099e-04 	 6 1 4 2
      2.03511234833698653355e-04 	 6 1 4 3
      2.80631457340920669255e-03 	 6 1 4 4
     -9.95145704138537205014e-04 	 6 1 5 1
     -8.34668324603133433490e-04 	 6 1 5 2
     -6.44976147338299993575e-04 	 6 1 5 3
      5.58364299526257525097e-04 	 6 1 5 4
     -2.69495347822317540126e-03 	 6 1 5 5
      2.84250026291322588703e-03 	 6 1 6 1
      3.29345432368936699794e-04 	 6 1 6 2
      1.33864809069908930611e-03 	 6 1 6 3
     -1.31754415077234114662e-03 	 6 1 6 4
      7.62147348283873332479e-04 	 6 1 6 5
      1.75581793871024908343e-03 	 6 1 6 6
      1.40943675429018090185e-04 	 6 1 7 1
      5.37273181537231431931e-04 	 6 1 7 2
     -2.73186251310855504268e-04 	 6 1 7 3
     -2.08875980306036048871e-04 	 6 1 7 4
      4.98825714659834290425e-04 	 6 1 7 5
     -1.48924135132643634810e-03 	 6 1 7 6
     -9.10489968528682930109e-04 	 6 1 7 7
     -1.14979315548397582024e-03 	 6 1 8 1
      5.33805308207466980042e-06 	 6 1 8 2
     -5.28053024085518201217e-04 	 6 1 8 3
      2.45388725163750421026e-04 	 6 1 8 4
     -1.03258333960837929075e-03 	 6 1 8 5
      1.24374879424830843064e-03 	 6 1 8 6
      1.98793150129761519952e-04 	 6 1 8 7
     -1.49480663477554755452e-04 	 6 1 8 8
     -5.82265780125221688208e-04 	 6 2 1 1
     -2.35215212875004506254e-04 	 6 2 2 1
      1.19445819080767827274e-03 	 6 2 2 2
     -2.70350663662624081645e-04 	 6 2 3 1
     -7.05880716091284235447e-04 	 6 2 3 2
     -5.25545830611610616592e-04 	 6 2 3 3
      1.95205860447179001000e-04 	 6 2 4 1
      1.31994942555364457200e-03 	 6 2 4 2
      4.57624855900618941924e-04 	 6 2 4 3
     -1.25840716229366181463e-03 	 6 2 4 4
     -3.43503514894446951647e-04 	 6 2 5 1
     -6.34569841591933812668e-04 	 6 2 5 2
     -1.00816563615917668202e-04 	 6 2 5 3
      8.32028403451858357756e-04 	 6 2 5 4
     -1.85719153837215914318e-03 	 6 2 5 5
      3.29345432368943963949e-04 	 6 2 6 1
      2.40837629170623538852e-03 	 6 2 6 2
      8.23245952642271934876e-04 	 6 2 6 3
     -9.91717468794545099417e-04 	 6 2 6 4
      1.54395199589578554708e-03 	 6 2 6 5
     -4.81274889171739127247e-04 	 6 2 6 6
      2.03196574086684519185e-04 	 6 2 7 1
      6.12404081731296847171e-04 	 6 2 7 2
     -1.17781274612416603687e-04 	 6 2 7 3
     -3.60320607699791170108e-04 	 6 2 7 4
      2.58681974517891593614e-04 	 6 2 7 5
     -6.36030559287766050248e-04 	 6 2 7 6
     -9.41025134430123564450e-04 	 6 2 7 7
     -4.50063335675883035431e-04 	 6 2 8 1
      1.40538850688659978753e-04 	 6 2 8 2
     -1.76164493745551391365e-04 	 6 2 8 3
      6.90879653818038483998e-04 	 6 2 8 4
     -5.05450361987329170599e-04 	 6 2 8 5
      3.48979967339348401238e-04 	 6 2 8 6
      4.65333081967832964238e-05 	 6 2 8 7
     -1.64603785279416768225e-03 	 6 2 8 8
      1.64324386100062514067e-03 	 6 3 1 1
     -2.16595206649384110047e-04 	 6 3 2 1
     -9.23535565807903527195e-04 	 6 3 2 2
     -1.29929274916007497266e-03 	 6 3 3 1
     -9.02895146320580673123e-04 	 6 3 3 2
      7.84666532616740478034e-03 	 6 3 3 3
      2.69484338651234289937e-04 	 6 3 4 1
      6.23927611816620943629e-04 	 6 3 4 2
      7.10318723592438068179e-04 	 6 3 4 3
      1.45913882251248435210e-03 	 6 3 4 4
     -6.29991622429558625028e-04 	 6 3 5 1
     -3.49142070444599520503e-04 	 6 3 5 2
     -4.82972484241583433027e-04 	 6 3 5 3
      4.75012075905304582361e-04 	 6 3 5 4
     -1.36181903705864695668e-03 	 6 3 5 5
      1.33864809069908887243e-03 	 6 3 6 1
      8.23245952642273452760e-04 	 6 3 6 2
      1.89970090902485933514e-03 	 6 3 6 3
     -7.05471874939206963599e-04 	 6 3 6 4
      5.25126381374298786125e-04 	 6 3 6 5
      1.53830872592906117008e-03 	 6 3 6 6
      4.95665557987501640899e-04 	 6 3 7 1
      2.99404626219494304773e-04 	 6 3 7 2
      2.46441265935130545978e-04 	 6 3 7 3
      2.46113645259392744939e-04 	 6 3 7 4
      4.60399415533175150952e-04 	 6 3 7 5
     -2.58781536634414722087e-04 	 6 3 7 6
      5.91544665306912914246e-04 	 6 3 7 7
     -6.45686017609519661425e-04 	 6 3 8 1
      5.81912387661991464490e-05 	 6 3 8 2
     -4.11647257532338564645e-04 	 6 3 8 3
      1.02186517133061077929e-04 	 6 3 8 4
     -6.46221294595016883776e-04 	 6 3 8 5
      7.62391980685871227356e-04 	 6 3 8 6
      1.81961445722949775004e-04 	 6 3 8 7
     -5.42713782867902021570e-04 	 6 3 8 8
      9.92341166493071382554e-04 	 6 4 1 1
      1.62116778445065413787e-03 	 6 4 2 1
      1.04759496975156910642e-02 	 6 4 2 2
     -2.12203792696485102690e-03 	 6 4 3 1
      4.02803401994122293323e-03 	 6 4 3 2
      7.39028824942549161098e-03 	 6 4 3 3
     -5.00617750979850213364e-04 	 6 4 4 1
     -2.15985488257397972509e-03 	 6 4 4 2
     -1.18944224426256891201e-03 	 6 4 4 3
     -7.98963901180086907838e-03 	 6 4 4 4
      1.68442994479786525147e-03 	 6 4 5 1
      6.95016695816241206890e-03 	 6 4 5 2
      2.05971804830051277366e-03 	 6 4 5 3
      5.28407736288123404747e-04 	 6 4 5 4
      1.00972502664530023458e-02 	 6 4 5 5
     -1.31754415077235589177e-03 	 6 4 6 1
     -9.91717468794527101661e-04 	 6 4 6 2
     -7.05471874939207288860e-04 	 6 4 6 3
      1.29173150021526465109e-02 	 6 4 6 4
      8.82419208278506701261e-04 	 6 4 6 5
      1.54927150105614087373e-03 	 6 4 6 6
      6.87733994913705616765e-04 	 6 4 7 1
     -3.12542727816140239808e-03 	 6 4 7 2
      3.71279288322715235460e-03 	 6 4 7 3
      7.85417541806480708037e-04 	 6 4 7 4
     -3.17817612398402400686e-03 	 6 4 7 5
      1.03027195626822598400e-03 	 6 4 7 6
      7.40192479672237540339e-03 	 6 4 7 7
      1.55837761143436744245e-03 	 6 4 8 1
      5.11163974639994929568e-04 	 6 4 8 2
      7.32167754775819683288e-04 	 6 4 8 3
      1.27488729145820581592e-03 	 6 4 8 4
      2.61955449179812225810e-03 	 6 4 8 5
     -3.83204206234246476295e-04 	 6 4 8 6
      2.16897450153604950691e-04 	 6 4 8 7
     -5.45546801736653767106e-03 	 6 4 8 8
     -5.38385966070969914504e-03 	 6 5 1 1
     -3.17164950069566612518e-05 	 6 5 2 1
     -2.14501387243019913179e-03 	 6 5 2 2
     -4.63668907705208340007e-04 	 6 5 3 1
      1.01319381083389277280e-03 	 6 5 3 2
     -2.87986035584364679502e-03 	 6 5 3 3
      3.20464119921811643917e-04 	 6 5 4 1
      1.42722640044100747368e-04 	 6 5 4 2
      2.00385210630512983698e-05 	 6 5 4 3
     -2.25018155839603597665e-03 	 6 5 4 4
     -4.62444797483553877060e-05 	 6 5 5 1
      1.48279194515539883802e-03 	 6 5 5 2
     -1.44683550778842100583e-04 	 6 5 5 3
      1.29313666256895051093e-03 	 6 5 5 4
     -5.87093809986942872375e-03 	 6 5 5 5
      7.62147348283874633522e-04 	 6 5 6 1
      1.54395199589577622294e-03 	 6 5 6 2
      5.25126381374300412429e-04 	 6 5 6 3
      8.82419208278534998938e-04 	 6 5 6 4
      3.41735103777982040033e-03 	 6 5 6 5
      5.26483163669691969625e-05 	 6 5 6 6
     -1.21651734253710747807e-04 	 6 5 7 1
     -6.82383881591273563395e-04 	 6 5 7 2
      7.57508000906672467924e-04 	 6 5 7 3
     -2.09597423769118434891e-04 	 6 5 7 4
     -4.96003931103787131136e-04 	 6 5 7 5
     -4.39533097124201023800e-04 	 6 5 7 6
     -2.61753314801357016284e-03 	 6 5 7 7
     -5.59253693443481788260e-04 	 6 5 8 1
     -3.59097811683116018445e-04 	 6 5 8 2
     -2.55157613573787911410e-04 	 6 5 8 3
      1.02604368629813607998e-03 	 6 5 8 4
     -4.94151479051746153615e-04 	 6 5 8 5
      1.57898340695783673607e-03 	 6 5 8 6
      2.93714839671779359264e-04 	 6 5 8 7
     -4.95038167198682405035e-03 	 6 5 8 8
      1.80332589969698642296e-01 	 6 6 1 1
      2.71944629034221070640e-04 	 6 6 2 1
      1.83992011242560066231e-01 	 6 6 2 2
      1.91814699687357682889e-02 	 6 6 3 1
      7.60129072375720707400e-03 	 6 6 3 2
      1.61804750444473399718e-01 	 6 6 3 3
     -2.99031600491990890572e-03 	 6 6 4 1
      9.74956408976846008660e-04 	 6 6 4 2
     -9.96066461835820766979e-04 	 6 6 4 3
      2.52137085338759170394e-01 	 6 6 4 4
      5.92022559711124357618e-03 	 6 6 5 1
      1.64927986162365543266e-02 	 6 6 5 2
      2.92748972512495890877e-03 	 6 6 5 3
     -1.68382445800281579235e-03 	 6 6 5 4
      2.10058219331529960616e-01 	 6 6 5 5
      1.75581793871030307670e-03 	 6 6 6 1
     -4.81274889171822936075e-04 	 6 6 6 2
      1.53830872592905856799e-03 	 6 6 6 3
      1.54927150105626447278e-03 	 6 6 6 4
      5.26483163670704072353e-05 	 6 6 6 5
      3.71449258234393620004e-01 	 6 6 6 6
     -2.07901846542926233008e-02 	 6 6 7 1
     -5.88318058554357283668e-03 	 6 6 7 2
     -3.33098534984440286175e-03 	 6 6 7 3
      9.27311838549058748381e-04 	 6 6 7 4
     -5.24368044344302071391e-03 	 6 6 7 5
      1.46574380823615382265e-04 	 6 6 7 6
      1.46354314692064724213e-01 	 6 6 7 7
      8.88204732076823891274e-03 	 6 6 8 1
      4.16757389143586603336e-03 	 6 6 8 2
      4.95190546985150616133e-03 	 6 6 8 3
     -8.18699507410872162616e-03 	 6 6 8 4
      1.22310986607603797149e-02 	 6 6 8 5
      3.27280280831356582341e-03 	 6 6 8 6
     -1.42200609955208463926e-03 	 6 6 8 7
      1.97512868224044013665e-01 	 6 6 8 8
      3.79073090450841587717e-02 	 7 1 1 1
      9.32607569724058983089e-05 	 7 1 2 1
     -6.03362226502378393850e-03 	 7 1 2 2
     -1.10103820219820732612e-02 	 7 1 3 1
     -1.31024097764993155586e-03 	 7 1 3 2
      1.65699926058524363293e-02 	 7 1 3 3
      1.41628411184967022661e-03 	 7 1 4 1
     -1.00401161912450510166e-03 	 7 1 4 2
     -1.68089493385355746857e-04 	 7 1 4 3
     -2.16284295230703624280e-02 	 7 1 4 4
     -2.51936156462895504554e-03 	 7 1 5 1
     -2.54801036190872723722e-03 	 7 1 5 2
      6.09182941261491922233e-04 	 7 1 5 3
      5.62339655907952433618e-04 	 7 1 5 4
      1.55167723193311529566e-03 	 7 1 5 5
      1.40943675429015379680e-04 	 7 1 6 1
      2.03196574086684031294e-04 	 7 1 6 2
      4.95665557987498171452e-04 	 7 1 6 3
      6.87733994913714398803e-04 	 7 1 6 4
     -1.21651734253716914207e-04 	 7 1 6 5
     -2.07901846542926371786e-02 	 7 1 6 6
      1.72529729945328363927e-02 	 7 1 7 1
      2.20830621823384261326e-03 	 7 1 7 2
      2.75478396543596274273e-03 	 7 1 7 3
      7.79227728776019687006e-05 	 7 1 7 4
      1.46804336339528395533e-03 	 7 1 7 5
     -1.56507521013425523852e-03 	 7 1 7 6
      4.63065995325421045359e-02 	 7 1 7 7
     -2.02925877982182423231e-03 	 7 1 8 1
     -7.25572615735683534681e-04 	 7 1 8 2
     -2.67473044724820532229e-04 	 7 1 8 3
      1.37050610289759914641e-03 	 7 1 8 4
     -6.35379775686604293325e-04 	 7 1 8 5
     -1.01672988833336722277e-03 	 7 1 8 6
     -5.90662583935680168368e-05 	 7 1 8 7
     -2.03469252575848545683e-02 	 7 1 8 8
      6.28347733718023510746e-03 	 7 2 1 1
     -1.64334321881236559634e-03 	 7 2 2 1
      3.16485248837592445317e-03 	 7 2 2 2
     -2.34139201764933986300e-04 	 7 2 3 1
     -3.33822328665247256355e-03 	 7 2 3 2
     -1.47054872056389730230e-03 	 7 2 3 3
      4.95656748566545039478e-04 	 7 2 4 1
      1.72789778951138893112e-03 	 7 2 4 2
      5.33638732525344326382e-04 	 7 2 4 3
      5.93145054376722634555e-04 	 7 2 4 4
     -1.68396926245533611402e-03 	 7 2 5 1
     -5.75681635574491409879e-03 	 7 2 5 2
     -6.49456000004662364553e-04 	 7 2 5 3
     -1.91612112934812971405e-04 	 7 2 5 4
     -5.27808837325811712991e-04 	 7 2 5 5
      5.37273181537229914048e-04 	 7 2 6 1
      6.12404081731291751421e-04 	 7 2 6 2
      2.99404626219494358983e-04 	 7 2 6 3
     -3.12542727816139112237e-03 	 7 2 6 4
     -6.82383881591275081278e-04 	 7 2 6 5
     -5.88318058554355375472e-03 	 7 2 6 6
      2.20830621823385649105e-03 	 7 2 7 1
      4.58248987439894769902e-03 	 7 2 7 2
     -1.12566478359626509324e-03 	 7 2 7 3
     -5.60855454373313357455e-04 	 7 2 7 4
      3.12412081010861276617e-03 	 7 2 7 5
     -1.14468328654173789188e-03 	 7 2 7 6
      1.29605354980891363664e-02 	 7 2 7 7
     -1.35174962852474219756e-03 	 7 2 8 1
      4.84362066812236361901e-04 	 7 2 8 2
     -5.31463913748014566557e-04 	 7 2 8 3
     -5.16695411930749668589e-04 	 7 2 8 4
     -2.57608083999530780919e-03 	 7 2 8 5
      2.88320009840528027750e-04 	 7 2 8 6
      5.38073475670670071740e-05 	 7 2 8 7
      4.91190682409901532846e-03 	 7 2 8 8
      1.11776897194817135574e-03 	 7 3 1 1
      1.00287197250585971044e-03 	 7 3 2 1
     -1.20836034120535835805e-03 	 7 3 2 2
     -3.99074742595453314797e-03 	 7 3 3 1
      1.65439065508443867471e-03 	 7 3 3 2
      1.53004732557084511396e-02 	 7 3 3 3
     -1.80443478165032085469e-04 	 7 3 4 1
     -1.36551162283428547360e-03 	 7 3 4 2
     -4.21364111687580326394e-04 	 7 3 4 3
     -9.63818661735888100595e-03 	 7 3 4 4
      9.38175030878353770000e-04 	 7 3 5 1
      3.60634036609970305004e-03 	 7 3 5 2
      8.61968301295648869215e-04 	 7 3 5 3
      5.45289961410888308728e-04 	 7 3 5 4
     -5.08904326404787006599e-04 	 7 3 5 5
     -2.73186251310853823755e-04 	 7 3 6 1
     -1.17781274612416739212e-04 	 7 3 6 2
      2.46441265935131847021e-04 	 7 3 6 3
      3.71279288322714888515e-03 	 7 3 6 4
      7.57508000906673552126e-04 	 7 3 6 5
     -3.33098534984438204506e-03 	 7 3 6 6
      2.75478396543596881427e-03 	 7 3 7 1
     -1.12566478359626444272e-03 	 7 3 7 2
      4.39285610470332293920e-03 	 7 3 7 3
      2.73632034327247260653e-04 	 7 3 7 4
     -1.34343559443322164114e-03 	 7 3 7 5
     -3.22238727118485945855e-05 	 7 3 7 6
      1.33712582137018500678e-02 	 7 3 7 7
      5.32021172284998801992e-04 	 7 3 8 1
     -3.30916787254495806374e-04 	 7 3 8 2
      8.45205259414361515782e-05 	 7 3 8 3
      9.46556929482826516636e-04 	 7 3 8 4
      1.77536225643184033575e-03 	 7 3 8 5
     -2.96527089499227516304e-04 	 7 3 8 6
      1.99314290351794822301e-04 	 7 3 8 7
     -1.14970131543645943950e-02 	 7 3 8 8
      1.17641806812692124341e-03 	 7 4 1 1
      2.24956271431039840939e-04 	 7 4 2 1
      1.99305580358910723604e-03 	 7 4 2 2
     -3.52339691710431407706e-04 	 7 4 3 1
      3.70235596246735641172e-04 	 7 4 3 2
      1.50417697283070669716e-03 	 7 4 3 3
     -8.27015084478072387379e-04 	 7 4 4 1
     -4.01515381609402356028e-04 	 7 4 4 2
     -4.30751699670011052330e-04 	 7 4 4 3
     -1.64866115464962800612e-03 	 7 4 4 4
      2.51275052606745317226e-04 	 7 4 5 1
      6.35405956570596298569e-04 	 7 4 5 2
      3.24430165694114579569e-04 	 7 4 5 3
      5.36919046472408170267e-05 	 7 4 5 4
      1.85369585233435309191e-03 	 7 4 5 5
     -2.08875980306033040210e-04 	 7 4 6 1
     -3.60320607699791061688e-04 	 7 4 6 2
      2.46113645259392365468e-04 	 7 4 6 3
      7.85417541806486020628e-04 	 7 4 6 4
     -2.09597423769115805700e-04 	 7 4 6 5
      9.27311838549044003231e-04 	 7 4 6 6
      7.79227728776001391095e-05 	 7 4 7 1
     -5.60855454373314333237e-04 	 7 4 7 2
      2.73632034327247640124e-04 	 7 4 7 3
      1.02727352394175693896e-03 	 7 4 7 4
     -5.33406750122689815585e-04 	 7 4 7 5
      7.52159912355292409152e-04 	 7 4 7 6
     -7.54900647636454311291e-04 	 7 4 7 7
      3.06253344758582830495e-04 	 7 4 8 1
     -6.87180776079010491151e-07 	 7 4 8 2
      9.07148348070401313887e-05 	 7 4 8 3
      2.00661468781518467948e-04 	 7 4 8 4
      2.85755305240929053864e-04 	 7 4 8 5
     -3.05778609218998801127e-05 	 7 4 8 6
     -8.67033550924746704638e-05 	 7 4 8 7
     -1.05866582203684130226e-05 	 7 4 8 8
     -3.93100037003453483837e-04 	 7 5 1 1
     -1.34972675089769589621e-03 	 7 5 2 1
     -3.72406075157768936407e-03 	 7 5 2 2
      6.71444442923816537869e-04 	 7 5 3 1
     -2.14588319428099180697e-03 	 7 5 3 2
     -4.42266469702313428508e-03 	 7 5 3 3
      4.88812175697515274506e-04 	 7 5 4 1
      1.31273107813180867250e-03 	 7 5 4 2
      6.94446967763438761066e-04 	 7 5 4 3
      2.33085919322911869905e-03 	 7 5 4 4
     -1.83666514070188191532e-03 	 7 5 5 1
     -4.20788661736671253111e-03 	 7 5 5 2
     -1.74556122883860720917e-03 	 7 5 5 3
     -1.71175417819949184789e-04 	 7 5 5 4
     -6.65717952688925709848e-03 	 7 5 5 5
      4.98825714659835699888e-04 	 7 5 6 1
      2.58681974517895117271e-04 	 7 5 6 2
      4.60399415533172169396e-04 	 7 5 6 3
     -3.17817612398403354784e-03 	 7 5 6 4
     -4.96003931103781059604e-04 	 7 5 6 5
     -5.24368044344302765281e-03 	 7 5 6 6
      1.46804336339526921018e-03 	 7 5 7 1
      3.12412081010861276617e-03 	 7 5 7 2
     -1.34343559443321882221e-03 	 7 5 7 3
     -5.33406750122691550309e-04 	 7 5 7 4
      4.47619554383252640783e-03 	 7 5 7 5
     -8.17844993267597590927e-04 	 7 5 7 6
      1.06242873148911648462e-02 	 7 5 7 7
     -1.17370823017207788139e-03 	 7 5 8 1
     -2.17161197080524293870e-04 	 7 5 8 2
     -3.84989729208023686094e-04 	 7 5 8 3
     -4.83024886805444807723e-04 	 7 5 8 4
     -2.07218838855114696751e-03 	 7 5 8 5
      3.71954019741547504702e-04 	 7 5 8 6
      4.19047080351361985687e-04 	 7 5 8 7
      3.57431309720805884603e-03 	 7 5 8 8
     -2.68399339964117472287e-03 	 7 6 1 1
      4.25290831834866493461e-04 	 7 6 2 1
      1.08812021666139556800e-03 	 7 6 2 2
      6.88431962267273874628e-04 	 7 6 3 1
      7.34497668846840188507e-04 	 7 6 3 2
     -1.18273793918391840986e-04 	 7 6 3 3
     -4.39728817986345557438e-04 	 7 6 4 1
     -6.30898851551692728921e-04 	 7 6 4 2
      9.02526689891137420601e-05 	 7 6 4 3
     -9.23464079454506918399e-04 	 7 6 4 4
      4.93238924474132564395e-04 	 7 6 5 1
      8.23160995091862073003e-04 	 7 6 5 2
      4.39096638421851393711e-04 	 7 6 5 3
     -4.90178655286954332269e-04 	 7 6 5 4
      1.65715563730913493547e-03 	 7 6 5 5
     -1.48924135132644263647e-03 	 7 6 6 1
     -6.36030559287761713440e-04 	 7 6 6 2
     -2.58781536634410168438e-04 	 7 6 6 3
      1.03027195626821904510e-03 	 7 6 6 4
     -4.39533097124206878492e-04 	 7 6 6 5
      1.46574380823621453797e-04 	 7 6 6 6
     -1.56507521013425350380e-03 	 7 6 7 1
     -1.14468328654173810872e-03 	 7 6 7 2
     -3.22238727118484861653e-05 	 7 6 7 3
      7.52159912355291975471e-04 	 7 6 7 4
     -8.17844993267596831986e-04 	 7 6 7 5
      2.32032218405789835911e-03 	 7 6 7 6
     -1.03164493060723515966e-02 	 7 6 7 7
      7.08510537220512085291e-04 	 7 6 8 1
      2.67869379582762436723e-06 	 7 6 8 2
      4.45889351225731698277e-04 	 7 6 8 3
     -1.57836314147761174300e-05 	 7 6 8 4
      4.84779314747664253227e-04 	 7 6 8 5
     -4.66742796831630434376e-04 	 7 6 8 6
     -2.93510689800365306219e-05 	 7 6 8 7
      4.36925721390644819855e-04 	 7 6 8 8
      2.68662261692356296727e-01 	 7 7 1 1
     -3.21034502805095291883e-04 	 7 7 2 1
      1.79896027457823903806e-01 	 7 7 2 2
     -1.93875250356728666412e-02 	 7 7 3 1
     -3.84362933505277663826e-03 	 7 7 3 2
      2.02186306431397039285e-01 	 7 7 3 3
      2.97622287917336360644e-03 	 7 7 4 1
      6.58857939231523960033e-05 	 7 7 4 2
     -9.46200214867542717737e-04 	 7 7 4 3
      1.30875626045379861440e-01 	 7 7 4 4
     -4.27604029694729579486e-03 	 7 7 5 1
      4.24657665517040507769e-04 	 7 7 5 2
      2.90180156675451383919e-03 	 7 7 5 3
      3.15313131640824280324e-05 	 7 7 5 4
      1.99584500742959969344e-01 	 7 7 5 5
     -9.10489968528693230029e-04 	 7 7 6 1
     -9.41025134430107843518e-04 	 7 7 6 2
      5.91544665306913673188e-04 	 7 7 6 3
      7.40192479672236586241e-03 	 7 7 6 4
     -2.61753314801358013750e-03 	 7 7 6 5
      1.46354314692064890746e-01 	 7 7 6 6
      4.63065995325422363749e-02 	 7 7 7 1
      1.29605354980891363664e-02 	 7 7 7 2
      1.33712582137018171080e-02 	 7 7 7 3
     -7.54900647636448673440e-04 	 7 7 7 4
      1.06242873148911978060e-02 	 7 7 7 5
     -1.03164493060723446577e-02 	 7 7 7 6
      4.81988245204602316907e-01 	 7 7 7 7
     -3.09860928441037762615e-03 	 7 7 8 1
      2.59290265330028605814e-03 	 7 7 8 2
      7.88072906904225775095e-04 	 7 7 8 3
     -3.22679186503482340678e-03 	 7 7 8 4
     -6.66579540383566713016e-04 	 7 7 8 5
     -1.39379380215134398777e-03 	 7 7 8 6
      6.18192881879137904472e-04 	 7 7 8 7
      1.46384321636710224013e-01 	 7 7 8 8
     -7.45169998831329057770e-03 	 8 1 1 1
      7.72668074820671369266e-04 	 8 1 2 1
     -1.25268720229434218872e-04 	 8 1 2 2
      1.70693853721132649676e-03 	 8 1 3 1
      1.66875200615602178184e-03 	 8 1 3 2
      1.26273304066074933127e-03 	 8 1 3 3
     -1.11461900260748829686e-03 	 8 1 4 1
     -9.79042435152937618251e-04 	 8 1 4 2
     -5.23059434252054543217e-04 	 8 1 4 3
     -2.21489472252005400663e-03 	 8 1 4 4
      2.08960660980459823899e-03 	 8 1 5 1
      2.78126941626198305804e-03 	 8 1 5 2
      7.73232096272425794420e-04 	 8 1 5 3
     -5.91224430898336546225e-04 	 8 1 5 4
      4.81155455096858412911e-03 	 8 1 5 5
     -1.14979315548398102441e-03 	 8 1 6 1
     -4.50063335675867151869e-04 	 8 1 6 2
     -6.45686017609520637207e-04 	 8 1 6 3
      1.55837761143435139626e-03 	 8 1 6 4
     -5.59253693443492088180e-04 	 8 1 6 5
      8.88204732076826493359e-03 	 8 1 6 6
     -2.02925877982183117121e-03 	 8 1 7 1
     -1.35174962852473634287e-03 	 8 1 7 2
      5.32021172285001729338e-04 	 8 1 7 3
      3.06253344758582396815e-04 	 8 1 7 4
     -1.17370823017208265188e-03 	 8 1 7 5
      7.08510537220510675828e-04 	 8 1 7 6
     -3.09860928441037892719e-03 	 8 1 7 7
      5.12766005490838863018e-03 	 8 1 8 1
     -3.56070672012319595391e-04 	 8 1 8 2
      2.36187820643138021715e-03 	 8 1 8 3
     -1.80659728510388251522e-04 	 8 1 8 4
      3.40011460675236285023e-03 	 8 1 8 5
     -1.46594166426935036511e-03 	 8 1 8 6
     -1.58921667966032439771e-03 	 8 1 8 7
     -6.41989493655732452321e-03 	 8 1 8 8
      3.98229212539951034355e-03 	 8 2 1 1
      1.05214376339298814548e-05 	 8 2 2 1
      1.12554883340368165612e-02 	 8 2 2 2
      9.62948512127915199656e-04 	 8 2 3 1
     -8.63136865848427269066e-04 	 8 2 3 2
      2.31250973220464882754e-03 	 8 2 3 3
     -9.70772954153024014885e-05 	 8 2 4 1
      1.18195589752352527707e-03 	 8 2 4 2
     -1.01542122578804018182e-05 	 8 2 4 3
      2.99877878803766996160e-03 	 8 2 4 4
      4.33324968054815088270e-04 	 8 2 5 1
     -1.39756796997499979293e-03 	 8 2 5 2
      4.24268081851377561360e-04 	 8 2 5 3
     -4.40637379543363713868e-04 	 8 2 5 4
      8.27200662517074344904e-03 	 8 2 5 5
      5.33805308207676959510e-06 	 8 2 6 1
      1.40538850688625365599e-04 	 8 2 6 2
      5.81912387661959887102e-05 	 8 2 6 3
      5.11163974640036454511e-04 	 8 2 6 4
     -3.59097811683094225981e-04 	 8 2 6 5
      4.16757389143572378604e-03 	 8 2 6 6
     -7.25572615735694268282e-04 	 8 2 7 1
      4.84362066812224110416e-04 	 8 2 7 2
     -3.30916787254495697954e-04 	 8 2 7 3
     -6.87180776073262525571e-07 	 8 2 7 4
     -2.17161197080528711994e-04 	 8 2 7 5
      2.67869379582384448270e-06 	 8 2 7 6
      2.59290265330027998661e-03 	 8 2 7 7
     -3.56070672012335641583e-04 	 8 2 8 1
      4.50925671069765492127e-03 	 8 2 8 2
     -2.10506799739828539880e-04 	 8 2 8 3
      2.71592143414654796883e-04 	 8 2 8 4
     -1.23107509367335714312e-03 	 8 2 8 5
      8.41896023009797237749e-05 	 8 2 8 6
      7.88792171134654589854e-05 	 8 2 8 7
      1.19258325766937092055e-02 	 8 2 8 8
      7.44905707513175024438e-04 	 8 3 1 1
      3.53286698893445739404e-04 	 8 3 2 1
      8.38927575430376145336e-04 	 8 3 2 2
      9.90821840938416143960e-04 	 8 3 3 1
      1.20724536452234093402e-03 	 8 3 3 2
     -3.74076677014114353584e-03 	 8 3 3 3
     -4.31014427878824890779e-04 	 8 3 4 1
     -3.79438981733608803309e-04 	 8 3 4 2
     -3.23558944777191370961e-04 	 8 3 4 3
     -2.43755708942585016087e-04 	 8 3 4 4
      6.78872301485710272391e-04 	 8 3 5 1
      1.44144614587421384007e-03 	 8 3 5 2
      7.15699220167616756080e-04 	 8 3 5 3
     -2.65645182528307147694e-04 	 8 3 5 4
      4.43499214067374827181e-03 	 8 3 5 5
     -5.28053024085517225435e-04 	 8 3 6 1
     -1.76164493745556703956e-04 	 8 3 6 2
     -4.11647257532338835696e-04 	 8 3 6 3
      7.32167754775809600208e-04 	 8 3 6 4
     -2.55157613573788290880e-04 	 8 3 6 5
      4.95190546985153131482e-03 	 8 3 6 6
     -2.67473044724817116992e-04 	 8 3 7 1
     -5.31463913748011313951e-04 	 8 3 7 2
      8.45205259414362735509e-05 	 8 3 7 3
      9.07148348070393724472e-05 	 8 3 7 4
     -3.84989729208027860272e-04 	 8 3 7 5
      4.45889351225734571413e-04 	 8 3 7 6
      7.88072906904231087685e-04 	 8 3 7 7
      2.36187820643137848242e-03 	 8 3 8 1
     -2.10506799739826859367e-04 	 8 3 8 2
      1.77709965558708079918e-03 	 8 3 8 3
     -1.81170429968650285434e-04 	 8 3 8 4
      1.42151826126485423922e-03 	 8 3 8 5
     -6.37135308475125696631e-04 	 8 3 8 6
     -7.19057225558453259710e-04 	 8 3 8 7
     -2.45976379126994779481e-03 	 8 3 8 8
     -6.84789088496274341716e-03 	 8 4 1 1
      4.22568344426035174839e-04 	 8 4 2 1
     -4.64326095305367305549e-03 	 8 4 2 2
     -1.91523324559073971143e-03 	 8 4 3 1
      8.04038914217506252118e-04 	 8 4 3 2
     -2.40836814690615188053e-03 	 8 4 3 3
     -4.74913992004466999335e-04 	 8 4 4 1
     -1.54018155388527776262e-03 	 8 4 4 2
     -5.14496210668555220558e-04 	 8 4 4 3
     -1.87189132084152609625e-02 	 8 4 4 4
      2.46175410664947855351e-04 	 8 4 5 1
      2.66895945934628544584e-04 	 8 4 5 2
      1.22952275818773133038e-04 	 8 4 5 3
      4.19435363820157118293e-04 	 8 4 5 4
     -8.00525776822142397238e-03 	 8 4 5 5
      2.45388725163748848933e-04 	 8 4 6 1
      6.90879653818073612148e-04 	 8 4 6 2
      1.02186517133064235668e-04 	 8 4 6 3
      1.27488729145813859539e-03 	 8 4 6 4
      1.02604368629808880876e-03 	 8 4 6 5
     -8.18699507410857243994e-03 	 8 4 6 6
      1.37050610289761996309e-03 	 8 4 7 1
     -5.16695411930750319110e-04 	 8 4 7 2
      9.46556929482830094504e-04 	 8 4 7 3
      2.00661468781513697458e-04 	 8 4 7 4
     -4.83024886805441500907e-04 	 8 4 7 5
     -1.57836314147713875980e-05 	 8 4 7 6
     -3.22679186503482123838e-03 	 8 4 7 7
     -1.80659728510372015594e-04 	 8 4 8 1
      2.71592143414612567209e-04 	 8 4 8 2
     -1.81170429968650502275e-04 	 8 4 8 3
      6.47023159961670080859e-03 	 8 4 8 4
      2.35331151295335797837e-04 	 8 4 8 5
     -6.67886983754655992260e-04 	 8 4 8 6
      8.78621274124441004006e-05 	 8 4 8 7
     -1.85589632928003268886e-02 	 8 4 8 8
     -4.29646319989760664543e-03 	 8 5 1 1
      1.37153932290371956618e-03 	 8 5 2 1
     -1.01651637989759544706e-02 	 8 5 2 2
     -5.09410550475546212166e-05 	 8 5 3 1
      4.15825365378235788788e-03 	 8 5 3 2
      2.83322866330708517460e-03 	 8 5 3 3
     -8.70897196529429916748e-04 	 8 5 4 1
     -2.25255121608990529006e-03 	 8 5 4 2
     -6.37714715111618846675e-04 	 8 5 4 3
     -2.04676463710829707049e-03 	 8 5 4 4
      3.24600801531644894346e-03 	 8 5 5 1
      7.12219008984371973470e-03 	 8 5 5 2
      1.64372155766794232103e-03 	 8 5 5 3
     -6.19983243657071681626e-04 	 8 5 5 4
     -9.42129600485458289227e-03 	 8 5 5 5
     -1.03258333960839034961e-03 	 8 5 6 1
     -5.05450361987289814060e-04 	 8 5 6 2
     -6.46221294595018943760e-04 	 8 5 6 3
      2.61955449179809103308e-03 	 8 5 6 4
     -4.94151479051768705020e-04 	 8 5 6 5
      1.22310986607604525733e-02 	 8 5 6 6
     -6.35379775686612208001e-04 	 8 5 7 1
     -2.57608083999529046196e-03 	 8 5 7 2
      1.77536225643184098627e-03 	 8 5 7 3
      2.85755305240924500215e-04 	 8 5 7 4
     -2.07218838855115694217e-03 	 8 5 7 5
      4.84779314747666204791e-04 	 8 5 7 6
     -6.66579540383569965623e-04 	 8 5 7 7
      3.40011460675236631968e-03 	 8 5 8 1
     -1.23107509367330488458e-03 	 8 5 8 2
      1.42151826126486074443e-03 	 8 5 8 3
      2.35331151295280801682e-04 	 8 5 8 4
      8.95180058464953819219e-03 	 8 5 8 5
     -1.82027661553993825964e-03 	 8 5 8 6
     -4.79210453757978065061e-04 	 8 5 8 7
     -1.75269620057318317730e-02 	 8 5 8 8
     -2.72027768527743647048e-03 	 8 6 1 1
     -4.80924461472934171129e-04 	 8 6 2 1
      1.39577173349924904718e-03 	 8 6 2 2
      7.49890541826411013288e-04 	 8 6 3 1
     -2.57588141665682332677e-04 	 8 6 3 2
     -4.29596490078419396969e-03 	 8 6 3 3
      5.54400876605333058772e-04 	 8 6 4 1
      8.51942717821245433171e-04 	 8 6 4 2
      2.60881871176736081491e-04 	 8 6 4 3
      7.60689523766994342424e-03 	 8 6 4 4
     -7.03784729021434849947e-04 	 8 6 5 1
     -9.69138591212243824058e-05 	 8 6 5 2
     -5.16457275694265707799e-04 	 8 6 5 3
      6.44637151839316281665e-04 	 8 6 5 4
     -4.15204847251845424877e-03 	 8 6 5 5
      1.24374879424829585389e-03 	 8 6 6 1
      3.48979967339336800275e-04 	 8 6 6 2
      7.62391980685876431527e-04 	 8 6 6 3
     -3.83204206234205764503e-04 	 8 6 6 4
      1.57898340695784497600e-03 	 8 6 6 5
      3.27280280831348255668e-03 	 8 6 6 6
     -1.01672988833337177642e-03 	 8 6 7 1
      2.88320009840517510989e-04 	 8 6 7 2
     -2.96527089499230660490e-04 	 8 6 7 3
     -3.05778609218926362870e-05 	 8 6 7 4
      3.71954019741560894599e-04 	 8 6 7 5
     -4.66742796831639921145e-04 	 8 6 7 6
     -1.39379380215135764871e-03 	 8 6 7 7
     -1.46594166426935101563e-03 	 8 6 8 1
      8.41896023009501386081e-05 	 8 6 8 2
     -6.37135308475133719727e-04 	 8 6 8 3
     -6.67886983754634416637e-04 	 8 6 8 4
     -1.82027661553993067023e-03 	 8 6 8 5
      3.03137391753222941448e-03 	 8 6 8 6
      4.05683335054524813433e-04 	 8 6 8 7
      7.97455465157785071961e-03 	 8 6 8 8
     -2.46068628819290933021e-03 	 8 7 1 1
     -7.72133915315024717350e-05 	 8 7 2 1
      2.69294959923132844019e-04 	 8 7 2 2
      1.58214431234556717138e-04 	 8 7 3 1
      1.89971285863083815719e-04 	 8 7 3 2
     -2.08066005506387513568e-03 	 8 7 3 3
      1.76027843321914078539e-04 	 8 7 4 1
      3.80342246639937977106e-05 	 8 7 4 2
     -3.93821207072268304359e-05 	 8 7 4 3
      8.57034881188249979961e-04 	 8 7 4 4
     -2.57146266978045012243e-04 	 8 7 5 1
     -6.55088695207100830779e-05 	 8 7 5 2
      3.89079525771352053372e-05 	 8 7 5 3
      2.07696063153062530308e-04 	 8 7 5 4
     -2.47858827332785199016e-03 	 8 7 5 5
      1.98793150129760761010e-04 	 8 7 6 1
      4.65333081967885412518e-05 	 8 7 6 2
      1.81961445722951509728e-04 	 8 7 6 3
      2.16897450153598147322e-04 	 8 7 6 4
      2.93714839671777245070e-04 	 8 7 6 5
     -1.42200609955208138666e-03 	 8 7 6 6
     -5.90662583935741154740e-05 	 8 7 7 1
      5.38073475670675831564e-05 	 8 7 7 2
      1.99314290351796882285e-04 	 8 7 7 3
     -8.67033550924738166546e-05 	 8 7 7 4
      4.19047080351361443586e-04 	 8 7 7 5
     -2.93510689800373268329e-05 	 8 7 7 6
      6.18192881879128146652e-04 	 8 7 7 7
     -1.58921667966032287983e-03 	 8 7 8 1
      7.88792171134649439893e-05 	 8 7 8 2
     -7.19057225558455211274e-04 	 8 7 8 3
      8.78621274124451574978e-05 	 8 7 8 4
     -4.79210453757976167707e-04 	 8 7 8 5
      4.05683335054517711909e-04 	 8 7 8 6
      1.21862766831115068231e-03 	 8 7 8 7
      8.68665174661579055429e-04 	 8 7 8 8
      1.88211052894999425478e-01 	 8 8 1 1
     -3.98858259589826655983e-03 	 8 8 2 1
      2.29368235783261709138e-01 	 8 8 2 2
      2.29041833098211217168e-02 	 8 8 3 1
     -9.46042243530216715730e-03 	 8 8 3 2
      1.48248474079554465321e-01 	 8 8 3 3
     -9.53054681819910426335e-05 	 8 8 4 1
      1.28556432669844188793e-02 	 8 8 4 2
      9.81058293571528778829e-04 	 8 8 4 3
      2.47655267776270004987e-01 	 8 8 4 4
     -4.21144060681326315443e-03 	 8 8 5 1
     -1.14197821989571023787e-02 	 8 8 5 2
     -2.00191307813688641401e-03 	 8 8 5 3
     -2.95747842783405413825e-03 	 8 8 5 4
      2.09122926804340247831e-01 	 8 8 5 5
     -1.49480663477572861628e-04 	 8 8 6 1
     -1.64603785279411325530e-03 	 8 8 6 2
     -5.42713782867889119564e-04 	 8 8 6 3
     -5.45546801736670420452e-03 	 8 8 6 4
     -4.95038167198688216358e-03 	 8 8 6 5
      1.97512868224044429999e-01 	 8 8 6 6
     -2.03469252575848059961e-02 	 8 8 7 1
      4.91190682409901272637e-03 	 8 8 7 2
     -1.14970131543646169464e-02 	 8 8 7 3
     -1.05866582203618078597e-05 	 8 8 7 4
      3.57431309720807359118e-03 	 8 8 7 5
      4.36925721390641513039e-04 	 8 8 7 6
      1.46384321636710335035e-01 	 8 8 7 7
     -6.41989493655726207316e-03 	 8 8 8 1
      1.19258325766936450207e-02 	 8 8 8 2
     -2.45976379126994649377e-03 	 8 8 8 3
     -1.85589632928002470913e-02 	 8 8 8 4
     -1.75269620057316929951e-02 	 8 8 8 5
      7.97455465157774490148e-03 	 8 8 8 6
      8.68665174661585018541e-04 	 8 8 8 7
      3.79581460987522656403e-01 	 8 8 8 8
 # Printing T + V integrals in spatial MO basis
     -2.27636252806233940760e+00 	 1 1 0 0
     -2.31355508516463449775e-02 	 1 2 0 0
     -1.71212944649361709093e-01 	 1 3 0 0
     -6.48079409684792096674e-03 	 1 4 0 0
      1.76814305169996521805e-01 	 1 5 0 0
     -1.24225185443490853537e-02 	 1 6 0 0
      1.87458383925642291246e-01 	 1 7 0 0
      5.56877480344580236965e-03 	 1 8 0 0
     -2.31355508516380703465e-02 	 2 1 0 0
     -1.88118954180388087138e+00 	 2 2 0 0
      2.17977829158935015874e-02 	 2 3 0 0
     -3.78547646766741394120e-02 	 2 4 0 0
     -1.65390959938879228419e-01 	 2 5 0 0
      2.17894356438002624599e-02 	 2 6 0 0
     -2.66527880312710102606e-02 	 2 7 0 0
     -1.80502244878189888055e-01 	 2 8 0 0
     -1.71212944649386245022e-01 	 3 1 0 0
      2.17977829159471669929e-02 	 3 2 0 0
     -2.15038925069351760655e+00 	 3 3 0 0
      5.24577287083746127833e-03 	 3 4 0 0
     -9.70662230883303535356e-04 	 3 5 0 0
     -2.14770503347693417218e-02 	 3 6 0 0
     -5.39063320368299014884e-02 	 3 7 0 0
      1.93913287106367506103e-03 	 3 8 0 0
     -6.48079409684191882352e-03 	 4 1 0 0
     -3.78547646766764986359e-02 	 4 2 0 0
      5.24577287083077044988e-03 	 4 3 0 0
     -1.62919451637342449501e+00 	 4 4 0 0
      2.04263880233334065711e-03 	 4 5 0 0
     -1.93292059121477288741e-01 	 4 6 0 0
     -3.79911454424701651444e-03 	 4 7 0 0
      2.02369879611310005130e-01 	 4 8 0 0
      1.76814305170080204865e-01 	 5 1 0 0
     -1.65390959938871956458e-01 	 5 2 0 0
     -9.70662230872597689424e-04 	 5 3 0 0
      2.04263880233232844597e-03 	 5 4 0 0
     -2.00507087440537823397e+00 	 5 5 0 0
      9.33749313461671587300e-03 	 5 6 0 0
     -3.00001006472853026449e-03 	 5 7 0 0
      5.29578403294473643026e-02 	 5 8 0 0
     -1.24225185443554413806e-02 	 6 1 0 0
      2.17894356438039712986e-02 	 6 2 0 0
     -2.14770503347638079539e-02 	 6 3 0 0
     -1.93292059121496273555e-01 	 6 4 0 0
      9.33749313460916635643e-03 	 6 5 0 0
     -1.67747615547906425704e+00 	 6 6 0 0
      2.02966045264437941475e-02 	 6 7 0 0
     -2.01819481603670025649e-02 	 6 8 0 0
      1.87458383925663663039e-01 	 7 1 0 0
     -2.66527880312612611147e-02 	 7 2 0 0
     -5.39063320368433768204e-02 	 7 3 0 0
     -3.79911454424849363148e-03 	 7 4 0 0
     -3.00001006474429933457e-03 	 7 5 0 0
      2.02966045264420281991e-02 	 7 6 0 0
     -2.13172972375957048285e+00 	 7 7 0 0
      4.21533010161732630411e-03 	 7 8 0 0
      5.56877480344585180927e-03 	 8 1 0 0
     -1.80502244878197493083e-01 	 8 2 0 0
      1.93913287106439193551e-03 	 8 3 0 0
      2.02369879611297376343e-01 	 8 4 0 0
      5.29578403294546432023e-02 	 8 5 0 0
     -2.01819481603668499092e-02 	 8 6 0 0
      4.21533010161792131426e-03 	 8 7 0 0
     -1.77410897004117651399e+00 	 8 8 0 0
 # Printing -1/2 \lambda \lambda q integrals in spatial MO basis
      6.33470390771967983845e-02 	 1 1 0 0
     -1.76624519501331718116e-03 	 1 2 0 0
     -8.77326743428476912845e-03 	 1 3 0 0
      1.33435724718337792374e-03 	 1 4 0 0
      1.85325487916409865213e-03 	 1 5 0 0
      2.69071885263796146612e-03 	 1 6 0 0
      1.64743056467698129053e-02 	 1 7 0 0
     -1.55882191851842511268e-03 	 1 8 0 0
     -1.76624519501330525494e-03 	 2 1 0 0
      2.97291933006173271503e-02 	 2 2 0 0
     -1.69443289941420153826e-04 	 2 3 0 0
     -1.46798257944288543762e-03 	 2 4 0 0
      1.11253759258516304528e-03 	 2 5 0 0
      6.56570155114928263873e-04 	 2 6 0 0
      2.78337951239947213253e-03 	 2 7 0 0
     -2.24257772780744229005e-03 	 2 8 0 0
     -8.77326743428469973951e-03 	 3 1 0 0
     -1.69443289941492334586e-04 	 3 2 0 0
      5.85069668975375378750e-02 	 3 3 0 0
      2.44104573779963017824e-03 	 3 4 0 0
     -2.83943023337937874850e-03 	 3 5 0 0
      6.00441982740197656605e-04 	 3 6 0 0
      1.26543358026258196021e-03 	 3 7 0 0
     -6.06061264302621533449e-04 	 3 8 0 0
      1.33435724718335277025e-03 	 4 1 0 0
     -1.46798257944289324388e-03 	 4 2 0 0
      2.44104573779960719315e-03 	 4 3 0 0
      4.12943181141069426410e-02 	 4 4 0 0
     -7.96193739780729457800e-04 	 4 5 0 0
     -4.69803855151003368906e-03 	 4 6 0 0
     -1.94432757535753660515e-03 	 4 7 0 0
      5.36533610187611177678e-03 	 4 8 0 0
      1.85325487916409561637e-03 	 5 1 0 0
      1.11253759258516369580e-03 	 5 2 0 0
     -2.83943023337933754882e-03 	 5 3 0 0
     -7.96193739780707665336e-04 	 5 4 0 0
      2.81792474207120287322e-02 	 5 5 0 0
      1.08873033055472659587e-03 	 5 6 0 0
      5.04006275761310212902e-03 	 5 7 0 0
      3.31788235745280376404e-03 	 5 8 0 0
      2.69071885263797794599e-03 	 6 1 0 0
      6.56570155114907338771e-04 	 6 2 0 0
      6.00441982740193319797e-04 	 6 3 0 0
     -4.69803855151015338498e-03 	 6 4 0 0
      1.08873033055471250125e-03 	 6 5 0 0
      3.91772807166578390659e-02 	 6 6 0 0
     -3.95585492629393301739e-03 	 6 7 0 0
     -3.78922740294178729634e-04 	 6 8 0 0
      1.64743056467699829082e-02 	 7 1 0 0
      2.78337951239948037246e-03 	 7 2 0 0
      1.26543358026258239389e-03 	 7 3 0 0
     -1.94432757535753833987e-03 	 7 4 0 0
      5.04006275761303534216e-03 	 7 5 0 0
     -3.95585492629391913960e-03 	 7 6 0 0
      1.37740157441467614419e-01 	 7 7 0 0
     -4.43578300977236650998e-04 	 7 8 0 0
     -1.55882191851841318646e-03 	 8 1 0 0
     -2.24257772780745096367e-03 	 8 2 0 0
     -6.06061264302635085977e-04 	 8 3 0 0
      5.36533610187615514486e-03 	 8 4 0 0
      3.31788235745283195330e-03 	 8 5 0 0
     -3.78922740294208111513e-04 	 8 6 0 0
     -4.43578300977230471046e-04 	 8 7 0 0
      9.89584622139936913310e-03 	 8 8 0 0
 # Printing \lambda mu integrals in spatial MO basis
     -2.24235692744830544809e-01 	 1 1 0 0
      4.59040914323091513161e-03 	 1 2 0 0
      7.09634275273439557585e-02 	 1 3 0 0
     -5.64949771288589860235e-03 	 1 4 0 0
      2.55873125052319162764e-02 	 1 5 0 0
      4.68504725286696035308e-03 	 1 6 0 0
     -9.75640401846318006118e-02 	 1 7 0 0
      1.63834413397489567221e-02 	 1 8 0 0
      4.59040914323092640731e-03 	 2 1 0 0
     -7.04293787886025868250e-02 	 2 2 0 0
      5.21192867620797889439e-02 	 2 3 0 0
     -1.07432282683311598748e-02 	 2 4 0 0
      6.56131096047524453585e-02 	 2 5 0 0
     -3.59093114207346573649e-03 	 2 6 0 0
     -4.40741732197881541655e-02 	 2 7 0 0
     -6.21354624006321704793e-03 	 2 8 0 0
      7.09634275273439002474e-02 	 3 1 0 0
      5.21192867620797542494e-02 	 3 2 0 0
     -2.33991402387358909953e-01 	 3 3 0 0
      2.43634059363384601962e-03 	 3 4 0 0
     -5.25351610349925838422e-03 	 3 5 0 0
     -9.19622386287703187657e-03 	 3 6 0 0
     -2.05257190585078734546e-02 	 3 7 0 0
      7.65280886275588202033e-03 	 3 8 0 0
     -5.64949771288591855167e-03 	 4 1 0 0
     -1.07432282683311338539e-02 	 4 2 0 0
      2.43634059363385512692e-03 	 4 3 0 0
      2.52007755376390030211e-01 	 4 4 0 0
     -2.09018671257046742898e-03 	 4 5 0 0
     -1.20222175353413961857e-02 	 4 6 0 0
     -1.32932154991333888530e-03 	 4 7 0 0
      7.34454400799260023053e-03 	 4 8 0 0
      2.55873125052318885209e-02 	 5 1 0 0
      6.56131096047523482140e-02 	 5 2 0 0
     -5.25351610349924884324e-03 	 5 3 0 0
     -2.09018671257045094911e-03 	 5 4 0 0
     -5.10025714601671648074e-02 	 5 5 0 0
      1.35885260400059187935e-02 	 5 6 0 0
     -1.89493229986482242255e-02 	 5 7 0 0
      3.28400342273569775808e-02 	 5 8 0 0
      4.68504725286694474057e-03 	 6 1 0 0
     -3.59093114207342627153e-03 	 6 2 0 0
     -9.19622386287704055019e-03 	 6 3 0 0
     -1.20222175353414742482e-02 	 6 4 0 0
      1.35885260400058997116e-02 	 6 5 0 0
      2.47390927713290464940e-01 	 6 6 0 0
      1.66896865040303578331e-02 	 6 7 0 0
      8.38365811265882714121e-03 	 6 8 0 0
     -9.75640401846318838786e-02 	 7 1 0 0
     -4.40741732197881472266e-02 	 7 2 0 0
     -2.05257190585079254963e-02 	 7 3 0 0
     -1.32932154991333628322e-03 	 7 4 0 0
     -1.89493229986482207561e-02 	 7 5 0 0
      1.66896865040303543637e-02 	 7 6 0 0
     -3.85659398832902400311e-01 	 7 7 0 0
      2.48537809957311700559e-03 	 7 8 0 0
      1.63834413397489636610e-02 	 8 1 0 0
     -6.21354624006331852926e-03 	 8 2 0 0
      7.65280886275588548978e-03 	 8 3 0 0
      7.34454400799271298755e-03 	 8 4 0 0
      3.28400342273569983975e-02 	 8 5 0 0
      8.38365811265885836623e-03 	 8 6 0 0
      2.48537809957311353615e-03 	 8 7 0 0
      4.64647435820466150891e-02 	 8 8 0 0
 # Printing nuclear repulsion energy
     -2.99473289939408823557e+03 	 0 0 0 0
 # Printing photon energy
      6.61500000000000004663e-02 	 0 0 0 0
 # Printing lambda vector
  7.8781200000e-02, 5.5163200000e-02, 2.7395900000e-02 	 0 0 0 0
 # Printing RHF Electronic Dipole Moment
  2.5884148717e+00, -1.2892015490e+01, -1.2655558816e+01 	 0 0 0 0
 # Printing Nuclear Dipole Moment
  -6.7413027732e+00, 1.3686292253e+01, 1.3705990732e+01 	 0 0 0 0
