&FCI NORB=8,NELEC=0,MS2=0
ORBSYM=1,1,1,1,
ISYM=1,
/
      4.73252223062827770406e-01 	 1 1 1 1
     -3.60826250357570901123e-03 	 1 1 2 1
      2.13588238076650449582e-01 	 1 1 2 2
     -5.07669401419038185397e-02 	 1 1 3 1
     -2.16332004064747965288e-02 	 1 1 3 2
      3.27958454594355408585e-01 	 1 1 3 3
      7.63383211158366603577e-03 	 1 1 4 1
      4.53227324750022503297e-03 	 1 1 4 2
     -5.63667221054265179560e-04 	 1 1 4 3
      1.11455979822663586720e-01 	 1 1 4 4
     -1.75827375026386401036e-02 	 1 1 5 1
     -2.46762210066491204097e-02 	 1 1 5 2
      3.71097796846411084187e-03 	 1 1 5 3
      5.80694754825163183057e-04 	 1 1 5 4
      2.63834816185812004452e-01 	 1 1 5 5
     -3.71378422889241319171e-04 	 1 1 6 1
      2.22949152116605508502e-04 	 1 1 6 2
      3.70536548952939571305e-03 	 1 1 6 3
      3.68815144385935874544e-03 	 1 1 6 4
     -8.43089221067158146872e-03 	 1 1 6 5
      1.24858713915122904181e-01 	 1 1 6 6
      5.97846491828695689175e-02 	 1 1 7 1
      1.61664801012750755649e-02 	 1 1 7 2
      5.72036780411848324451e-03 	 1 1 7 3
      1.47449940675237851570e-03 	 1 1 7 4
      3.85601453264399970933e-03 	 1 1 7 5
     -6.42641681456647146514e-03 	 1 1 7 6
      3.55140864153206725629e-01 	 1 1 7 7
     -1.11254523066761611128e-02 	 1 1 8 1
      5.37559097094221765428e-03 	 1 1 8 2
     -9.71127189270663501199e-04 	 1 1 8 3
     -8.49479979848996244463e-03 	 1 1 8 4
     -1.16603710246329945327e-02 	 1 1 8 5
     -4.60019306990529751322e-03 	 1 1 8 6
     -3.01799676808351584681e-03 	 1 1 8 7
      1.77791998929668071394e-01 	 1 1 8 8
     -3.60826250357569166399e-03 	 2 1 1 1
      1.84775220584231262763e-03 	 2 1 2 1
      9.93757162002855201632e-04 	 2 1 2 2
     -2.70200257186003892952e-04 	 2 1 3 1
      1.85575002848833623369e-03 	 2 1 3 2
      3.38655640455078673495e-03 	 2 1 3 3
     -4.44360618195151896564e-04 	 2 1 4 1
     -9.90154037348830225879e-04 	 2 1 4 2
     -3.38516632470767188292e-04 	 2 1 4 3
     -1.81665744372552697555e-03 	 2 1 4 4
      4.49555205456740950010e-04 	 2 1 5 1
      2.63225262654134080018e-03 	 2 1 5 2
      7.07997180420439687666e-04 	 2 1 5 3
      7.64532167176224392849e-05 	 2 1 5 4
      4.46401643782054404624e-03 	 2 1 5 5
     -4.39174704305920896637e-04 	 2 1 6 1
     -2.51699056022300002560e-04 	 2 1 6 2
     -2.58809636752732662255e-04 	 2 1 6 3
      1.56598088715452152253e-03 	 2 1 6 4
      3.06603991701129871376e-05 	 2 1 6 5
      1.40757020556168781222e-03 	 2 1 6 6
     -3.54598105141669807210e-04 	 2 1 7 1
     -1.84566170654083035879e-03 	 2 1 7 2
      9.08650524068288761165e-04 	 2 1 7 3
      2.18854141634025460041e-04 	 2 1 7 4
     -1.43671189644871822970e-03 	 2 1 7 5
      5.01903321360624900954e-04 	 2 1 7 6
     -2.09136893338057522004e-03 	 2 1 7 7
      8.47874773744253218931e-04 	 2 1 8 1
     -1.80012818383855078804e-05 	 2 1 8 2
      3.88416222668437442767e-04 	 2 1 8 3
      4.56282806393210256003e-04 	 2 1 8 4
      1.52228851628502591213e-03 	 2 1 8 5
     -4.42440040618858319334e-04 	 2 1 8 6
     -6.58044891788328801174e-05 	 2 1 8 7
     -3.77529041212127346172e-03 	 2 1 8 8
      2.13588238076650394071e-01 	 2 2 1 1
      9.93757162002880788804e-04 	 2 2 2 1
      3.37442226340527839934e-01 	 2 2 2 2
      1.03088026743393054718e-03 	 2 2 3 1
     -1.43029975852120294633e-02 	 2 2 3 2
      1.87549832294406831901e-01 	 2 2 3 3
     -1.10374632567072678176e-03 	 2 2 4 1
      9.61522418688989626012e-03 	 2 2 4 2
     -3.20088866739932443109e-03 	 2 2 4 3
      1.58488585278284299651e-01 	 2 2 4 4
     -2.90874871708916935692e-03 	 2 2 5 1
     -1.48272850329680370984e-02 	 2 2 5 2
      5.40181406193722055131e-03 	 2 2 5 3
     -1.26365053626399052172e-03 	 2 2 5 4
      2.58265290227402577461e-01 	 2 2 5 5
     -1.35525934004416745426e-03 	 2 2 6 1
      1.44736524041657980966e-03 	 2 2 6 2
     -2.75851231944557228129e-04 	 2 2 6 3
      1.13226670101912122585e-02 	 2 2 6 4
     -3.10204532008056307196e-03 	 2 2 6 5
      1.66568421885776973834e-01 	 2 2 6 6
      8.37752477286086288943e-04 	 2 2 7 1
      6.26896912886691203698e-03 	 2 2 7 2
      2.37253301274720001732e-04 	 2 2 7 3
      2.08667909455978852276e-03 	 2 2 7 4
     -2.38947170431832046217e-03 	 2 2 7 5
     -8.73240359939748966855e-05 	 2 2 7 6
      2.07057779341611070123e-01 	 2 2 7 7
     -1.27914431620748886634e-03 	 2 2 8 1
      1.16931045357987779126e-02 	 2 2 8 2
      2.99945001238586085937e-04 	 2 2 8 3
     -5.16053262502212586188e-03 	 2 2 8 4
     -1.24780670090051896276e-02 	 2 2 8 5
      8.05315900648610185839e-04 	 2 2 8 6
      9.42513243153789441377e-05 	 2 2 8 7
      2.26095752757206114314e-01 	 2 2 8 8
     -5.07669401419037769063e-02 	 3 1 1 1
     -2.70200257186011482367e-04 	 3 1 2 1
      1.03088026743395570067e-03 	 3 1 2 2
      2.20643204642648298186e-02 	 3 1 3 1
      5.52033397876309974567e-03 	 3 1 3 2
     -5.81546493043891832286e-02 	 3 1 3 3
     -1.63588731024183822726e-03 	 3 1 4 1
      6.60174572291402877826e-04 	 3 1 4 2
      2.39278874693561987696e-05 	 3 1 4 3
      3.99952589948366771244e-02 	 3 1 4 4
      3.87987090529932389382e-03 	 3 1 5 1
      4.91877012006516206588e-03 	 3 1 5 2
     -4.27542175656580258035e-04 	 3 1 5 3
     -1.03820301399553012456e-03 	 3 1 5 4
     -3.37879880355695808372e-03 	 3 1 5 5
     -7.63654207719326552119e-05 	 3 1 6 1
     -5.25175445518826378849e-04 	 3 1 6 2
     -1.95188831477857965141e-03 	 3 1 6 3
     -2.97517568975201596171e-03 	 3 1 6 4
      5.00619475138176306742e-04 	 3 1 6 5
      3.67371781384402268378e-02 	 3 1 6 6
     -1.79338607168990707419e-02 	 3 1 7 1
     -3.36179359887497399006e-03 	 3 1 7 2
     -5.44732280280958106738e-03 	 3 1 7 3
     -4.46672905178239771761e-04 	 3 1 7 4
     -6.73264466382978918335e-04 	 3 1 7 5
      1.87278932095011796562e-03 	 3 1 7 6
     -4.67552378349904984578e-02 	 3 1 7 7
      2.86956368937309105188e-03 	 3 1 8 1
      5.22013973833350755638e-04 	 3 1 8 2
      1.53389138805120456809e-03 	 3 1 8 3
     -1.39403922915814094258e-03 	 3 1 8 4
      2.27950033384100156017e-03 	 3 1 8 5
      1.34482365671810847815e-03 	 3 1 8 6
      3.34585379881663109308e-04 	 3 1 8 7
      2.62014807735823120061e-02 	 3 1 8 8
     -2.16332004064747826511e-02 	 3 2 1 1
      1.85575002848833449896e-03 	 3 2 2 1
     -1.43029975852120849744e-02 	 3 2 2 2
      5.52033397876310755192e-03 	 3 2 3 1
      1.06156068904554590215e-02 	 3 2 3 2
     -2.88493548478937489321e-02 	 3 2 3 3
     -8.95698554532327068795e-04 	 3 2 4 1
     -3.36499998917804592560e-03 	 3 2 4 2
     -1.15491043442322817089e-03 	 3 2 4 3
      1.19723099652676370774e-02 	 3 2 4 4
      3.36190608488794650741e-03 	 3 2 5 1
      1.20868651559382020433e-02 	 3 2 5 2
      1.99038843625298170897e-03 	 3 2 5 3
      1.82001752219250180443e-04 	 3 2 5 4
     -6.23940996402921107394e-03 	 3 2 5 5
     -3.84758090422949419925e-04 	 3 2 6 1
     -8.93037486027878921538e-04 	 3 2 6 2
     -1.38219577495814443906e-03 	 3 2 6 3
      3.40144461670065147846e-03 	 3 2 6 4
      1.72141809618693163338e-03 	 3 2 6 5
      2.04951294275831225056e-02 	 3 2 6 6
     -6.39520916569983818856e-03 	 3 2 7 1
     -5.63533775949618710721e-03 	 3 2 7 2
      5.84604817476185338251e-04 	 3 2 7 3
      3.00952305187789320804e-04 	 3 2 7 4
     -3.13350839359481788890e-03 	 3 2 7 5
      1.60435222571961148309e-03 	 3 2 7 6
     -2.39439221353160980321e-02 	 3 2 7 7
      2.52264528349211867783e-03 	 3 2 8 1
     -1.18698246414371917298e-03 	 3 2 8 2
      1.60610430417569387262e-03 	 3 2 8 3
      1.18683130950679080994e-03 	 3 2 8 4
      5.86985281495449630340e-03 	 3 2 8 5
      1.79362139623213457697e-04 	 3 2 8 6
      3.19507419746930696955e-04 	 3 2 8 7
     -7.03871314022300100660e-03 	 3 2 8 8
      3.27958454594355020006e-01 	 3 3 1 1
      3.38655640455081362317e-03 	 3 3 2 1
      1.87549832294406887412e-01 	 3 3 2 2
     -5.81546493043891554731e-02 	 3 3 3 1
     -2.88493548478937662793e-02 	 3 3 3 2
      5.52084543353259515897e-01 	 3 3 3 3
      2.68230602682153779909e-03 	 3 3 4 1
     -1.60993652368163729649e-04 	 3 3 4 2
      3.64514343151070303178e-03 	 3 3 4 3
      7.80596787123990498714e-02 	 3 3 4 4
     -7.68406258679913464066e-03 	 3 3 5 1
     -1.26957794471072738657e-02 	 3 3 5 2
     -1.51065439109246456642e-03 	 3 3 5 3
      1.49973658815474300207e-03 	 3 3 5 4
      2.17628046172739564312e-01 	 3 3 5 5
     -3.63928830857300055629e-03 	 3 3 6 1
      3.14701183198576989707e-04 	 3 3 6 2
      9.99850264451010092848e-03 	 3 3 6 3
      1.02033837903259781699e-02 	 3 3 6 4
     -6.05945862032175770751e-03 	 3 3 6 5
      1.03917400330930886909e-01 	 3 3 6 6
      3.93991391912310306989e-02 	 3 3 7 1
      8.84242888019771272612e-03 	 3 3 7 2
      2.01033150432176760392e-02 	 3 3 7 3
      1.81522678651866646408e-03 	 3 3 7 4
      1.13139657215771335941e-05 	 3 3 7 5
     -4.02351694440183493134e-03 	 3 3 7 6
      2.92427290008173690339e-01 	 3 3 7 7
     -2.57085137435815284934e-03 	 3 3 8 1
      3.76642613071580777129e-03 	 3 3 8 2
     -5.53145824813980335755e-03 	 3 3 8 3
     -4.12692829923206640219e-03 	 3 3 8 4
     -4.85105700000107789571e-03 	 3 3 8 5
     -6.25766881970140579489e-03 	 3 3 8 6
     -2.66221716204582004722e-03 	 3 3 8 7
      1.37376123567222313548e-01 	 3 3 8 8
      7.63383211158364088228e-03 	 4 1 1 1
     -4.44360618195160895442e-04 	 4 1 2 1
     -1.10374632567070162827e-03 	 4 1 2 2
     -1.63588731024184343144e-03 	 4 1 3 1
     -8.95698554532322948826e-04 	 4 1 3 2
      2.68230602682156035049e-03 	 4 1 3 3
      2.11463201534563749115e-03 	 4 1 4 1
      3.84897367350591390785e-04 	 4 1 4 2
      9.77999424316615927066e-04 	 4 1 4 3
      3.54422036147686563695e-03 	 4 1 4 4
     -9.00869409915338540534e-04 	 4 1 5 1
     -1.15503972930657786838e-03 	 4 1 5 2
     -3.62800108043339882089e-04 	 4 1 5 3
      1.40992276971418342615e-04 	 4 1 5 4
     -1.05248701178118882552e-03 	 4 1 5 5
      3.33590311422609037215e-04 	 4 1 6 1
      2.15492817721463664768e-04 	 4 1 6 2
      3.21438384331749267987e-04 	 4 1 6 3
     -4.32698260510116919971e-04 	 4 1 6 4
      2.43695773137299451401e-04 	 4 1 6 5
     -4.38795048522487487336e-03 	 4 1 6 6
      1.96747193373265211180e-03 	 4 1 7 1
      7.44653689369076539871e-04 	 4 1 7 2
     -6.44834752886514254132e-05 	 4 1 7 3
     -8.19505085422146672958e-04 	 4 1 7 4
      5.95866332639113103001e-04 	 4 1 7 5
     -5.34017163719650595627e-04 	 4 1 7 6
      5.15500477083280679580e-03 	 4 1 7 7
     -1.20717721698559597374e-03 	 4 1 8 1
     -6.19738801431690916697e-05 	 4 1 8 2
     -4.74248954046124738485e-04 	 4 1 8 3
     -5.16406976579794640449e-04 	 4 1 8 4
     -1.05642689478796492596e-03 	 4 1 8 5
      5.07037419272232713421e-04 	 4 1 8 6
      1.61986705432721247435e-04 	 4 1 8 7
     -3.57807930778579344824e-04 	 4 1 8 8
      4.53227324750024931910e-03 	 4 2 1 1
     -9.90154037348832177443e-04 	 4 2 2 1
      9.61522418688988411706e-03 	 4 2 2 2
      6.60174572291410250401e-04 	 4 2 3 1
     -3.36499998917804635928e-03 	 4 2 3 2
     -1.60993652368190617863e-04 	 4 2 3 3
      3.84897367350595510753e-04 	 4 2 4 1
      3.37896197578196888500e-03 	 4 2 4 2
      8.20669681401888146711e-04 	 4 2 4 3
      9.03635016869715201882e-03 	 4 2 4 4
     -1.33342866475609587301e-03 	 4 2 5 1
     -4.13650953313962101154e-03 	 4 2 5 2
     -6.57019791740653079370e-04 	 4 2 5 3
      3.49464795740716714038e-04 	 4 2 5 4
      2.89310730584437219431e-03 	 4 2 5 5
      4.93013584348563072002e-04 	 4 2 6 1
      1.35852761850879474349e-03 	 4 2 6 2
      7.22724743982171660174e-04 	 4 2 6 3
     -2.03069745530031885855e-03 	 4 2 6 4
     -3.26199703384546678062e-06 	 4 2 6 5
     -1.68282079896124353753e-03 	 4 2 6 6
      4.41411353596309844610e-05 	 4 2 7 1
      2.20139669314953602755e-03 	 4 2 7 2
     -1.14499913761710136843e-03 	 4 2 7 3
     -3.87234176756673235172e-04 	 4 2 7 4
      1.51630798063662631386e-03 	 4 2 7 5
     -8.10199963391368253342e-04 	 4 2 7 6
      4.20911274941240809433e-03 	 4 2 7 7
     -1.15505348528667181086e-03 	 4 2 8 1
      1.24870944313632903713e-03 	 4 2 8 2
     -4.61654854240094712249e-04 	 4 2 8 3
     -1.61908566668994124277e-03 	 4 2 8 4
     -2.60535920013419243849e-03 	 4 2 8 5
      7.61875164993299587232e-04 	 4 2 8 6
      1.13332404071679529857e-05 	 4 2 8 7
      1.23564619202530291686e-02 	 4 2 8 8
     -5.63667221054266914283e-04 	 4 3 1 1
     -3.38516632470764260946e-04 	 4 3 2 1
     -3.20088866739934091096e-03 	 4 3 2 2
      2.39278874693597495317e-05 	 4 3 3 1
     -1.15491043442322556881e-03 	 4 3 3 2
      3.64514343151069002136e-03 	 4 3 3 3
      9.77999424316620697556e-04 	 4 3 4 1
      8.20669681401886845669e-04 	 4 3 4 2
      1.37688045513740500887e-03 	 4 3 4 3
      5.73702265498184441062e-03 	 4 3 4 4
     -4.60140990667306539180e-04 	 4 3 5 1
     -7.90085904669511986977e-04 	 4 3 5 2
     -6.16820520205119343995e-04 	 4 3 5 3
     -9.24387332823035554573e-05 	 4 3 5 4
     -2.41004924524250516843e-03 	 4 3 5 5
      2.14925605638947582162e-04 	 4 3 6 1
      4.48876124590238262391e-04 	 4 3 6 2
      6.87913590087165286412e-04 	 4 3 6 3
     -1.21873246086942133362e-03 	 4 3 6 4
      5.31447986619674165752e-05 	 4 3 6 5
     -3.93337902151184924497e-04 	 4 3 6 6
     -4.05788724966097704393e-04 	 4 3 7 1
      4.26259035179125304969e-04 	 4 3 7 2
     -4.71371754243347733902e-04 	 4 3 7 3
     -4.33990379724055351171e-04 	 4 3 7 4
      6.48279962919950350671e-04 	 4 3 7 5
      1.30914429713907131021e-04 	 4 3 7 6
     -1.88579786356057139615e-03 	 4 3 7 7
     -4.83143791052603364337e-04 	 4 3 8 1
     -2.52925271929673557226e-05 	 4 3 8 2
     -3.04914095889535069744e-04 	 4 3 8 3
     -4.96602399960153931095e-04 	 4 3 8 4
     -5.57705206627182839725e-04 	 4 3 8 5
      2.81307317759760787141e-04 	 4 3 8 6
     -3.33268931527060967485e-05 	 4 3 8 7
      1.09426223453327337021e-03 	 4 3 8 8
      1.11455979822663281409e-01 	 4 4 1 1
     -1.81665744372555689953e-03 	 4 4 2 1
      1.58488585278284715985e-01 	 4 4 2 2
      3.99952589948366979411e-02 	 4 4 3 1
      1.19723099652676318733e-02 	 4 4 3 2
      7.80596787123990776269e-02 	 4 4 3 3
      3.54422036147689079044e-03 	 4 4 4 1
      9.03635016869707222154e-03 	 4 4 4 2
      5.73702265498181925713e-03 	 4 4 4 3
      4.54552002178007619193e-01 	 4 4 4 4
      3.79716185389863481250e-03 	 4 4 5 1
      1.93310261445970507643e-02 	 4 4 5 2
     -3.96368424689421544604e-03 	 4 4 5 3
      1.32155550953636565653e-03 	 4 4 5 4
      1.65899078237074754094e-01 	 4 4 5 5
      3.98698281543648051783e-03 	 4 4 6 1
     -2.16334965911870380148e-03 	 4 4 6 2
     -8.58380911109913593768e-04 	 4 4 6 3
     -1.10193310675289583844e-02 	 4 4 6 4
      1.17423238781944570819e-03 	 4 4 6 5
      3.14481517732268622822e-01 	 4 4 6 6
     -4.62153242954513737706e-02 	 4 4 7 1
     -1.05138884088123024663e-02 	 4 4 7 2
     -1.48108270047798418201e-02 	 4 4 7 3
     -1.98366049461671817983e-03 	 4 4 7 4
     -2.44451716156244853312e-03 	 4 4 7 5
      3.28246635436179722695e-03 	 4 4 7 6
      3.36864666056922446025e-02 	 4 4 7 7
      1.91385955485089088654e-03 	 4 4 8 1
      1.43291694715170429657e-03 	 4 4 8 2
      1.68481147488504343253e-03 	 4 4 8 3
     -1.68680311586976855454e-02 	 4 4 8 4
      6.22917867501184344126e-03 	 4 4 8 5
      9.71964210048410770515e-03 	 4 4 8 6
      1.48336943732332946638e-03 	 4 4 8 7
      2.59364743510521800207e-01 	 4 4 8 8
     -1.75827375026386539814e-02 	 5 1 1 1
      4.49555205456725391708e-04 	 5 1 2 1
     -2.90874871708916632115e-03 	 5 1 2 2
      3.87987090529931348548e-03 	 5 1 3 1
      3.36190608488796168624e-03 	 5 1 3 2
     -7.68406258679914591636e-03 	 5 1 3 3
     -9.00869409915334637406e-04 	 5 1 4 1
     -1.33342866475612341175e-03 	 5 1 4 2
     -4.60140990667311851770e-04 	 5 1 4 3
      3.79716185389869726255e-03 	 5 1 4 4
      6.39073082666150645709e-03 	 5 1 5 1
      6.15730169787641074680e-03 	 5 1 5 2
      1.23789390371253265125e-03 	 5 1 5 3
     -6.11657026681992703997e-04 	 5 1 5 4
     -6.37489433696425411568e-03 	 5 1 5 5
     -8.75267935977673506784e-04 	 5 1 6 1
     -4.35385792211412619816e-04 	 5 1 6 2
     -8.65298276277060279121e-04 	 5 1 6 3
      1.37681370771512907349e-03 	 5 1 6 4
      3.01449382522707431693e-04 	 5 1 6 5
      1.22502945754705272474e-02 	 5 1 6 6
     -5.01576315010617609230e-03 	 5 1 7 1
     -2.81170890603977836203e-03 	 5 1 7 2
      4.12977042933732659685e-04 	 5 1 7 3
      2.17261286689173518894e-04 	 5 1 7 4
     -2.32152739003086815844e-03 	 5 1 7 5
      9.20283148667106441765e-04 	 5 1 7 6
     -1.41440278554646678422e-02 	 5 1 7 7
      2.50881484327591290986e-03 	 5 1 8 1
      2.74337018644584397335e-04 	 5 1 8 2
      8.74687113399841352328e-04 	 5 1 8 3
      4.34102553405891274530e-04 	 5 1 8 4
      4.08629623377439101656e-03 	 5 1 8 5
     -4.89269448955859977135e-04 	 5 1 8 6
     -1.93552120850598726679e-04 	 5 1 8 7
     -3.02253269230390612596e-03 	 5 1 8 8
     -2.46762210066491655125e-02 	 5 2 1 1
      2.63225262654135034115e-03 	 5 2 2 1
     -1.48272850329680301595e-02 	 5 2 2 2
      4.91877012006521844439e-03 	 5 2 3 1
      1.20868651559381881655e-02 	 5 2 3 2
     -1.26957794471073519282e-02 	 5 2 3 3
     -1.15503972930658654200e-03 	 5 2 4 1
     -4.13650953313956983720e-03 	 5 2 4 2
     -7.90085904669505373343e-04 	 5 2 4 3
      1.93310261445969917837e-02 	 5 2 4 4
      6.15730169787645584961e-03 	 5 2 5 1
      2.30436182197446583209e-02 	 5 2 5 2
      2.18769490449649117031e-03 	 5 2 5 3
      4.57588331128342665124e-04 	 5 2 5 4
     -8.54277127526476692809e-03 	 5 2 5 5
     -5.27267805697307690750e-04 	 5 2 6 1
     -8.70182000199968457357e-04 	 5 2 6 2
     -9.52534914709403162866e-04 	 5 2 6 3
      6.16135188132396934002e-03 	 5 2 6 4
      2.37437739358538129827e-03 	 5 2 6 5
      3.27248866715098979396e-02 	 5 2 6 6
     -8.94949042402539383934e-03 	 5 2 7 1
     -8.64865991395372991912e-03 	 5 2 7 2
      2.25958411179746562758e-03 	 5 2 7 3
      5.48185036016169725814e-04 	 5 2 7 4
     -5.45121062421287209954e-03 	 5 2 7 5
      1.91822322494977835598e-03 	 5 2 7 6
     -2.48796547402090201251e-02 	 5 2 7 7
      3.85623794858994855053e-03 	 5 2 8 1
     -1.80525806045843438888e-03 	 5 2 8 2
      1.94357073257044239180e-03 	 5 2 8 3
      7.48794316927943199441e-04 	 5 2 8 4
      9.27692685502704353362e-03 	 5 2 8 5
      4.53164019513523975459e-04 	 5 2 8 6
      9.75645161358260981990e-05 	 5 2 8 7
     -8.37108588555166878431e-03 	 5 2 8 8
      3.71097796846414900579e-03 	 5 3 1 1
      7.07997180420435784538e-04 	 5 3 2 1
      5.40181406193724136799e-03 	 5 3 2 2
     -4.27542175656577547530e-04 	 5 3 3 1
      1.99038843625297390272e-03 	 5 3 3 2
     -1.51065439109245025495e-03 	 5 3 3 3
     -3.62800108043333322666e-04 	 5 3 4 1
     -6.57019791740664680334e-04 	 5 3 4 2
     -6.16820520205121403980e-04 	 5 3 4 3
     -3.96368424689419376200e-03 	 5 3 4 4
      1.23789390371255888894e-03 	 5 3 5 1
      2.18769490449646601682e-03 	 5 3 5 2
      2.85530278001608133973e-03 	 5 3 5 3
     -1.82845016215278416589e-04 	 5 3 5 4
      4.46642209969127200464e-03 	 5 3 5 5
     -6.69589118526884110628e-04 	 5 3 6 1
     -8.19515490344829860723e-05 	 5 3 6 2
     -4.34659974086577078570e-04 	 5 3 6 3
      2.12287696172221108590e-03 	 5 3 6 4
     -2.16071091152825303693e-04 	 5 3 6 5
      1.62781750252357628947e-03 	 5 3 6 6
      1.12173719749390689987e-03 	 5 3 7 1
     -4.17911621246090355178e-04 	 5 3 7 2
      9.69800496905419092721e-04 	 5 3 7 3
      3.31413777863312410815e-04 	 5 3 7 4
     -1.64601065531480160627e-03 	 5 3 7 5
      3.51417101610575991627e-04 	 5 3 7 6
      4.92786942898901583754e-03 	 5 3 7 7
      6.87161423363318621220e-04 	 5 3 8 1
      4.56911047083369053698e-04 	 5 3 8 2
      6.75495065570129210770e-04 	 5 3 8 3
      8.43675955999366667315e-05 	 5 3 8 4
      1.47119590901505789896e-03 	 5 3 8 5
     -5.60500958595343962143e-04 	 5 3 8 6
      2.58509787077435291896e-05 	 5 3 8 7
     -2.24601635679010612490e-03 	 5 3 8 8
      5.80694754825191805994e-04 	 5 4 1 1
      7.64532167176095372790e-05 	 5 4 2 1
     -1.26365053626398054706e-03 	 5 4 2 2
     -1.03820301399554790547e-03 	 5 4 3 1
      1.82001752219252132007e-04 	 5 4 3 2
      1.49973658815479114065e-03 	 5 4 3 3
      1.40992276971419453922e-04 	 5 4 4 1
      3.49464795740700938896e-04 	 5 4 4 2
     -9.24387332823079193710e-05 	 5 4 4 3
      1.32155550953634744193e-03 	 5 4 4 4
     -6.11657026682008316508e-04 	 5 4 5 1
      4.57588331128361855502e-04 	 5 4 5 2
     -1.82845016215293812260e-04 	 5 4 5 3
      1.53278461358245733821e-03 	 5 4 5 4
      7.40731776186576281948e-04 	 5 4 5 5
      5.48571676010533118041e-04 	 5 4 6 1
      8.39534120010817326227e-04 	 5 4 6 2
      4.94233900829326778560e-04 	 5 4 6 3
      5.53536415636090520925e-04 	 5 4 6 4
      1.26473410599668863695e-03 	 5 4 6 5
     -2.20091768791953051876e-03 	 5 4 6 6
      7.66266716326549114646e-04 	 5 4 7 1
     -9.94888617032777634397e-05 	 5 4 7 2
      5.88192546652935234659e-04 	 5 4 7 3
      5.64704348876053717054e-05 	 5 4 7 4
     -1.31567794675966736858e-04 	 5 4 7 5
     -5.25063216254654358504e-04 	 5 4 7 6
      8.37631464182503121182e-04 	 5 4 7 7
     -6.25468882292855646310e-04 	 5 4 8 1
     -4.27649907754439431197e-04 	 5 4 8 2
     -2.81640981927093556753e-04 	 5 4 8 3
      4.04083895524772786223e-04 	 5 4 8 4
     -6.88625046839458528070e-04 	 5 4 8 5
      6.27113741049481108157e-04 	 5 4 8 6
      2.02501158873624926855e-04 	 5 4 8 7
     -3.05459841747223468170e-03 	 5 4 8 8
      2.63834816185812059963e-01 	 5 5 1 1
      4.46401643782049460663e-03 	 5 5 2 1
      2.58265290227402910528e-01 	 5 5 2 2
     -3.37879880355700101813e-03 	 5 5 3 1
     -6.23940996402919893088e-03 	 5 5 3 2
      2.17628046172739453290e-01 	 5 5 3 3
     -1.05248701178119034340e-03 	 5 5 4 1
      2.89310730584426377410e-03 	 5 5 4 2
     -2.41004924524252771983e-03 	 5 5 4 3
      1.65899078237075142672e-01 	 5 5 4 4
     -6.37489433696424457471e-03 	 5 5 5 1
     -8.54277127526476345865e-03 	 5 5 5 2
      4.46642209969117919693e-03 	 5 5 5 3
      7.40731776186614662705e-04 	 5 5 5 4
      3.81877803346713062815e-01 	 5 5 5 5
     -2.93390293553181429401e-03 	 5 5 6 1
     -1.67404481618990924434e-03 	 5 5 6 2
     -8.92787972328541604497e-04 	 5 5 6 3
      1.07104142754087215683e-02 	 5 5 6 4
     -6.56398787026323503324e-03 	 5 5 6 5
      1.97440645862236197061e-01 	 5 5 6 6
      6.52769416339230718060e-03 	 5 5 7 1
      1.72008733186423392811e-03 	 5 5 7 2
      5.37960126648084793581e-04 	 5 5 7 3
      1.92149466967734736632e-03 	 5 5 7 4
     -5.69071532652890271081e-03 	 5 5 7 5
      8.05938708739521031399e-04 	 5 5 7 6
      2.19254121791219835913e-01 	 5 5 7 7
      3.97595691327463571230e-03 	 5 5 8 1
      8.58891346130048055629e-03 	 5 5 8 2
      4.04467920978001781868e-03 	 5 5 8 3
     -8.37984839883128967974e-03 	 5 5 8 4
     -1.10962221972895607597e-02 	 5 5 8 5
     -4.57963659450709523885e-03 	 5 5 8 6
     -2.60534894745684773854e-03 	 5 5 8 7
      2.06753105399418740662e-01 	 5 5 8 8
     -3.71378422889245872821e-04 	 6 1 1 1
     -4.39174704305921005058e-04 	 6 1 2 1
     -1.35525934004417395948e-03 	 6 1 2 2
     -7.63654207719338478343e-05 	 6 1 3 1
     -3.84758090422940746307e-04 	 6 1 3 2
     -3.63928830857301443408e-03 	 6 1 3 3
      3.33590311422609199846e-04 	 6 1 4 1
      4.93013584348567950912e-04 	 6 1 4 2
      2.14925605638951160029e-04 	 6 1 4 3
      3.98698281543652735537e-03 	 6 1 4 4
     -8.75267935977652473262e-04 	 6 1 5 1
     -5.27267805697330675836e-04 	 6 1 5 2
     -6.69589118526891374783e-04 	 6 1 5 3
      5.48571676010550356856e-04 	 6 1 5 4
     -2.93390293553178176794e-03 	 6 1 5 5
      2.86444993067482217911e-03 	 6 1 6 1
      3.12521750286531212019e-04 	 6 1 6 2
      1.29556334735356779367e-03 	 6 1 6 3
     -1.37386880800966144391e-03 	 6 1 6 4
      8.25810234878113875664e-04 	 6 1 6 5
      2.91485612497760547893e-03 	 6 1 6 6
     -3.16148463016591738193e-04 	 6 1 7 1
      3.30783597371481132704e-04 	 6 1 7 2
     -3.69350214999036754841e-04 	 6 1 7 3
     -2.15103914581634347251e-04 	 6 1 7 4
      4.10047241001329000089e-04 	 6 1 7 5
     -1.41104938141951852248e-03 	 6 1 7 6
     -2.71732247557308990299e-03 	 6 1 7 7
     -1.07303595864267822119e-03 	 6 1 8 1
     -2.37727046604957139740e-05 	 6 1 8 2
     -4.92199252946347916987e-04 	 6 1 8 3
      2.79798260891957065524e-04 	 6 1 8 4
     -8.78726227467443998798e-04 	 6 1 8 5
      1.28302662865799658141e-03 	 6 1 8 6
      2.10437263967502212296e-04 	 6 1 8 7
      6.82088557966797459208e-05 	 6 1 8 8
      2.22949152116598569608e-04 	 6 2 1 1
     -2.51699056022291057892e-04 	 6 2 2 1
      1.44736524041655682457e-03 	 6 2 2 2
     -5.25175445518833968264e-04 	 6 2 3 1
     -8.93037486027891715124e-04 	 6 2 3 2
      3.14701183198590759074e-04 	 6 2 3 3
      2.15492817721453635898e-04 	 6 2 4 1
      1.35852761850879842978e-03 	 6 2 4 2
      4.48876124590241460787e-04 	 6 2 4 3
     -2.16334965911876278208e-03 	 6 2 4 4
     -4.35385792211448940589e-04 	 6 2 5 1
     -8.70182000199916090392e-04 	 6 2 5 2
     -8.19515490344779716373e-05 	 6 2 5 3
      8.39534120010775692863e-04 	 6 2 5 4
     -1.67404481619001961612e-03 	 6 2 5 5
      3.12521750286538476174e-04 	 6 2 6 1
      2.42127107817334801670e-03 	 6 2 6 2
      8.56268959300955927356e-04 	 6 2 6 3
     -9.48546513450106197965e-04 	 6 2 6 4
      1.49515653456385269084e-03 	 6 2 6 5
     -1.36963867576382972158e-03 	 6 2 6 6
      5.53542324332182388014e-04 	 6 2 7 1
      7.70671402907372729216e-04 	 6 2 7 2
     -4.40748308317704458759e-05 	 6 2 7 3
     -3.55547105548378037428e-04 	 6 2 7 4
      3.26727688594945675678e-04 	 6 2 7 5
     -6.95962074306531253490e-04 	 6 2 7 6
      4.43851211072261546409e-04 	 6 2 7 7
     -5.08895145397120760890e-04 	 6 2 8 1
      1.62851267384816588823e-04 	 6 2 8 2
     -2.03645203415157025409e-04 	 6 2 8 3
      6.64505902015408676797e-04 	 6 2 8 4
     -6.23376663601102592310e-04 	 6 2 8 5
      3.18874828338105162709e-04 	 6 2 8 6
      3.76084865791989330090e-05 	 6 2 8 7
     -1.81288954753139525990e-03 	 6 2 8 8
      3.70536548952940004986e-03 	 6 3 1 1
     -2.58809636752733312776e-04 	 6 3 2 1
     -2.75851231944550397655e-04 	 6 3 2 2
     -1.95188831477858051877e-03 	 6 3 3 1
     -1.38219577495814986007e-03 	 6 3 3 2
      9.99850264451009745903e-03 	 6 3 3 3
      3.21438384331745039598e-04 	 6 3 4 1
      7.22724743982182935877e-04 	 6 3 4 2
      6.87913590087166370614e-04 	 6 3 4 3
     -8.58380911109953275567e-04 	 6 3 4 4
     -8.65298276277064182249e-04 	 6 3 5 1
     -9.52534914709389718759e-04 	 6 3 5 2
     -4.34659974086574855956e-04 	 6 3 5 3
      4.94233900829313442873e-04 	 6 3 5 4
     -8.92787972328566107466e-04 	 6 3 5 5
      1.29556334735356735999e-03 	 6 3 6 1
      8.56268959300957445240e-04 	 6 3 6 2
      1.98427144236100862565e-03 	 6 3 6 3
     -5.94912871156000918997e-04 	 6 3 6 4
      4.00163253943870472675e-04 	 6 3 6 5
     -7.36753626967189684249e-04 	 6 3 6 6
      1.39288631249210800855e-03 	 6 3 7 1
      7.04720589719886247523e-04 	 6 3 7 2
      4.35200373343691201966e-04 	 6 3 7 3
      2.58338383818142462624e-04 	 6 3 7 4
      6.34661631878708659173e-04 	 6 3 7 5
     -4.12263629926715559695e-04 	 6 3 7 6
      4.13815483179686381676e-03 	 6 3 7 7
     -7.96351811814165308663e-04 	 6 3 8 1
      1.15332400972159351674e-04 	 6 3 8 2
     -4.82024201014051166710e-04 	 6 3 8 3
      3.46444462648079059284e-05 	 6 3 8 4
     -9.48225601014336086543e-04 	 6 3 8 5
      6.85293983892035132172e-04 	 6 3 8 6
      1.59105352335383513733e-04 	 6 3 8 7
     -9.70013966579581928505e-04 	 6 3 8 8
      3.68815144385941599131e-03 	 6 4 1 1
      1.56598088715451154787e-03 	 6 4 2 1
      1.13226670101912365446e-02 	 6 4 2 2
     -2.97517568975201856379e-03 	 6 4 3 1
      3.40144461670065668263e-03 	 6 4 3 2
      1.02033837903259400059e-02 	 6 4 3 3
     -4.32698260510121582040e-04 	 6 4 4 1
     -2.03069745530027288838e-03 	 6 4 4 2
     -1.21873246086941808101e-03 	 6 4 4 3
     -1.10193310675289497108e-02 	 6 4 4 4
      1.37681370771520431712e-03 	 6 4 5 1
      6.16135188132387653231e-03 	 6 4 5 2
      2.12287696172220024388e-03 	 6 4 5 3
      5.53536415636125649076e-04 	 6 4 5 4
      1.07104142754089297351e-02 	 6 4 5 5
     -1.37386880800967618906e-03 	 6 4 6 1
     -9.48546513450088200209e-04 	 6 4 6 2
     -5.94912871156001244258e-04 	 6 4 6 3
      1.30618487166197193294e-02 	 6 4 6 4
      7.19054992240903594405e-04 	 6 4 6 5
     -1.42491604818297478395e-03 	 6 4 6 6
      1.86067010964014725380e-03 	 6 4 7 1
     -2.59555798002278782094e-03 	 6 4 7 2
      3.95955754281783912224e-03 	 6 4 7 3
      8.01398934653956159478e-04 	 6 4 7 4
     -2.95036324074682580407e-03 	 6 4 7 5
      8.29624914520120273868e-04 	 6 4 7 6
      1.20384059840405455155e-02 	 6 4 7 7
      1.36141231567039910390e-03 	 6 4 8 1
      5.85864579203939218714e-04 	 6 4 8 2
      6.40164021871379197715e-04 	 6 4 8 3
      1.18658958569622875918e-03 	 6 4 8 4
      2.22474445644877663261e-03 	 6 4 8 5
     -4.83994367806561643849e-04 	 6 4 8 6
      1.87017693982963396264e-04 	 6 4 8 7
     -6.01407727243376353382e-03 	 6 4 8 8
     -8.43089221067159014233e-03 	 6 5 1 1
      3.06603991701179541388e-05 	 6 5 2 1
     -3.10204532008056480669e-03 	 6 5 2 2
      5.00619475138175656220e-04 	 6 5 3 1
      1.72141809618694833009e-03 	 6 5 3 2
     -6.05945862032177158529e-03 	 6 5 3 3
      2.43695773137307582917e-04 	 6 5 4 1
     -3.26199703384435547339e-06 	 6 5 4 2
      5.31447986619683652521e-05 	 6 5 4 3
      1.17423238781947693321e-03 	 6 5 4 4
      3.01449382522756708681e-04 	 6 5 5 1
      2.37437739358533749651e-03 	 6 5 5 2
     -2.16071091152831971536e-04 	 6 5 5 3
      1.26473410599671270624e-03 	 6 5 5 4
     -6.56398787026317171583e-03 	 6 5 5 5
      8.25810234878115176707e-04 	 6 5 6 1
      1.49515653456384336670e-03 	 6 5 6 2
      4.00163253943872098978e-04 	 6 5 6 3
      7.19054992240931783662e-04 	 6 5 6 4
      3.60199907771973889051e-03 	 6 5 6 5
      3.41432637966023388651e-03 	 6 5 6 6
     -1.44740323487076313035e-03 	 6 5 7 1
     -1.28128693208009536778e-03 	 6 5 7 2
      4.78593732990292136924e-04 	 6 5 7 3
     -2.27660944265656794375e-04 	 6 5 7 4
     -7.53497300111401115824e-04 	 6 5 7 5
     -2.12744857464649530978e-04 	 6 5 7 6
     -7.85807593162748604931e-03 	 6 5 7 7
     -3.36626874173393854373e-04 	 6 5 8 1
     -4.43530746566997164521e-04 	 6 5 8 2
     -1.51167221063041635771e-04 	 6 5 8 3
      1.12584521380271434902e-03 	 6 5 8 4
     -4.79038187986205584931e-05 	 6 5 8 5
      1.69290496353220829701e-03 	 6 5 8 6
      3.27487464697088972304e-04 	 6 5 8 7
     -4.31899429387998679691e-03 	 6 5 8 8
      1.24858713915122654381e-01 	 6 6 1 1
      1.40757020556169084799e-03 	 6 6 2 1
      1.66568421885776918323e-01 	 6 6 2 2
      3.67371781384402268378e-02 	 6 6 3 1
      2.04951294275831363834e-02 	 6 6 3 2
      1.03917400330930831398e-01 	 6 6 3 3
     -4.38795048522486880183e-03 	 6 6 4 1
     -1.68282079896124006808e-03 	 6 6 4 2
     -3.93337902151192513912e-04 	 6 6 4 3
      3.14481517732268289755e-01 	 6 6 4 4
      1.22502945754704387765e-02 	 6 6 5 1
      3.27248866715100505953e-02 	 6 6 5 2
      1.62781750252356891689e-03 	 6 6 5 3
     -2.20091768791961248444e-03 	 6 6 5 4
      1.97440645862235808483e-01 	 6 6 5 5
      2.91485612497765968903e-03 	 6 6 6 1
     -1.36963867576391342198e-03 	 6 6 6 2
     -7.36753626967192286334e-04 	 6 6 6 3
     -1.42491604818285118490e-03 	 6 6 6 4
      3.41432637966033493415e-03 	 6 6 6 5
      4.32651529349236119160e-01 	 6 6 6 6
     -4.49266430670254568458e-02 	 6 6 7 1
     -1.67867311865832237461e-02 	 6 6 7 2
     -8.40886202971104571025e-03 	 6 6 7 3
      5.98449747086729315348e-04 	 6 6 7 4
     -9.93157103961739631814e-03 	 6 6 7 5
      4.27545140829966880541e-03 	 6 6 7 6
      5.09456782334431063086e-02 	 6 6 7 7
      1.29351620729450094566e-02 	 6 6 8 1
      2.63039892271717387282e-03 	 6 6 8 2
      6.84514095402117585254e-03 	 6 6 8 3
     -6.37002151834031599825e-03 	 6 6 8 4
      2.03554251944024419685e-02 	 6 6 8 5
      5.34684376643529413187e-03 	 6 6 8 6
     -8.07146105780397258959e-04 	 6 6 8 7
      2.09007824244766687860e-01 	 6 6 8 8
      5.97846491828695758564e-02 	 7 1 1 1
     -3.54598105141677830306e-04 	 7 1 2 1
      8.37752477286099299369e-04 	 7 1 2 2
     -1.79338607168990638030e-02 	 7 1 3 1
     -6.39520916569983298439e-03 	 7 1 3 2
      3.93991391912310862100e-02 	 7 1 3 3
      1.96747193373265774965e-03 	 7 1 4 1
      4.41411353596268644928e-05 	 7 1 4 2
     -4.05788724966099113856e-04 	 7 1 4 3
     -4.62153242954513598928e-02 	 7 1 4 4
     -5.01576315010613272422e-03 	 7 1 5 1
     -8.94949042402544241159e-03 	 7 1 5 2
      1.12173719749390343042e-03 	 7 1 5 3
      7.66266716326559522987e-04 	 7 1 5 4
      6.52769416339242427444e-03 	 7 1 5 5
     -3.16148463016594448698e-04 	 7 1 6 1
      5.53542324332181845913e-04 	 7 1 6 2
      1.39288631249210453911e-03 	 7 1 6 3
      1.86067010964015614426e-03 	 7 1 6 4
     -1.44740323487076920188e-03 	 7 1 6 5
     -4.49266430670254707236e-02 	 7 1 6 6
      2.67717149316813035620e-02 	 7 1 7 1
      6.50836062535367979032e-03 	 7 1 7 2
      4.75735604447869407652e-03 	 7 1 7 3
      2.07616753991643845402e-04 	 7 1 7 4
      3.31681587390696835937e-03 	 7 1 7 5
     -3.19338845488238102371e-03 	 7 1 7 6
      8.39330886178563662092e-02 	 7 1 7 7
     -3.62769350905565134136e-03 	 7 1 8 1
     -1.19353940681077622631e-04 	 7 1 8 2
     -1.01411199613604284184e-03 	 7 1 8 3
      6.53942716164000736878e-04 	 7 1 8 4
     -3.83938619470914916515e-03 	 7 1 8 5
     -1.83467344533103115557e-03 	 7 1 8 6
     -3.01549787174323305917e-04 	 7 1 8 7
     -2.48802133675922673706e-02 	 7 1 8 8
      1.61664801012750894427e-02 	 7 2 1 1
     -1.84566170654082472094e-03 	 7 2 2 1
      6.26896912886686780153e-03 	 7 2 2 2
     -3.36179359887497182166e-03 	 7 2 3 1
     -5.63533775949618710721e-03 	 7 2 3 2
      8.84242888019770925667e-03 	 7 2 3 3
      7.44653689369075997770e-04 	 7 2 4 1
      2.20139669314953993068e-03 	 7 2 4 2
      4.26259035179124329187e-04 	 7 2 4 3
     -1.05138884088122885885e-02 	 7 2 4 4
     -2.81170890603977749467e-03 	 7 2 5 1
     -8.64865991395371430661e-03 	 7 2 5 2
     -4.17911621246090029917e-04 	 7 2 5 3
     -9.94888617032833741860e-05 	 7 2 5 4
      1.72008733186421918296e-03 	 7 2 5 5
      3.30783597371479614821e-04 	 7 2 6 1
      7.70671402907367633466e-04 	 7 2 6 2
      7.04720589719886247523e-04 	 7 2 6 3
     -2.59555798002277654524e-03 	 7 2 6 4
     -1.28128693208009710250e-03 	 7 2 6 5
     -1.67867311865832063988e-02 	 7 2 6 6
      6.50836062535369366810e-03 	 7 2 7 1
      6.52502261940683843389e-03 	 7 2 7 2
     -2.21010686350879884642e-04 	 7 2 7 3
     -5.02266706117635735630e-04 	 7 2 7 4
      3.95929655434875023279e-03 	 7 2 7 5
     -1.88026742050433222884e-03 	 7 2 7 6
      2.99581546460898420770e-02 	 7 2 7 7
     -2.07383626006907599224e-03 	 7 2 8 1
      7.58218980105950348183e-04 	 7 2 8 2
     -8.68755137183047391677e-04 	 7 2 8 3
     -8.40400116759377601577e-04 	 7 2 8 4
     -4.02347819707561150937e-03 	 7 2 8 5
     -8.11827900322806533112e-05 	 7 2 8 6
     -5.57336373101862696711e-05 	 7 2 8 7
      2.86401166685085325700e-03 	 7 2 8 8
      5.72036780411846676464e-03 	 7 3 1 1
      9.08650524068295700059e-04 	 7 3 2 1
      2.37253301274735614243e-04 	 7 3 2 2
     -5.44732280280958193475e-03 	 7 3 3 1
      5.84604817476178399357e-04 	 7 3 3 2
      2.01033150432176621614e-02 	 7 3 3 3
     -6.44834752886526451406e-05 	 7 3 4 1
     -1.14499913761710006739e-03 	 7 3 4 2
     -4.71371754243347246011e-04 	 7 3 4 3
     -1.48108270047798522284e-02 	 7 3 4 4
      4.12977042933717372435e-04 	 7 3 5 1
      2.25958411179746822967e-03 	 7 3 5 2
      9.69800496905421694806e-04 	 7 3 5 3
      5.88192546652935668340e-04 	 7 3 5 4
      5.37960126648078613629e-04 	 7 3 5 5
     -3.69350214999035074328e-04 	 7 3 6 1
     -4.40748308317705814012e-05 	 7 3 6 2
      4.35200373343692503009e-04 	 7 3 6 3
      3.95955754281783565279e-03 	 7 3 6 4
      4.78593732990293221127e-04 	 7 3 6 5
     -8.40886202971102489356e-03 	 7 3 6 6
      4.75735604447870101541e-03 	 7 3 7 1
     -2.21010686350879234120e-04 	 7 3 7 2
      4.81416124757211814911e-03 	 7 3 7 3
      3.00917314999188726093e-04 	 7 3 7 4
     -9.54487114214045296451e-04 	 7 3 7 5
     -3.74791689068146966716e-04 	 7 3 7 6
      2.12871946864190628168e-02 	 7 3 7 7
      1.95739258133766861475e-04 	 7 3 8 1
     -2.03379282773907891753e-04 	 7 3 8 2
     -7.25588787839506976990e-05 	 7 3 8 3
      7.95804882561920246334e-04 	 7 3 8 4
      1.10129694000932632642e-03 	 7 3 8 5
     -4.68607700602244033137e-04 	 7 3 8 6
      1.48300117725788752629e-04 	 7 3 8 7
     -1.24507354272552928781e-02 	 7 3 8 8
      1.47449940675237005892e-03 	 7 4 1 1
      2.18854141634023752422e-04 	 7 4 2 1
      2.08667909455980587000e-03 	 7 4 2 2
     -4.46672905178242915947e-04 	 7 4 3 1
      3.00952305187790133956e-04 	 7 4 3 2
      1.81522678651866581356e-03 	 7 4 3 3
     -8.19505085422146998218e-04 	 7 4 4 1
     -3.87234176756671663079e-04 	 7 4 4 2
     -4.33990379724057194315e-04 	 7 4 4 3
     -1.98366049461675157325e-03 	 7 4 4 4
      2.17261286689173573105e-04 	 7 4 5 1
      5.48185036016173303682e-04 	 7 4 5 2
      3.31413777863312898706e-04 	 7 4 5 3
      5.64704348876032304061e-05 	 7 4 5 4
      1.92149466967734823368e-03 	 7 4 5 5
     -2.15103914581631338590e-04 	 7 4 6 1
     -3.55547105548377929008e-04 	 7 4 6 2
      2.58338383818142083154e-04 	 7 4 6 3
      8.01398934653961472069e-04 	 7 4 6 4
     -2.27660944265654192290e-04 	 7 4 6 5
      5.98449747086714570199e-04 	 7 4 6 6
      2.07616753991642002258e-04 	 7 4 7 1
     -5.02266706117636711412e-04 	 7 4 7 2
      3.00917314999189105564e-04 	 7 4 7 3
      1.02904061972482088576e-03 	 7 4 7 4
     -5.08217006704318350827e-04 	 7 4 7 5
      7.29973952424187123508e-04 	 7 4 7 6
     -2.42235297841254955918e-04 	 7 4 7 7
      2.84474483123913488621e-04 	 7 4 8 1
      7.57262014222014273948e-06 	 7 4 8 2
      8.05417910684109588119e-05 	 7 4 8 3
      1.90898208157406893727e-04 	 7 4 8 4
      2.42100340042611828374e-04 	 7 4 8 5
     -4.17224383181630673815e-05 	 7 4 8 6
     -9.00072217599198694292e-05 	 7 4 8 7
     -7.23532431751803672016e-05 	 7 4 8 8
      3.85601453264397976001e-03 	 7 5 1 1
     -1.43671189644872668648e-03 	 7 5 2 1
     -2.38947170431831525800e-03 	 7 5 2 2
     -6.73264466382987375112e-04 	 7 5 3 1
     -3.13350839359481138369e-03 	 7 5 3 2
      1.13139657215962155523e-05 	 7 5 3 3
      5.95866332639114946144e-04 	 7 5 4 1
      1.51630798063662349494e-03 	 7 5 4 2
      6.48279962919952519075e-04 	 7 5 4 3
     -2.44451716156242337963e-03 	 7 5 4 4
     -2.32152739003087162789e-03 	 7 5 5 1
     -5.45121062421287296690e-03 	 7 5 5 2
     -1.64601065531480008838e-03 	 7 5 5 3
     -1.31567794675969013682e-04 	 7 5 5 4
     -5.69071532652891225179e-03 	 7 5 5 5
      4.10047241001330409552e-04 	 7 5 6 1
      3.26727688594949199335e-04 	 7 5 6 2
      6.34661631878705623407e-04 	 7 5 6 3
     -2.95036324074683534505e-03 	 7 5 6 4
     -7.53497300111395044292e-04 	 7 5 6 5
     -9.93157103961740325704e-03 	 7 5 6 6
      3.31681587390695361423e-03 	 7 5 7 1
      3.95929655434875023279e-03 	 7 5 7 2
     -9.54487114214042477525e-04 	 7 5 7 3
     -5.08217006704320085550e-04 	 7 5 7 4
      4.83527238593962471053e-03 	 7 5 7 5
     -1.13410325357864876818e-03 	 7 5 7 6
      1.79322718308403301901e-02 	 7 5 7 7
     -1.48416335194838681574e-03 	 7 5 8 1
     -9.94187024105282765932e-05 	 7 5 8 2
     -5.30005276195302690682e-04 	 7 5 8 3
     -6.22199023490685129180e-04 	 7 5 8 4
     -2.69448480441199754443e-03 	 7 5 8 5
      2.13089374254537265198e-04 	 7 5 8 6
      3.71950847968784560193e-04 	 7 5 8 7
      2.69383766302249035018e-03 	 7 5 8 8
     -6.42641681456647059778e-03 	 7 6 1 1
      5.01903321360625226215e-04 	 7 6 2 1
     -8.73240359939868229094e-05 	 7 6 2 2
      1.87278932095012143506e-03 	 7 6 3 1
      1.60435222571961061573e-03 	 7 6 3 2
     -4.02351694440183146190e-03 	 7 6 3 3
     -5.34017163719647993542e-04 	 7 6 4 1
     -8.10199963391376276438e-04 	 7 6 4 2
      1.30914429713905992609e-04 	 7 6 4 3
      3.28246635436181283946e-03 	 7 6 4 4
      9.20283148667108393329e-04 	 7 6 5 1
      1.91822322494976165927e-03 	 7 6 5 2
      3.51417101610573823223e-04 	 7 6 5 3
     -5.25063216254644925945e-04 	 7 6 5 4
      8.05938708739539245995e-04 	 7 6 5 5
     -1.41104938141952459402e-03 	 7 6 6 1
     -6.95962074306526916681e-04 	 7 6 6 2
     -4.12263629926711006046e-04 	 7 6 6 3
      8.29624914520113334974e-04 	 7 6 6 4
     -2.12744857464655385670e-04 	 7 6 6 5
      4.27545140829967487694e-03 	 7 6 6 6
     -3.19338845488237928899e-03 	 7 6 7 1
     -1.88026742050433244569e-03 	 7 6 7 2
     -3.74791689068146858296e-04 	 7 6 7 3
      7.29973952424186689827e-04 	 7 6 7 4
     -1.13410325357864811766e-03 	 7 6 7 5
      2.59886781966071119671e-03 	 7 6 7 6
     -1.67529837699263023376e-02 	 7 6 7 7
      9.81945037038093422252e-04 	 7 6 8 1
     -1.01023445029125690919e-04 	 7 6 8 2
      5.73612332020392444616e-04 	 7 6 8 3
      1.06794505593676863930e-04 	 7 6 8 4
      1.03286919078387920759e-03 	 7 6 8 5
     -3.26822171174383311471e-04 	 7 6 8 6
      1.21291123458214735614e-05 	 7 6 8 7
      1.21240772526515910856e-03 	 7 6 8 8
      3.55140864153207058695e-01 	 7 7 1 1
     -2.09136893338059300096e-03 	 7 7 2 1
      2.07057779341611153390e-01 	 7 7 2 2
     -4.67552378349905539690e-02 	 7 7 3 1
     -2.39439221353161049710e-02 	 7 7 3 2
      2.92427290008173634828e-01 	 7 7 3 3
      5.15500477083280419371e-03 	 7 7 4 1
      4.20911274941238120612e-03 	 7 7 4 2
     -1.88579786356057182983e-03 	 7 7 4 3
      3.36864666056921613357e-02 	 7 7 4 4
     -1.41440278554646331477e-02 	 7 7 5 1
     -2.48796547402090860446e-02 	 7 7 5 2
      4.92786942898900542920e-03 	 7 7 5 3
      8.37631464182523178923e-04 	 7 7 5 4
      2.19254121791220168980e-01 	 7 7 5 5
     -2.71732247557310031133e-03 	 7 7 6 1
      4.43851211072277267340e-04 	 7 7 6 2
      4.13815483179686468412e-03 	 7 7 6 3
      1.20384059840405351072e-02 	 7 7 6 4
     -7.85807593162749472293e-03 	 7 7 6 5
      5.09456782334432728421e-02 	 7 7 6 6
      8.39330886178565049871e-02 	 7 7 7 1
      2.99581546460898420770e-02 	 7 7 7 2
      2.12871946864190315918e-02 	 7 7 7 3
     -2.42235297841249318067e-04 	 7 7 7 4
      1.79322718308403614151e-02 	 7 7 7 5
     -1.67529837699262953987e-02 	 7 7 7 6
      6.30721417112757976042e-01 	 7 7 7 7
     -9.41703742231208423830e-03 	 7 7 8 1
      4.98921516086354641106e-03 	 7 7 8 2
     -2.16330475848931650176e-03 	 7 7 8 3
     -6.05928429185908883070e-03 	 7 7 8 4
     -1.33316473981580051189e-02 	 7 7 8 5
     -4.62703034989994481385e-03 	 7 7 8 6
     -3.40316541874690530259e-04 	 7 7 8 7
      1.28464756559933168667e-01 	 7 7 8 8
     -1.11254523066761940725e-02 	 8 1 1 1
      8.47874773744242593750e-04 	 8 1 2 1
     -1.27914431620746458021e-03 	 8 1 2 2
      2.86956368937309191924e-03 	 8 1 3 1
      2.52264528349211000421e-03 	 8 1 3 2
     -2.57085137435814113996e-03 	 8 1 3 3
     -1.20717721698560074423e-03 	 8 1 4 1
     -1.15505348528667354559e-03 	 8 1 4 2
     -4.83143791052605099060e-04 	 8 1 4 3
      1.91385955485083884484e-03 	 8 1 4 4
      2.50881484327588992478e-03 	 8 1 5 1
      3.85623794858996242832e-03 	 8 1 5 2
      6.87161423363319271741e-04 	 8 1 5 3
     -6.25468882292857272613e-04 	 8 1 5 4
      3.97595691327458106851e-03 	 8 1 5 5
     -1.07303595864268342536e-03 	 8 1 6 1
     -5.08895145397104931538e-04 	 8 1 6 2
     -7.96351811814166284445e-04 	 8 1 6 3
      1.36141231567038305771e-03 	 8 1 6 4
     -3.36626874173404154293e-04 	 8 1 6 5
      1.29351620729450354774e-02 	 8 1 6 6
     -3.62769350905565828025e-03 	 8 1 7 1
     -2.07383626006907035438e-03 	 8 1 7 2
      1.95739258133769788821e-04 	 8 1 7 3
      2.84474483123913054940e-04 	 8 1 7 4
     -1.48416335194839158623e-03 	 8 1 7 5
      9.81945037038091904369e-04 	 8 1 7 6
     -9.41703742231208597302e-03 	 8 1 7 7
      5.39607720504138403672e-03 	 8 1 8 1
     -4.57869942348214722938e-04 	 8 1 8 2
      2.48725755151865245834e-03 	 8 1 8 3
     -6.03308225882349003378e-05 	 8 1 8 4
      3.93814738111161397049e-03 	 8 1 8 5
     -1.32858849336809346255e-03 	 8 1 8 6
     -1.54849763335887144998e-03 	 8 1 8 7
     -5.65864253571438623192e-03 	 8 1 8 8
      5.37559097094214566326e-03 	 8 2 1 1
     -1.80012818383449214497e-05 	 8 2 2 1
      1.16931045357987328098e-02 	 8 2 2 2
      5.22013973833381763820e-04 	 8 2 3 1
     -1.18698246414372979816e-03 	 8 2 3 2
      3.76642613071576570424e-03 	 8 2 3 3
     -6.19738801431537773140e-05 	 8 2 4 1
      1.24870944313635614219e-03 	 8 2 4 2
     -2.52925271929676742069e-05 	 8 2 4 3
      1.43291694715190509081e-03 	 8 2 4 4
      2.74337018644606352429e-04 	 8 2 5 1
     -1.80525806045847125175e-03 	 8 2 5 2
      4.56911047083387430925e-04 	 8 2 5 3
     -4.27649907754441274341e-04 	 8 2 5 4
      8.58891346130062627307e-03 	 8 2 5 5
     -2.37727046604936133323e-05 	 8 2 6 1
      1.62851267384781975668e-04 	 8 2 6 2
      1.15332400972156193936e-04 	 8 2 6 3
      5.85864579203980743657e-04 	 8 2 6 4
     -4.43530746566975372057e-04 	 8 2 6 5
      2.63039892271703162549e-03 	 8 2 6 6
     -1.19353940681088356232e-04 	 8 2 7 1
      7.58218980105938205119e-04 	 8 2 7 2
     -2.03379282773907783333e-04 	 8 2 7 3
      7.57262014222589070506e-06 	 8 2 7 4
     -9.94187024105326947170e-05 	 8 2 7 5
     -1.01023445029129472074e-04 	 8 2 7 6
      4.98921516086354033953e-03 	 8 2 7 7
     -4.57869942348230769130e-04 	 8 2 8 1
      4.54786486757505995643e-03 	 8 2 8 2
     -2.58057881474928597996e-04 	 8 2 8 3
      2.25956479608812113580e-04 	 8 2 8 4
     -1.43512816487030179721e-03 	 8 2 8 5
      3.20973549570919389922e-05 	 8 2 8 6
      6.34362053677272257979e-05 	 8 2 8 7
      1.16371217439139775646e-02 	 8 2 8 8
     -9.71127189270669789571e-04 	 8 3 1 1
      3.88416222668439014860e-04 	 8 3 2 1
      2.99945001238566895559e-04 	 8 3 2 2
      1.53389138805120847121e-03 	 8 3 3 1
      1.60610430417570037784e-03 	 8 3 3 2
     -5.53145824813980249018e-03 	 8 3 3 3
     -4.74248954046117365910e-04 	 8 3 4 1
     -4.61654854240102843765e-04 	 8 3 4 2
     -3.04914095889538268140e-04 	 8 3 4 3
      1.68481147488506988706e-03 	 8 3 4 4
      8.74687113399853386972e-04 	 8 3 5 1
      1.94357073257043588659e-03 	 8 3 5 2
      6.75495065570126933946e-04 	 8 3 5 3
     -2.81640981927080871587e-04 	 8 3 5 4
      4.04467920978004037008e-03 	 8 3 5 5
     -4.92199252946346941205e-04 	 8 3 6 1
     -2.03645203415162338000e-04 	 8 3 6 2
     -4.82024201014051383550e-04 	 8 3 6 3
      6.40164021871369114634e-04 	 8 3 6 4
     -1.51167221063042015242e-04 	 8 3 6 5
      6.84514095402120100603e-03 	 8 3 6 6
     -1.01411199613603937239e-03 	 8 3 7 1
     -8.68755137183044139071e-04 	 8 3 7 2
     -7.25588787839505757263e-05 	 8 3 7 3
      8.05417910684101998704e-05 	 8 3 7 4
     -5.30005276195306919071e-04 	 8 3 7 5
      5.73612332020395371962e-04 	 8 3 7 6
     -2.16330475848931086391e-03 	 8 3 7 7
      2.48725755151865072362e-03 	 8 3 8 1
     -2.58057881474926917482e-04 	 8 3 8 2
      1.83566513907695589430e-03 	 8 3 8 3
     -1.24964038491383018850e-04 	 8 3 8 4
      1.67283676625317855730e-03 	 8 3 8 5
     -5.72976775368254733801e-04 	 8 3 8 6
     -7.00037102010740708291e-04 	 8 3 8 7
     -2.10417798977958168949e-03 	 8 3 8 8
     -8.49479979848988438207e-03 	 8 4 1 1
      4.56282806393186837236e-04 	 8 4 2 1
     -5.16053262502215361746e-03 	 8 4 2 2
     -1.39403922915816089190e-03 	 8 4 3 1
      1.18683130950679297834e-03 	 8 4 3 2
     -4.12692829923204038134e-03 	 8 4 3 3
     -5.16406976579811770843e-04 	 8 4 4 1
     -1.61908566668994709746e-03 	 8 4 4 2
     -4.96602399960152304792e-04 	 8 4 4 3
     -1.68680311586979006511e-02 	 8 4 4 4
      4.34102553405885745099e-04 	 8 4 5 1
      7.48794316927981580198e-04 	 8 4 5 2
      8.43675955999244965621e-05 	 8 4 5 3
      4.04083895524761835781e-04 	 8 4 5 4
     -8.37984839883141457983e-03 	 8 4 5 5
      2.79798260891955493431e-04 	 8 4 6 1
      6.64505902015443804948e-04 	 8 4 6 2
      3.46444462648110636672e-05 	 8 4 6 3
      1.18658958569616153865e-03 	 8 4 6 4
      1.12584521380266707781e-03 	 8 4 6 5
     -6.37002151834016681203e-03 	 8 4 6 6
      6.53942716164021553560e-04 	 8 4 7 1
     -8.40400116759378252099e-04 	 8 4 7 2
      7.95804882561923932621e-04 	 8 4 7 3
      1.90898208157402123238e-04 	 8 4 7 4
     -6.22199023490681768153e-04 	 8 4 7 5
      1.06794505593681593762e-04 	 8 4 7 6
     -6.05928429185908709598e-03 	 8 4 7 7
     -6.03308225882186644103e-05 	 8 4 8 1
      2.25956479608769883905e-04 	 8 4 8 2
     -1.24964038491383235691e-04 	 8 4 8 3
      6.52417392630204231313e-03 	 8 4 8 4
      4.76526227902146276225e-04 	 8 4 8 5
     -6.06312837798267845364e-04 	 8 4 8 6
      1.06116096241260131155e-04 	 8 4 8 7
     -1.82177009387418896436e-02 	 8 4 8 8
     -1.16603710246329494299e-02 	 8 5 1 1
      1.52228851628499577131e-03 	 8 5 2 1
     -1.24780670090051549331e-02 	 8 5 2 2
      2.27950033384098681502e-03 	 8 5 3 1
      5.86985281495449109923e-03 	 8 5 3 2
     -4.85105700000104493597e-03 	 8 5 3 3
     -1.05642689478797858690e-03 	 8 5 4 1
     -2.60535920013420891836e-03 	 8 5 4 2
     -5.57705206627183815507e-04 	 8 5 4 3
      6.22917867501176104189e-03 	 8 5 4 4
      4.08629623377434417902e-03 	 8 5 5 1
      9.27692685502711292256e-03 	 8 5 5 2
      1.47119590901505573055e-03 	 8 5 5 3
     -6.88625046839452131277e-04 	 8 5 5 4
     -1.10962221972896943334e-02 	 8 5 5 5
     -8.78726227467455057660e-04 	 8 5 6 1
     -6.23376663601063344192e-04 	 8 5 6 2
     -9.48225601014338146527e-04 	 8 5 6 3
      2.22474445644874540759e-03 	 8 5 6 4
     -4.79038187986431098983e-05 	 8 5 6 5
      2.03554251944025113574e-02 	 8 5 6 6
     -3.83938619470915697141e-03 	 8 5 7 1
     -4.02347819707559416214e-03 	 8 5 7 2
      1.10129694000932676010e-03 	 8 5 7 3
      2.42100340042607274724e-04 	 8 5 7 4
     -2.69448480441200751909e-03 	 8 5 7 5
      1.03286919078388115915e-03 	 8 5 7 6
     -1.33316473981580085884e-02 	 8 5 7 7
      3.93814738111161743994e-03 	 8 5 8 1
     -1.43512816487024975551e-03 	 8 5 8 2
      1.67283676625318506251e-03 	 8 5 8 3
      4.76526227902091252964e-04 	 8 5 8 4
      1.00302684327035172840e-02 	 8 5 8 5
     -1.54495699616976223806e-03 	 8 5 8 6
     -3.97590551900073513932e-04 	 8 5 8 7
     -1.60010582361320534417e-02 	 8 5 8 8
     -4.60019306990531399310e-03 	 8 6 1 1
     -4.42440040618862818773e-04 	 8 6 2 1
      8.05315900648657240213e-04 	 8 6 2 2
      1.34482365671810674343e-03 	 8 6 3 1
      1.79362139623221047112e-04 	 8 6 3 2
     -6.25766881970139885599e-03 	 8 6 3 3
      5.07037419272249410135e-04 	 8 6 4 1
      7.61875164993305116663e-04 	 8 6 4 2
      2.81307317759754661399e-04 	 8 6 4 3
      9.71964210048416495102e-03 	 8 6 4 4
     -4.89269448955810103835e-04 	 8 6 5 1
      4.53164019513432468796e-04 	 8 6 5 2
     -5.60500958595351117877e-04 	 8 6 5 3
      6.27113741049503225881e-04 	 8 6 5 4
     -4.57963659450694778735e-03 	 8 6 5 5
      1.28302662865798400467e-03 	 8 6 6 1
      3.18874828338093561746e-04 	 8 6 6 2
      6.85293983892040336342e-04 	 8 6 6 3
     -4.83994367806520877848e-04 	 8 6 6 4
      1.69290496353221653694e-03 	 8 6 6 5
      5.34684376643521086514e-03 	 8 6 6 6
     -1.83467344533103570922e-03 	 8 6 7 1
     -8.11827900322911700723e-05 	 8 6 7 2
     -4.68607700602247177323e-04 	 8 6 7 3
     -4.17224383181558235558e-05 	 8 6 7 4
      2.13089374254550655095e-04 	 8 6 7 5
     -3.26822171174392744029e-04 	 8 6 7 6
     -4.62703034989995782428e-03 	 8 6 7 7
     -1.32858849336809411307e-03 	 8 6 8 1
      3.20973549570623538254e-05 	 8 6 8 2
     -5.72976775368262756898e-04 	 8 6 8 3
     -6.06312837798246269741e-04 	 8 6 8 4
     -1.54495699616975464864e-03 	 8 6 8 5
      3.10165964088218032435e-03 	 8 6 8 6
      4.26519895322035626477e-04 	 8 6 8 7
      8.36409917606209009355e-03 	 8 6 8 8
     -3.01799676808351671417e-03 	 8 7 1 1
     -6.58044891788361462764e-05 	 8 7 2 1
      9.42513243154007908115e-05 	 8 7 2 2
      3.34585379881661049324e-04 	 8 7 3 1
      3.19507419746927769609e-04 	 8 7 3 2
     -2.66221716204581701146e-03 	 8 7 3 3
      1.61986705432719024821e-04 	 8 7 4 1
      1.13332404071688135712e-05 	 8 7 4 2
     -3.33268931527082854817e-05 	 8 7 4 3
      1.48336943732330821602e-03 	 8 7 4 4
     -1.93552120850608430289e-04 	 8 7 5 1
      9.75645161358317089453e-05 	 8 7 5 2
      2.58509787077434953083e-05 	 8 7 5 3
      2.02501158873621213462e-04 	 8 7 5 4
     -2.60534894745686421841e-03 	 8 7 5 5
      2.10437263967501453354e-04 	 8 7 6 1
      3.76084865792041778370e-05 	 8 7 6 2
      1.59105352335385248456e-04 	 8 7 6 3
      1.87017693982956592896e-04 	 8 7 6 4
      3.27487464697086858110e-04 	 8 7 6 5
     -8.07146105780394006353e-04 	 8 7 6 6
     -3.01549787174329377449e-04 	 8 7 7 1
     -5.57336373101856936887e-05 	 8 7 7 2
      1.48300117725790812613e-04 	 8 7 7 3
     -9.00072217599190156200e-05 	 8 7 7 4
      3.71950847968784018092e-04 	 8 7 7 5
      1.21291123458206773504e-05 	 8 7 7 6
     -3.40316541874700288078e-04 	 8 7 7 7
     -1.54849763335886993210e-03 	 8 7 8 1
      6.34362053677267108019e-05 	 8 7 8 2
     -7.00037102010742659855e-04 	 8 7 8 3
      1.06116096241261188252e-04 	 8 7 8 4
     -3.97590551900071616578e-04 	 8 7 8 5
      4.26519895322028524953e-04 	 8 7 8 6
      1.22480477260898841518e-03 	 8 7 8 7
      9.84147630762678086308e-04 	 8 7 8 8
      1.77791998929668293439e-01 	 8 8 1 1
     -3.77529041212135933053e-03 	 8 8 2 1
      2.26095752757206447381e-01 	 8 8 2 2
      2.62014807735823050672e-02 	 8 8 3 1
     -7.03871314022297498575e-03 	 8 8 3 2
      1.37376123567222341304e-01 	 8 8 3 3
     -3.57807930778594089974e-04 	 8 8 4 1
      1.23564619202530187603e-02 	 8 8 4 2
      1.09426223453325710717e-03 	 8 8 4 3
      2.59364743510521078562e-01 	 8 8 4 4
     -3.02253269230396857600e-03 	 8 8 5 1
     -8.37108588555156470090e-03 	 8 8 5 2
     -2.24601635679013171207e-03 	 8 8 5 3
     -3.05459841747224118691e-03 	 8 8 5 4
      2.06753105399418574128e-01 	 8 8 5 5
      6.82088557966616397445e-05 	 8 8 6 1
     -1.81288954753134083295e-03 	 8 8 6 2
     -9.70013966579569026499e-04 	 8 8 6 3
     -6.01407727243393006727e-03 	 8 8 6 4
     -4.31899429388004491015e-03 	 8 8 6 5
      2.09007824244767104194e-01 	 8 8 6 6
     -2.48802133675922187983e-02 	 8 8 7 1
      2.86401166685085065491e-03 	 8 8 7 2
     -1.24507354272553154295e-02 	 8 8 7 3
     -7.23532431751737671209e-05 	 8 8 7 4
      2.69383766302250509533e-03 	 8 8 7 5
      1.21240772526515585596e-03 	 8 8 7 6
      1.28464756559933279689e-01 	 8 8 7 7
     -5.65864253571432378187e-03 	 8 8 8 1
      1.16371217439139133798e-02 	 8 8 8 2
     -2.10417798977958038845e-03 	 8 8 8 3
     -1.82177009387418098463e-02 	 8 8 8 4
     -1.60010582361319146638e-02 	 8 8 8 5
      8.36409917606198427542e-03 	 8 8 8 6
      9.84147630762684157840e-04 	 8 8 8 7
      3.81740433383667976397e-01 	 8 8 8 8
     -2.27636252806233940760e+00 	 1 1 0 0
     -2.31355508516463449775e-02 	 1 2 0 0
     -1.71212944649361709093e-01 	 1 3 0 0
     -6.48079409684792096674e-03 	 1 4 0 0
      1.76814305169996521805e-01 	 1 5 0 0
     -1.24225185443490853537e-02 	 1 6 0 0
      1.87458383925642291246e-01 	 1 7 0 0
      5.56877480344580236965e-03 	 1 8 0 0
     -2.31355508516380703465e-02 	 2 1 0 0
     -1.88118954180388087138e+00 	 2 2 0 0
      2.17977829158935015874e-02 	 2 3 0 0
     -3.78547646766741394120e-02 	 2 4 0 0
     -1.65390959938879228419e-01 	 2 5 0 0
      2.17894356438002624599e-02 	 2 6 0 0
     -2.66527880312710102606e-02 	 2 7 0 0
     -1.80502244878189888055e-01 	 2 8 0 0
     -1.71212944649386245022e-01 	 3 1 0 0
      2.17977829159471669929e-02 	 3 2 0 0
     -2.15038925069351760655e+00 	 3 3 0 0
      5.24577287083746127833e-03 	 3 4 0 0
     -9.70662230883303535356e-04 	 3 5 0 0
     -2.14770503347693417218e-02 	 3 6 0 0
     -5.39063320368299014884e-02 	 3 7 0 0
      1.93913287106367506103e-03 	 3 8 0 0
     -6.48079409684191882352e-03 	 4 1 0 0
     -3.78547646766764986359e-02 	 4 2 0 0
      5.24577287083077044988e-03 	 4 3 0 0
     -1.62919451637342449501e+00 	 4 4 0 0
      2.04263880233334065711e-03 	 4 5 0 0
     -1.93292059121477288741e-01 	 4 6 0 0
     -3.79911454424701651444e-03 	 4 7 0 0
      2.02369879611310005130e-01 	 4 8 0 0
      1.76814305170080204865e-01 	 5 1 0 0
     -1.65390959938871956458e-01 	 5 2 0 0
     -9.70662230872597689424e-04 	 5 3 0 0
      2.04263880233232844597e-03 	 5 4 0 0
     -2.00507087440537823397e+00 	 5 5 0 0
      9.33749313461671587300e-03 	 5 6 0 0
     -3.00001006472853026449e-03 	 5 7 0 0
      5.29578403294473643026e-02 	 5 8 0 0
     -1.24225185443554413806e-02 	 6 1 0 0
      2.17894356438039712986e-02 	 6 2 0 0
     -2.14770503347638079539e-02 	 6 3 0 0
     -1.93292059121496273555e-01 	 6 4 0 0
      9.33749313460916635643e-03 	 6 5 0 0
     -1.67747615547906425704e+00 	 6 6 0 0
      2.02966045264437941475e-02 	 6 7 0 0
     -2.01819481603670025649e-02 	 6 8 0 0
      1.87458383925663663039e-01 	 7 1 0 0
     -2.66527880312612611147e-02 	 7 2 0 0
     -5.39063320368433768204e-02 	 7 3 0 0
     -3.79911454424849363148e-03 	 7 4 0 0
     -3.00001006474429933457e-03 	 7 5 0 0
      2.02966045264420281991e-02 	 7 6 0 0
     -2.13172972375957048285e+00 	 7 7 0 0
      4.21533010161732630411e-03 	 7 8 0 0
      5.56877480344585180927e-03 	 8 1 0 0
     -1.80502244878197493083e-01 	 8 2 0 0
      1.93913287106439193551e-03 	 8 3 0 0
      2.02369879611297376343e-01 	 8 4 0 0
      5.29578403294546432023e-02 	 8 5 0 0
     -2.01819481603668499092e-02 	 8 6 0 0
      4.21533010161792131426e-03 	 8 7 0 0
     -1.77410897004117651399e+00 	 8 8 0 0
     -2.99451247214000250096e+03 	 0 0 0 0
