 # Printing electron repulsion integrals in spatial MO basis
      4.55620449099169988472e-01 	 1 1 1 1
      3.52355457010804160034e-02 	 1 1 2 1
      1.90955659071693512052e-01 	 1 1 2 2
     -4.15229206244431900955e-06 	 1 1 3 1
      9.91254069426156968680e-06 	 1 1 3 2
      3.91037067006934080382e-01 	 1 1 3 3
      8.82647202506339592675e-06 	 1 1 4 1
      4.12247432456085290652e-05 	 1 1 4 2
     -3.92897418906317102971e-02 	 1 1 4 3
      1.57536909280806214362e-01 	 1 1 4 4
     -5.31375429122722536812e-02 	 1 1 5 1
     -1.04875832326442553974e-03 	 1 1 5 2
     -5.95769211686004880591e-06 	 1 1 5 3
      1.90947471293690129474e-05 	 1 1 5 4
      3.17755344188351440682e-01 	 1 1 5 5
     -2.41242243478895545324e-05 	 1 1 6 1
     -5.72658640214078868785e-06 	 1 1 6 2
      6.05647812230660290145e-03 	 1 1 6 3
     -3.23379691668871580013e-02 	 1 1 6 4
      7.68468138156031389894e-05 	 1 1 6 5
      1.67846591045793497310e-01 	 1 1 6 6
      2.34748888309447706346e-02 	 1 1 7 1
      1.55072742345125740016e-02 	 1 1 7 2
      2.58369024321810018859e-06 	 1 1 7 3
      7.79541220923888750476e-06 	 1 1 7 4
     -4.59070877183849410108e-02 	 1 1 7 5
     -3.22815571561638003191e-05 	 1 1 7 6
      2.06876129965424232493e-01 	 1 1 7 7
      9.93231372413403909571e-03 	 1 1 8 1
     -5.47718540482177093653e-02 	 1 1 8 2
     -2.36038845656847000217e-06 	 1 1 8 3
     -1.88221715666485091289e-05 	 1 1 8 4
     -8.84248444394747229458e-02 	 1 1 8 5
     -3.61916999374902909905e-05 	 1 1 8 6
     -1.49693100947219156355e-02 	 1 1 8 7
      2.11449336585251779219e-01 	 1 1 8 8
      3.52355457010803951867e-02 	 2 1 1 1
      1.81585895326974756936e-02 	 2 1 2 1
     -2.21621694010790543095e-02 	 2 1 2 2
      3.79839076451951355602e-06 	 2 1 3 1
      6.41455321516158632994e-07 	 2 1 3 2
      4.50526787107264348187e-02 	 2 1 3 3
      5.55889610167391676226e-06 	 2 1 4 1
     -1.20439232434480225496e-05 	 2 1 4 2
     -7.97197689905753716089e-03 	 2 1 4 3
     -2.01714775717639141495e-02 	 2 1 4 4
      2.07190540076844032305e-03 	 2 1 5 1
      8.58884656813816219079e-03 	 2 1 5 2
      2.22576686027573717290e-06 	 2 1 5 3
      7.46641055981235824661e-07 	 2 1 5 4
      1.81164552554064182954e-02 	 2 1 5 5
     -8.06700354290819925823e-07 	 2 1 6 1
      6.11648088189053847270e-06 	 2 1 6 2
      3.60776998341651687630e-03 	 2 1 6 3
      7.13471264629754551440e-03 	 2 1 6 4
      1.40315606666957993256e-05 	 2 1 6 5
     -2.34490732797040211943e-02 	 2 1 6 6
      5.54725939165353655602e-03 	 2 1 7 1
     -2.81223648042842541694e-03 	 2 1 7 2
     -4.76339504701262537388e-07 	 2 1 7 3
     -5.67688273137497592969e-07 	 2 1 7 4
     -1.62167765016157684743e-02 	 2 1 7 5
     -5.57784796855254301956e-06 	 2 1 7 6
     -2.06127851220837161883e-02 	 2 1 7 7
     -1.13285106625995411755e-02 	 2 1 8 1
      6.44525466301460858015e-03 	 2 1 8 2
     -1.44747258297972825487e-06 	 2 1 8 3
      9.71005745733549042404e-07 	 2 1 8 4
     -1.15054646700214289329e-02 	 2 1 8 5
     -6.51744119053280169862e-06 	 2 1 8 6
      1.24067851902394110652e-02 	 2 1 8 7
     -1.72850244148325150884e-02 	 2 1 8 8
      1.90955659071693539808e-01 	 2 2 1 1
     -2.21621694010790751261e-02 	 2 2 2 1
      2.70117392228214903138e-01 	 2 2 2 2
     -6.21985282492799777603e-06 	 2 2 3 1
     -4.97950180178140398962e-07 	 2 2 3 2
      1.65405115535862595744e-01 	 2 2 3 3
     -1.31333171132323214792e-05 	 2 2 4 1
      3.04555858528440803745e-05 	 2 2 4 2
      9.82645751870110661930e-03 	 2 2 4 3
      2.44211481916405986903e-01 	 2 2 4 4
     -1.22197429584430007632e-02 	 2 2 5 1
     -1.53287868262900490307e-02 	 2 2 5 2
     -4.84933070425509740508e-06 	 2 2 5 3
     -7.48332129629645153240e-06 	 2 2 5 4
      2.05704953615949787116e-01 	 2 2 5 5
      1.82948771711290423378e-06 	 2 2 6 1
     -2.08401775093162706758e-05 	 2 2 6 2
     -3.46669246481482590250e-03 	 2 2 6 3
     -1.62990700588147366390e-02 	 2 2 6 4
     -6.69177355254886021760e-06 	 2 2 6 5
      2.39653796891807019387e-01 	 2 2 6 6
     -3.75393315375566584760e-03 	 2 2 7 1
      1.63517447276011508583e-02 	 2 2 7 2
      5.03161777663422847164e-08 	 2 2 7 3
     -6.02324806133605095170e-06 	 2 2 7 4
      1.27815143010645403815e-02 	 2 2 7 5
      2.66260991897088236788e-05 	 2 2 7 6
      2.40617421725775382235e-01 	 2 2 7 7
      1.92717644049043325405e-02 	 2 2 8 1
     -1.18532627466513551528e-02 	 2 2 8 2
      1.28274875646916589384e-06 	 2 2 8 3
      5.75669335200898606999e-06 	 2 2 8 4
      1.35390602581292873730e-02 	 2 2 8 5
      1.29299765034211853066e-05 	 2 2 8 6
     -2.25474403533599092320e-02 	 2 2 8 7
      2.44447257325054734256e-01 	 2 2 8 8
     -4.15229206252143119500e-06 	 3 1 1 1
      3.79839076452199875069e-06 	 3 1 2 1
     -6.21985282492100806015e-06 	 3 1 2 2
      1.13023627022092273964e-01 	 3 1 3 1
      3.33810823653978155923e-02 	 3 1 3 2
      7.35847616845841665450e-06 	 3 1 3 3
     -1.41829846853574539911e-02 	 3 1 4 1
     -1.19148225510326763454e-02 	 3 1 4 2
      1.12359725059247517946e-05 	 3 1 4 3
     -5.56488755453805166438e-06 	 3 1 4 4
     -2.08312900561947043541e-06 	 3 1 5 1
      3.00640483843038964438e-08 	 3 1 5 2
      8.91480064892778700791e-02 	 3 1 5 3
     -1.08555669434256905209e-02 	 3 1 5 4
     -2.03532163682950139896e-08 	 3 1 5 5
      2.27128759477778332035e-03 	 3 1 6 1
      8.62474816106396750814e-03 	 3 1 6 2
      3.85740798821348021032e-05 	 3 1 6 3
     -3.23383560516664541752e-06 	 3 1 6 4
      4.45021057234024736918e-04 	 3 1 6 5
      1.94876488600881949599e-06 	 3 1 6 6
      4.29578469061045046710e-07 	 3 1 7 1
      1.18396433552921170391e-06 	 3 1 7 2
     -2.46372331566980483364e-02 	 3 1 7 3
      8.79242803105992690171e-03 	 3 1 7 4
      2.49309871995057427034e-06 	 3 1 7 5
     -9.76499387461155464452e-03 	 3 1 7 6
     -4.32736334718884470881e-07 	 3 1 7 7
     -8.36575097590271201072e-09 	 3 1 8 1
     -3.32577999099612899316e-06 	 3 1 8 2
     -5.06341386240680077502e-02 	 3 1 8 3
      5.50189991788290616581e-03 	 3 1 8 4
      3.32515597447108331437e-07 	 3 1 8 5
     -6.33750762075122649891e-03 	 3 1 8 6
      2.22751500950731935030e-06 	 3 1 8 7
     -1.28550723691993771530e-06 	 3 1 8 8
      9.91254069423415631250e-06 	 3 2 1 1
      6.41455321517967789490e-07 	 3 2 2 1
     -4.97950180174151614934e-07 	 3 2 2 2
      3.33810823653978502867e-02 	 3 2 3 1
      1.05668213803978647963e-02 	 3 2 3 2
      1.26634173771812180351e-05 	 3 2 3 3
     -4.95506141141763452318e-03 	 3 2 4 1
     -1.43454353044809911153e-04 	 3 2 4 2
     -4.96777586040365179991e-08 	 3 2 4 3
     -5.07081577729719989355e-06 	 3 2 4 4
     -2.30908679422842255414e-07 	 3 2 5 1
     -2.18158558929098263365e-06 	 3 2 5 2
      2.72133402647048230905e-02 	 3 2 5 3
     -3.80999766790603155986e-03 	 3 2 5 4
      3.59320901156226590829e-06 	 3 2 5 5
      1.43731362635010910707e-03 	 3 2 6 1
      4.99780368426008684071e-04 	 3 2 6 2
      1.13316254301215163888e-05 	 3 2 6 3
     -6.24033819334496448730e-06 	 3 2 6 4
      1.93921094483670282231e-03 	 3 2 6 5
      3.20908745655192257336e-06 	 3 2 6 6
     -1.64212986640397954430e-07 	 3 2 7 1
      3.32914108481355609344e-08 	 3 2 7 2
     -7.71823246199025789910e-03 	 3 2 7 3
      1.08001882217876612156e-03 	 3 2 7 4
      4.20024011023430218217e-07 	 3 2 7 5
     -1.39715215567099652200e-04 	 3 2 7 6
      3.22075696605646840604e-06 	 3 2 7 7
     -9.97332338608995071693e-08 	 3 2 8 1
     -5.76943549976428407826e-06 	 3 2 8 2
     -1.52544981912191655177e-02 	 3 2 8 3
      3.28461349719607904191e-03 	 3 2 8 4
     -5.76711665311494107072e-06 	 3 2 8 5
     -4.70673146186473094488e-04 	 3 2 8 6
     -1.83523528614453231616e-06 	 3 2 8 7
      2.58567863943583211021e-06 	 3 2 8 8
      3.91037067006934302427e-01 	 3 3 1 1
      4.50526787107264278798e-02 	 3 3 2 1
      1.65405115535862567988e-01 	 3 3 2 2
      7.35847616839585649508e-06 	 3 3 3 1
      1.26634173771628560549e-05 	 3 3 3 2
      4.57918769492425437040e-01 	 3 3 3 3
      1.30101106188646244865e-05 	 3 3 4 1
      2.79887829473437383407e-05 	 3 3 4 2
     -4.99425038890958308824e-02 	 3 3 4 3
      1.43095372339138493523e-01 	 3 3 4 4
      3.80480132620262048726e-02 	 3 3 5 1
      2.00568863423746142349e-02 	 3 3 5 2
      3.52191151638891979301e-06 	 3 3 5 3
      1.94098591604084396605e-05 	 3 3 5 4
      2.90719694131774730739e-01 	 3 3 5 5
      1.61540696375491195217e-05 	 3 3 6 1
      4.27704858642168322252e-06 	 3 3 6 2
      1.22744927624393665444e-02 	 3 3 6 3
     -2.38617750538318816600e-02 	 3 3 6 4
      7.13129935212206134132e-05 	 3 3 6 5
      1.45782067916498309090e-01 	 3 3 6 6
     -4.82416062562434320993e-03 	 3 3 7 1
      8.09993554103547613345e-04 	 3 3 7 2
     -4.15833833212500098220e-07 	 3 3 7 3
      1.84659031776722354953e-06 	 3 3 7 4
     -4.34873320535092283690e-02 	 3 3 7 5
     -2.55934464687818775215e-05 	 3 3 7 6
      1.72412264461862391185e-01 	 3 3 7 7
     -3.28126502059050279003e-02 	 3 3 8 1
     -4.44706562292585191876e-02 	 3 3 8 2
     -7.72821478765908854752e-06 	 3 3 8 3
     -1.32384219210426264709e-05 	 3 3 8 4
     -8.61204916383302016003e-02 	 3 3 8 5
     -3.65337797542979793872e-05 	 3 3 8 6
      6.86758492477559804104e-04 	 3 3 8 7
      1.86368599770379256286e-01 	 3 3 8 8
      8.82647202507027383428e-06 	 4 1 1 1
      5.55889610167719901493e-06 	 4 1 2 1
     -1.31333171132299548692e-05 	 4 1 2 2
     -1.41829846853574522564e-02 	 4 1 3 1
     -4.95506141141764146207e-03 	 4 1 3 2
      1.30101106188628677402e-05 	 4 1 3 3
      4.75510761174622199193e-03 	 4 1 4 1
     -7.65696994319932551509e-03 	 4 1 4 2
     -5.03819129711688925476e-06 	 4 1 4 3
     -2.79132896623287402976e-06 	 4 1 4 4
      3.88587302325411116288e-06 	 4 1 5 1
      1.71978828082716094947e-07 	 4 1 5 2
     -1.14108436160073375282e-02 	 4 1 5 3
      4.05233896420513668712e-03 	 4 1 5 4
      6.56703451029443459233e-06 	 4 1 5 5
     -2.18893924360045923766e-03 	 4 1 6 1
      5.92805381833651050261e-03 	 4 1 6 2
     -3.64800942300416955775e-06 	 4 1 6 3
      4.76634807014220041510e-06 	 4 1 6 4
     -6.09311896289594420034e-03 	 4 1 6 5
     -7.32991582842647869340e-06 	 4 1 6 6
      1.07030713599241227250e-06 	 4 1 7 1
     -6.44153449226986114288e-07 	 4 1 7 2
      3.88397083373909820375e-03 	 4 1 7 3
      4.04176494156721719669e-03 	 4 1 7 4
     -1.37763973357008660886e-06 	 4 1 7 5
     -9.36290179058209444396e-03 	 4 1 7 6
     -5.21554480969441846454e-06 	 4 1 7 7
     -4.76324047370676614089e-06 	 4 1 8 1
     -3.89082083313846008809e-07 	 4 1 8 2
      6.77325947113354472767e-03 	 4 1 8 3
     -6.77280927208162228381e-03 	 4 1 8 4
     -1.80581920985461394086e-06 	 4 1 8 5
     -4.64622085084402842992e-03 	 4 1 8 6
      7.39789206750907363654e-06 	 4 1 8 7
     -8.45181927681944525094e-06 	 4 1 8 8
      4.12247432456209906139e-05 	 4 2 1 1
     -1.20439232434515953345e-05 	 4 2 2 1
      3.04555858528696404407e-05 	 4 2 2 2
     -1.19148225510326780802e-02 	 4 2 3 1
     -1.43454353044808149325e-04 	 4 2 3 2
      2.79887829473326455972e-05 	 4 2 3 3
     -7.65696994319932031092e-03 	 4 2 4 1
      3.46999894741955930422e-02 	 4 2 4 2
     -1.28621124962043327983e-05 	 4 2 4 3
      1.54203186631908958397e-06 	 4 2 4 4
     -5.35613990364155192835e-06 	 4 2 5 1
     -1.52875828689528486131e-05 	 4 2 5 2
     -9.19810500627151091113e-03 	 4 2 5 3
     -7.91402357051800529886e-03 	 4 2 5 4
      6.77908151450976019520e-06 	 4 2 5 5
      5.99750722757521823048e-03 	 4 2 6 1
     -2.32191998576701252865e-02 	 4 2 6 2
     -8.39694480190468477566e-06 	 4 2 6 3
     -2.67545138869249311798e-05 	 4 2 6 4
      1.94790426214381980075e-02 	 4 2 6 5
      3.94937396798783179057e-05 	 4 2 6 6
     -4.82636346582423526366e-07 	 4 2 7 1
     -4.93845409894272348636e-06 	 4 2 7 2
      4.70082431538996516063e-04 	 4 2 7 3
     -1.93332084309067696315e-02 	 4 2 7 4
      2.71544707999927025652e-06 	 4 2 7 5
      3.51943165549168657247e-02 	 4 2 7 6
      2.92302257655002985996e-05 	 4 2 7 7
      4.67054488050576143305e-06 	 4 2 8 1
     -1.79732280446238158473e-05 	 4 2 8 2
      5.01170945551657458922e-03 	 4 2 8 3
      1.96132694095828737091e-02 	 4 2 8 4
     -2.51494700956283036113e-05 	 4 2 8 5
      1.62246208770440956959e-02 	 4 2 8 6
     -1.90118600840017386170e-05 	 4 2 8 7
      3.57400908303116625992e-05 	 4 2 8 8
     -3.92897418906317102971e-02 	 4 3 1 1
     -7.97197689905753542616e-03 	 4 3 2 1
      9.82645751870109794568e-03 	 4 3 2 2
      1.12359725059201727345e-05 	 4 3 3 1
     -4.96777586018479039774e-08 	 4 3 3 2
     -4.99425038890958447602e-02 	 4 3 3 3
     -5.03819129711615572423e-06 	 4 3 4 1
     -1.28621124962085662689e-05 	 4 3 4 2
      1.23458738827770184154e-02 	 4 3 4 3
      1.50371862955969732428e-02 	 4 3 4 4
     -6.56993081615334963141e-03 	 4 3 5 1
     -9.77543893896902884103e-04 	 4 3 5 2
      9.99985149917455411206e-06 	 4 3 5 3
     -5.91424059556447465346e-06 	 4 3 5 4
     -1.70792040091956830172e-02 	 4 3 5 5
     -1.89118537787048919003e-06 	 4 3 6 1
     -2.80820288975964737458e-06 	 4 3 6 2
     -1.51781986935473197850e-03 	 4 3 6 3
      5.74000065017174748022e-03 	 4 3 6 4
     -1.35096241952878971793e-05 	 4 3 6 5
      6.81068985116532570057e-03 	 4 3 6 6
      8.75782076022792632837e-04 	 4 3 7 1
      2.71122647288043311896e-04 	 4 3 7 2
     -2.91692321517785448470e-06 	 4 3 7 3
      8.56991583797934442262e-07 	 4 3 7 4
      6.59271371978466854541e-03 	 4 3 7 5
      6.66854271497227981248e-06 	 4 3 7 6
      2.05954586511504890781e-03 	 4 3 7 7
      6.21102660552459977933e-03 	 4 3 8 1
      1.16306090558736096446e-02 	 4 3 8 2
     -3.85104700276531469044e-06 	 4 3 8 3
      6.25851057716354684048e-06 	 4 3 8 4
      1.90736256693608795254e-02 	 4 3 8 5
      6.86988597581821065926e-06 	 4 3 8 6
     -6.15912499089340962147e-04 	 4 3 8 7
      1.89480851267209032297e-03 	 4 3 8 8
      1.57536909280806131095e-01 	 4 4 1 1
     -2.01714775717639280272e-02 	 4 4 2 1
      2.44211481916406264459e-01 	 4 4 2 2
     -5.56488755455615529956e-06 	 4 4 3 1
     -5.07081577730371103581e-06 	 4 4 3 2
      1.43095372339138632301e-01 	 4 4 3 3
     -2.79132896624097251177e-06 	 4 4 4 1
      1.54203186634513245896e-06 	 4 4 4 2
      1.50371862955969645692e-02 	 4 4 4 3
      2.66491052837690312050e-01 	 4 4 4 4
     -5.18062148148644343454e-03 	 4 4 5 1
     -1.62352914535579401223e-02 	 4 4 5 2
     -4.20672634373075083372e-06 	 4 4 5 3
     -5.52835885297866833028e-06 	 4 4 5 4
      1.85519636803812504322e-01 	 4 4 5 5
      5.72806632025360342223e-07 	 4 4 6 1
     -5.12299043603796438421e-06 	 4 4 6 2
     -3.62761970802460932337e-03 	 4 4 6 3
     -1.62574529599387291277e-03 	 4 4 6 4
     -2.99083761818002984471e-05 	 4 4 6 5
      2.56098792029030020156e-01 	 4 4 6 6
      9.30385685904221051805e-04 	 4 4 7 1
     -5.39505177919624191729e-03 	 4 4 7 2
      5.53862883453458916525e-07 	 4 4 7 3
     -6.15893471702417353848e-06 	 4 4 7 4
      2.36633150764119365439e-02 	 4 4 7 5
     -6.02069947548965822048e-07 	 4 4 7 6
      2.30408817928385967200e-01 	 4 4 7 7
      7.21206678245461807464e-03 	 4 4 8 1
      1.10643206392672579369e-02 	 4 4 8 2
      2.94501930801552984056e-06 	 4 4 8 3
     -4.42266937354339174465e-06 	 4 4 8 4
      2.46632896835800759228e-02 	 4 4 8 5
      4.21044113969400014374e-06 	 4 4 8 6
     -6.37865592369732847984e-04 	 4 4 8 7
      2.34906723864760330622e-01 	 4 4 8 8
     -5.31375429122723091924e-02 	 5 1 1 1
      2.07190540076843425152e-03 	 5 1 2 1
     -1.22197429584429660687e-02 	 5 1 2 2
     -2.08312900558989712709e-06 	 5 1 3 1
     -2.30908679417079837334e-07 	 5 1 3 2
      3.80480132620261771170e-02 	 5 1 3 3
      3.88587302325444319980e-06 	 5 1 4 1
     -5.35613990365382374169e-06 	 5 1 4 2
     -6.56993081615335396822e-03 	 5 1 4 3
     -5.18062148148644950607e-03 	 5 1 4 4
      6.62683099866237801390e-02 	 5 1 5 1
      1.14912669556111787100e-02 	 5 1 5 2
     -8.43199143375245331239e-07 	 5 1 5 3
      3.25176779245991940005e-06 	 5 1 5 4
     -2.57714653976352965625e-02 	 5 1 5 5
      2.83367506627112386011e-05 	 5 1 6 1
      6.32509343925199254884e-06 	 5 1 6 2
      3.23633250766818631947e-03 	 5 1 6 3
      1.25734376529183956980e-04 	 5 1 6 4
     -9.37665642219254164653e-06 	 5 1 6 5
     -8.51577134255471560054e-03 	 5 1 6 6
     -2.11229702223460040489e-02 	 5 1 7 1
     -1.18694038932608356834e-02 	 5 1 7 2
      1.50393467763615410903e-07 	 5 1 7 3
     -2.11337599187748696289e-06 	 5 1 7 4
      7.35476388938913813037e-03 	 5 1 7 5
      3.33014681649637961329e-06 	 5 1 7 6
     -1.80583649549995728378e-02 	 5 1 7 7
     -2.83688965769753644042e-02 	 5 1 8 1
      4.12646181202542400301e-03 	 5 1 8 2
      3.51074361410579498084e-07 	 5 1 8 3
      2.25214207805416009669e-06 	 5 1 8 4
      3.46262115889663405974e-03 	 5 1 8 5
      4.44297529415615890797e-07 	 5 1 8 6
      6.51138277302480694697e-03 	 5 1 8 7
     -1.48104679974683656196e-02 	 5 1 8 8
     -1.04875832326443789964e-03 	 5 2 1 1
      8.58884656813816739496e-03 	 5 2 2 1
     -1.53287868262900351529e-02 	 5 2 2 2
      3.00640483881188269591e-08 	 5 2 3 1
     -2.18158558929173522243e-06 	 5 2 3 2
      2.00568863423745968877e-02 	 5 2 3 3
      1.71978828080125603497e-07 	 5 2 4 1
     -1.52875828689412442617e-05 	 5 2 4 2
     -9.77543893896908521954e-04 	 5 2 4 3
     -1.62352914535579817557e-02 	 5 2 4 4
      1.14912669556111630975e-02 	 5 2 5 1
      1.90847870151539499017e-02 	 5 2 5 2
      3.49448811220733898113e-07 	 5 2 5 3
     -2.66730782688388107929e-06 	 5 2 5 4
     -7.91632673935395349968e-05 	 5 2 5 5
      4.96169836894818591541e-06 	 5 2 6 1
     -4.40925746679381974066e-06 	 5 2 6 2
      3.55017974362938993141e-03 	 5 2 6 3
      1.07433356925785584296e-02 	 5 2 6 4
      9.49533679490644195282e-06 	 5 2 6 5
     -2.73590360299504342656e-02 	 5 2 6 6
     -4.68551525716152158368e-03 	 5 2 7 1
      6.14127989537095720328e-04 	 5 2 7 2
      2.03235666185646706104e-08 	 5 2 7 3
      1.27558984059413125415e-06 	 5 2 7 4
     -9.74507196534358730022e-03 	 5 2 7 5
      4.77985159655345210391e-06 	 5 2 7 6
     -2.21485620224287360625e-02 	 5 2 7 7
     -6.30848323783270072823e-03 	 5 2 8 1
      6.78239184777647621805e-03 	 5 2 8 2
      3.55542124765546096160e-07 	 5 2 8 3
      3.55001940666361916942e-06 	 5 2 8 4
     -4.42665483206154089686e-04 	 5 2 8 5
      1.06979351946061779331e-06 	 5 2 8 6
      2.28764294399005918557e-03 	 5 2 8 7
     -1.05598011222190982933e-02 	 5 2 8 8
     -5.95769211689884291489e-06 	 5 3 1 1
      2.22576686028513669752e-06 	 5 3 2 1
     -4.84933070426095040275e-06 	 5 3 2 2
      8.91480064892778839569e-02 	 5 3 3 1
      2.72133402647048543155e-02 	 5 3 3 2
      3.52191151627730795562e-06 	 5 3 3 3
     -1.14108436160073427323e-02 	 5 3 4 1
     -9.19810500627152305420e-03 	 5 3 4 2
      9.99985149917461001623e-06 	 5 3 4 3
     -4.20672634374351223210e-06 	 5 3 4 4
     -8.43199143395132076654e-07 	 5 3 5 1
      3.49448811214307035626e-07 	 5 3 5 2
      7.69310552117041246412e-02 	 5 3 5 3
     -8.90024792364866798589e-03 	 5 3 5 4
     -1.80625870171559034993e-06 	 5 3 5 5
      2.33004628291176400789e-03 	 5 3 6 1
      6.63497184529682204612e-03 	 5 3 6 2
      3.31577804368894855599e-05 	 5 3 6 3
     -3.77255487158619844543e-06 	 5 3 6 4
      5.67676476765650210934e-04 	 5 3 6 5
      1.16860652470949139036e-06 	 5 3 6 6
     -1.44375880921017976424e-07 	 5 3 7 1
      8.85309376369591964718e-07 	 5 3 7 2
     -2.19577200391036370108e-02 	 5 3 7 3
      7.16910337772788761740e-03 	 5 3 7 4
      2.63123197557222194987e-06 	 5 3 7 5
     -8.01388802312847162157e-03 	 5 3 7 6
     -6.57511931297229081934e-07 	 5 3 7 7
      1.82822698913244941995e-07 	 5 3 8 1
     -2.73289071363172162023e-06 	 5 3 8 2
     -4.25787319926693094696e-02 	 5 3 8 3
      4.89182214192567920569e-03 	 5 3 8 4
      1.08031795260890822646e-06 	 5 3 8 5
     -4.80325584502719598462e-03 	 5 3 8 6
      8.07195938879130583165e-07 	 5 3 8 7
     -1.36917504681489891064e-06 	 5 3 8 8
      1.90947471293929873679e-05 	 5 4 1 1
      7.46641055977366472279e-07 	 5 4 2 1
     -7.48332129627426435138e-06 	 5 4 2 2
     -1.08555669434256939904e-02 	 5 4 3 1
     -3.80999766790602809041e-03 	 5 4 3 2
      1.94098591604238929296e-05 	 5 4 3 3
      4.05233896420514015657e-03 	 5 4 4 1
     -7.91402357051801570720e-03 	 5 4 4 2
     -5.91424059556648550967e-06 	 5 4 4 3
     -5.52835885296473379127e-06 	 5 4 4 4
      3.25176779246290815581e-06 	 5 4 5 1
     -2.66730782687612564562e-06 	 5 4 5 2
     -8.90024792364867319006e-03 	 5 4 5 3
      9.58325653676442811013e-03 	 5 4 5 4
      8.60996901602504929331e-06 	 5 4 5 5
     -3.86357612350890586989e-03 	 5 4 6 1
      9.79841593968392918224e-03 	 5 4 6 2
     -4.15433945296749007771e-06 	 5 4 6 3
     -1.26895990226192222381e-05 	 5 4 6 4
     -3.37919609014659212340e-03 	 5 4 6 5
     -1.22676814044004727000e-06 	 5 4 6 6
     -7.47967187832226765136e-07 	 5 4 7 1
      9.85666280049234838749e-08 	 5 4 7 2
      3.15811503667928978115e-03 	 5 4 7 3
      1.04717740115619090818e-02 	 5 4 7 4
      1.56539499545679007609e-06 	 5 4 7 5
     -6.19909481428135896580e-03 	 5 4 7 6
      3.77253749880644625935e-06 	 5 4 7 7
      1.03677855228347681940e-06 	 5 4 8 1
     -1.10952197738395110074e-05 	 5 4 8 2
      5.97262851065078707175e-03 	 5 4 8 3
      2.00835345382767123737e-03 	 5 4 8 4
     -1.01759279651037132171e-05 	 5 4 8 5
      5.32602242972717715430e-03 	 5 4 8 6
     -4.10389266579905167675e-06 	 5 4 8 7
      1.91979751509411172374e-07 	 5 4 8 8
      3.17755344188350830059e-01 	 5 5 1 1
      1.81164552554064356427e-02 	 5 5 2 1
      2.05704953615949759360e-01 	 5 5 2 2
     -2.03532163587770470363e-08 	 5 5 3 1
      3.59320901155855844508e-06 	 5 5 3 2
      2.90719694131774786250e-01 	 5 5 3 3
      6.56703451030051798295e-06 	 5 5 4 1
      6.77908151450072574178e-06 	 5 5 4 2
     -1.70792040091957142423e-02 	 5 5 4 3
      1.85519636803812587589e-01 	 5 5 4 4
     -2.57714653976352722764e-02 	 5 5 5 1
     -7.91632673935665587359e-05 	 5 5 5 2
     -1.80625870177095115281e-06 	 5 5 5 3
      8.60996901603345016608e-06 	 5 5 5 4
      2.64343657294660638879e-01 	 5 5 5 5
     -1.22013244274087460819e-05 	 5 5 6 1
      6.15443821080307893541e-06 	 5 5 6 2
      3.81479717484671390984e-03 	 5 5 6 3
     -1.09155542320460291483e-02 	 5 5 6 4
      2.85276628883958774700e-05 	 5 5 6 5
      1.85855641456977277448e-01 	 5 5 6 6
      1.15149649802325660525e-02 	 5 5 7 1
      1.04686949382437714806e-02 	 5 5 7 2
      1.52822895332559558119e-06 	 5 5 7 3
      6.89959545011598696172e-06 	 5 5 7 4
     -2.59076607937294041417e-02 	 5 5 7 5
     -2.21434246196049747341e-05 	 5 5 7 6
      2.00667669117046365557e-01 	 5 5 7 7
      3.65937285525173633047e-03 	 5 5 8 1
     -1.96499322349529166598e-02 	 5 5 8 2
     -1.25647989160286740240e-06 	 5 5 8 3
     -1.29156550854750629609e-05 	 5 5 8 4
     -3.68033163359703721640e-02 	 5 5 8 5
     -2.18335428836993621397e-05 	 5 5 8 6
     -3.14650728233152165297e-03 	 5 5 8 7
      2.09684452821286199109e-01 	 5 5 8 8
     -2.41242243478937592040e-05 	 6 1 1 1
     -8.06700354289645197004e-07 	 6 1 2 1
      1.82948771711244408314e-06 	 6 1 2 2
      2.27128759477778115194e-03 	 6 1 3 1
      1.43731362635010823971e-03 	 6 1 3 2
      1.61540696375551029625e-05 	 6 1 3 3
     -2.18893924360045706926e-03 	 6 1 4 1
      5.99750722757521649575e-03 	 6 1 4 2
     -1.89118537787109248924e-06 	 6 1 4 3
      5.72806632015896125466e-07 	 6 1 4 4
      2.83367506627138000287e-05 	 6 1 5 1
      4.96169836894945138263e-06 	 6 1 5 2
      2.33004628291176574262e-03 	 6 1 5 3
     -3.86357612350890283412e-03 	 6 1 5 4
     -1.22013244274165116800e-05 	 6 1 5 5
      2.50843434456649331740e-03 	 6 1 6 1
     -6.52447287435409077616e-03 	 6 1 6 2
      2.18999065936465688836e-06 	 6 1 6 3
     -1.28354546063131273800e-06 	 6 1 6 4
      2.87281817709884651144e-03 	 6 1 6 5
     -1.75800018470715199221e-06 	 6 1 6 6
     -9.88555719635371080026e-06 	 6 1 7 1
     -5.09118830978725391825e-06 	 6 1 7 2
     -1.08183164073874429206e-03 	 6 1 7 3
     -5.71601694809175525647e-03 	 6 1 7 4
      2.50434494985519347097e-06 	 6 1 7 5
      4.75824493965117285843e-03 	 6 1 7 6
     -5.23838319293560857710e-06 	 6 1 7 7
     -1.17930825305025604793e-05 	 6 1 8 1
      1.68501746133805983374e-06 	 6 1 8 2
     -1.58396786020578088199e-03 	 6 1 8 3
     -1.75898821357499987421e-04 	 6 1 8 4
      1.02089014778696812910e-06 	 6 1 8 5
     -5.50918717474901281118e-04 	 6 1 8 6
     -1.09253435372428179717e-07 	 6 1 8 7
     -4.12056658332881014064e-06 	 6 1 8 8
     -5.72658640212652211192e-06 	 6 2 1 1
      6.11648088188783304946e-06 	 6 2 2 1
     -2.08401775093255101111e-05 	 6 2 2 2
      8.62474816106397618176e-03 	 6 2 3 1
      4.99780368426010527215e-04 	 6 2 3 2
      4.27704858640280370516e-06 	 6 2 3 3
      5.92805381833650790052e-03 	 6 2 4 1
     -2.32191998576701079393e-02 	 6 2 4 2
     -2.80820288975637782740e-06 	 6 2 4 3
     -5.12299043600612865088e-06 	 6 2 4 4
      6.32509343924930914847e-06 	 6 2 5 1
     -4.40925746680440849954e-06 	 6 2 5 2
      6.63497184529683679127e-03 	 6 2 5 3
      9.79841593968392571279e-03 	 6 2 5 4
      6.15443821082802913791e-06 	 6 2 5 5
     -6.52447287435408990880e-03 	 6 2 6 1
      2.36105704704023568186e-02 	 6 2 6 2
      3.59908165459265045355e-06 	 6 2 6 3
      1.77402090107061962126e-05 	 6 2 6 4
     -1.32334698270996121983e-02 	 6 2 6 5
      1.83404577806861959415e-06 	 6 2 6 6
     -2.56591644058385832171e-06 	 6 2 7 1
      1.11945053263309639134e-05 	 6 2 7 2
     -2.49078816225653983378e-05 	 6 2 7 3
      1.97361044960195144982e-02 	 6 2 7 4
      4.46989020529579249568e-06 	 6 2 7 5
     -2.35811268684574318333e-02 	 6 2 7 6
     -2.16788254039194947109e-06 	 6 2 7 7
     -5.02630429862131537214e-06 	 6 2 8 1
     -1.29157141250249584144e-06 	 6 2 8 2
     -2.85910062561995238078e-03 	 6 2 8 3
     -4.95149772517525059434e-03 	 6 2 8 4
      6.92738923310491705926e-06 	 6 2 8 5
     -4.72517655839351478908e-03 	 6 2 8 6
      1.76328799556264482107e-05 	 6 2 8 7
     -1.13759948839006222375e-08 	 6 2 8 8
      6.05647812230659769728e-03 	 6 3 1 1
      3.60776998341651687630e-03 	 6 3 2 1
     -3.46669246481481679520e-03 	 6 3 2 2
      3.85740798821361912372e-05 	 6 3 3 1
      1.13316254301220483255e-05 	 6 3 3 2
      1.22744927624393908305e-02 	 6 3 3 3
     -3.64800942300497169795e-06 	 6 3 4 1
     -8.39694480190184890935e-06 	 6 3 4 2
     -1.51781986935472829221e-03 	 6 3 4 3
     -3.62761970802460802232e-03 	 6 3 4 4
      3.23633250766819065627e-03 	 6 3 5 1
      3.55017974362938993141e-03 	 6 3 5 2
      3.31577804368898175968e-05 	 6 3 5 3
     -4.15433945296750955947e-06 	 6 3 5 4
      3.81479717484671130776e-03 	 6 3 5 5
      2.18999065936391022882e-06 	 6 3 6 1
      3.59908165459284230651e-06 	 6 3 6 2
      1.24453261777056063513e-03 	 6 3 6 3
      1.87954258548070005097e-03 	 6 3 6 4
      2.55840149975925108242e-06 	 6 3 6 5
     -6.52206398327110671576e-03 	 6 3 6 6
     -4.72044475968455968899e-04 	 6 3 7 1
      1.20250357141118079888e-04 	 6 3 7 2
     -9.21968543188918235516e-06 	 6 3 7 3
      3.55914471195627439158e-06 	 6 3 7 4
     -3.82345038999912451363e-03 	 6 3 7 5
     -5.64191682666827678784e-06 	 6 3 7 6
     -4.74220307673798441295e-03 	 6 3 7 7
     -2.84726831007665447809e-03 	 6 3 8 1
      7.38110838980646395691e-04 	 6 3 8 2
     -1.83925864484422975852e-05 	 6 3 8 3
      9.40672193390735748781e-07 	 6 3 8 4
     -2.40052094149360330244e-03 	 6 3 8 5
     -4.99099744528048235460e-06 	 6 3 8 6
      1.27137497656763971687e-03 	 6 3 8 7
     -2.68669023200314742092e-03 	 6 3 8 8
     -3.23379691668871441235e-02 	 6 4 1 1
      7.13471264629754291231e-03 	 6 4 2 1
     -1.62990700588147192918e-02 	 6 4 2 2
     -3.23383560516098977853e-06 	 6 4 3 1
     -6.24033819334576916860e-06 	 6 4 3 2
     -2.38617750538318955378e-02 	 6 4 3 3
      4.76634807013325151201e-06 	 6 4 4 1
     -2.67545138868874516659e-05 	 6 4 4 2
      5.74000065017174748022e-03 	 6 4 4 3
     -1.62574529599387594854e-03 	 6 4 4 4
      1.25734376529188673259e-04 	 6 4 5 1
      1.07433356925785428171e-02 	 6 4 5 2
     -3.77255487157758454388e-06 	 6 4 5 3
     -1.26895990226452498665e-05 	 6 4 5 4
     -1.09155542320460395567e-02 	 6 4 5 5
     -1.28354546063656730689e-06 	 6 4 6 1
      1.77402090107262573409e-05 	 6 4 6 2
      1.87954258548069441312e-03 	 6 4 6 3
      4.68217848738180716928e-02 	 6 4 6 4
     -1.04287040119651839150e-05 	 6 4 6 5
     -2.74687482119351797719e-03 	 6 4 6 6
     -2.26891796809553349459e-03 	 6 4 7 1
      1.21443658563687179736e-02 	 6 4 7 2
      1.05642070395744092763e-06 	 6 4 7 3
     -6.02248909168463541261e-06 	 6 4 7 4
     -5.64995715146192432204e-03 	 6 4 7 5
      4.02206651023853703318e-06 	 6 4 7 6
     -2.04992238180749276888e-02 	 6 4 7 7
     -7.44656499749397470661e-03 	 6 4 8 1
      2.23549998089260758272e-02 	 6 4 8 2
      2.64403746362746174407e-06 	 6 4 8 3
     -1.20006596657544364132e-06 	 6 4 8 4
      2.28736268494222835801e-02 	 6 4 8 5
      1.39389670863739939592e-05 	 6 4 8 6
      2.44065702568679286644e-02 	 6 4 8 7
      5.04446441069568689980e-03 	 6 4 8 8
      7.68468138156055106816e-05 	 6 5 1 1
      1.40315606667001378284e-05 	 6 5 2 1
     -6.69177355258867076612e-06 	 6 5 2 2
      4.45021057234023815347e-04 	 6 5 3 1
      1.93921094483670303915e-03 	 6 5 3 2
      7.13129935212196511838e-05 	 6 5 3 3
     -6.09311896289593986353e-03 	 6 5 4 1
      1.94790426214381806602e-02 	 6 5 4 2
     -1.35096241952912954755e-05 	 6 5 4 3
     -2.99083761818521131465e-05 	 6 5 4 4
     -9.37665642219940938967e-06 	 6 5 5 1
      9.49533679489266750303e-06 	 6 5 5 2
      5.67676476765651186716e-04 	 6 5 5 3
     -3.37919609014659515916e-03 	 6 5 5 4
      2.85276628884285221198e-05 	 6 5 5 5
      2.87281817709884781248e-03 	 6 5 6 1
     -1.32334698270995913816e-02 	 6 5 6 2
      2.55840149975710088928e-06 	 6 5 6 3
     -1.04287040119624513867e-05 	 6 5 6 4
      1.55769920833470267713e-02 	 6 5 6 5
     -1.50657859469305845714e-05 	 6 5 6 6
      5.80799805222293763789e-06 	 6 5 7 1
     -9.16288833398539334642e-07 	 6 5 7 2
     -1.83290679415994183302e-03 	 6 5 7 3
     -8.28142396928898197328e-03 	 6 5 7 4
     -2.34919017953213898919e-05 	 6 5 7 5
      2.67450588213752130096e-02 	 6 5 7 6
     -1.12558911188905783366e-05 	 6 5 7 7
     -2.96429104021958126478e-06 	 6 5 8 1
     -6.48859866341050343512e-06 	 6 5 8 2
     -7.28003050345270882708e-04 	 6 5 8 3
      1.72938892882236149029e-02 	 6 5 8 4
     -3.37788011128025203716e-05 	 6 5 8 5
      1.66626901708575719807e-02 	 6 5 8 6
     -5.07886593255303740968e-06 	 6 5 8 7
      4.10051406916686894400e-06 	 6 5 8 8
      1.67846591045793414043e-01 	 6 6 1 1
     -2.34490732797040211943e-02 	 6 6 2 1
      2.39653796891806963876e-01 	 6 6 2 2
      1.94876488597333982693e-06 	 6 6 3 1
      3.20908745654649393920e-06 	 6 6 3 2
      1.45782067916498309090e-01 	 6 6 3 3
     -7.32991582841454399918e-06 	 6 6 4 1
      3.94937396799017976590e-05 	 6 6 4 2
      6.81068985116532656793e-03 	 6 6 4 3
      2.56098792029030186690e-01 	 6 6 4 4
     -8.51577134255472947832e-03 	 6 6 5 1
     -2.73590360299503718156e-02 	 6 6 5 2
      1.16860652469381979853e-06 	 6 6 5 3
     -1.22676814046988718194e-06 	 6 6 5 4
      1.85855641456977166426e-01 	 6 6 5 5
     -1.75800018470603115586e-06 	 6 6 6 1
      1.83404577807090573607e-06 	 6 6 6 2
     -6.52206398327110671576e-03 	 6 6 6 3
     -2.74687482119358433036e-03 	 6 6 6 4
     -1.50657859469301000686e-05 	 6 6 6 5
      2.77058546713639164416e-01 	 6 6 6 6
      1.46552084286743199306e-05 	 6 6 7 1
     -1.90447977473706046674e-03 	 6 6 7 2
     -2.89891248774441911900e-06 	 6 6 7 3
     -5.72234148304212132051e-06 	 6 6 7 4
      3.09132259359001584920e-02 	 6 6 7 5
      2.15369317454565616218e-05 	 6 6 7 6
      2.42397668099291363486e-01 	 6 6 7 7
      9.11285712592049997050e-03 	 6 6 8 1
     -3.10509815354030604961e-03 	 6 6 8 2
     -2.97145735270024143279e-06 	 6 6 8 3
      1.36843365280408650494e-05 	 6 6 8 4
      1.85807789665041397931e-02 	 6 6 8 5
      3.33962490030310544414e-05 	 6 6 8 6
      3.59969235534765737150e-03 	 6 6 8 7
      2.43142253434999761064e-01 	 6 6 8 8
      2.34748888309447983902e-02 	 7 1 1 1
      5.54725939165354349492e-03 	 7 1 2 1
     -3.75393315375566931705e-03 	 7 1 2 2
      4.29578469046721825451e-07 	 7 1 3 1
     -1.64212986646272127919e-07 	 7 1 3 2
     -4.82416062562434234257e-03 	 7 1 3 3
      1.07030713599294886788e-06 	 7 1 4 1
     -4.82636346584536661811e-07 	 7 1 4 2
      8.75782076022788729709e-04 	 7 1 4 3
      9.30385685904215522374e-04 	 7 1 4 4
     -2.11229702223459762933e-02 	 7 1 5 1
     -4.68551525716151811424e-03 	 7 1 5 2
     -1.44375880919746341742e-07 	 7 1 5 3
     -7.47967187831646018171e-07 	 7 1 5 4
      1.15149649802325764608e-02 	 7 1 5 5
     -9.88555719635330253038e-06 	 7 1 6 1
     -2.56591644058258734878e-06 	 7 1 6 2
     -4.72044475968454776277e-04 	 7 1 6 3
     -2.26891796809554130085e-03 	 7 1 6 4
      5.80799805222072010563e-06 	 7 1 6 5
      1.46552084286814400895e-05 	 7 1 6 6
      1.30099555557918519083e-02 	 7 1 7 1
     -4.79948121127888368415e-03 	 7 1 7 2
     -2.70196387722558220262e-07 	 7 1 7 3
     -2.55252381864592055993e-06 	 7 1 7 4
     -5.35776247412194251557e-03 	 7 1 7 5
     -5.17320811039319593564e-07 	 7 1 7 6
     -4.61415503838621282075e-04 	 7 1 7 7
      3.18350955497738279110e-03 	 7 1 8 1
      6.80257453794468058828e-03 	 7 1 8 2
      4.30043371169166565455e-07 	 7 1 8 3
      3.66835292306308395451e-06 	 7 1 8 4
     -2.46436136873138004685e-03 	 7 1 8 5
     -2.01281076949939624534e-06 	 7 1 8 6
      5.59641898680897018070e-03 	 7 1 8 7
     -6.68646655878128281375e-03 	 7 1 8 8
      1.55072742345125653279e-02 	 7 2 1 1
     -2.81223648042844926939e-03 	 7 2 2 1
      1.63517447276011924917e-02 	 7 2 2 2
      1.18396433553071455212e-06 	 7 2 3 1
      3.32914108503502675413e-08 	 7 2 3 2
      8.09993554103523110375e-04 	 7 2 3 3
     -6.44153449222212130718e-07 	 7 2 4 1
     -4.93845409893596501048e-06 	 7 2 4 2
      2.71122647288046022401e-04 	 7 2 4 3
     -5.39505177919621329435e-03 	 7 2 4 4
     -1.18694038932608166015e-02 	 7 2 5 1
      6.14127989537118271733e-04 	 7 2 5 2
      8.85309376368052058820e-07 	 7 2 5 3
      9.85666280129287922594e-08 	 7 2 5 4
      1.04686949382436830097e-02 	 7 2 5 5
     -5.09118830978392931393e-06 	 7 2 6 1
      1.11945053263133490162e-05 	 7 2 6 2
      1.20250357141121806833e-04 	 7 2 6 3
      1.21443658563687387902e-02 	 7 2 6 4
     -9.16288833374507739379e-07 	 7 2 6 5
     -1.90447977473710491902e-03 	 7 2 6 6
     -4.79948121127887934734e-03 	 7 2 7 1
      2.65082561013140691197e-02 	 7 2 7 2
      8.42704645408334477197e-07 	 7 2 7 3
      9.32750347564200190905e-06 	 7 2 7 4
     -6.51341186757154605447e-03 	 7 2 7 5
     -4.77747053005706294947e-06 	 7 2 7 6
      9.21091893296966182647e-03 	 7 2 7 7
      1.02941651567052816496e-02 	 7 2 8 1
     -1.29543529406479888955e-02 	 7 2 8 2
     -1.02934795575475551943e-06 	 7 2 8 3
     -9.70577446575451695124e-06 	 7 2 8 4
      6.02366228328265920604e-04 	 7 2 8 5
      4.49774433364051269069e-06 	 7 2 8 6
     -8.02037805609420728636e-03 	 7 2 8 7
      2.19670050542275889505e-02 	 7 2 8 8
      2.58369024324376105173e-06 	 7 3 1 1
     -4.76339504701189057280e-07 	 7 3 2 1
      5.03161777530973694865e-08 	 7 3 2 2
     -2.46372331566980309892e-02 	 7 3 3 1
     -7.71823246199025096020e-03 	 7 3 3 2
     -4.15833833166715743959e-07 	 7 3 3 3
      3.88397083373909560167e-03 	 7 3 4 1
      4.70082431538999931300e-04 	 7 3 4 2
     -2.91692321517642088143e-06 	 7 3 4 3
      5.53862883457785454940e-07 	 7 3 4 4
      1.50393467764630262253e-07 	 7 3 5 1
      2.03235666169938910231e-08 	 7 3 5 2
     -2.19577200391036300720e-02 	 7 3 5 3
      3.15811503667928631170e-03 	 7 3 5 4
      1.52822895331478680551e-06 	 7 3 5 5
     -1.08183164073874299102e-03 	 7 3 6 1
     -2.49078816225664757638e-05 	 7 3 6 2
     -9.21968543189045290458e-06 	 7 3 6 3
      1.05642070395262109841e-06 	 7 3 6 4
     -1.83290679415994053197e-03 	 7 3 6 5
     -2.89891248774864877802e-06 	 7 3 6 6
     -2.70196387722498451500e-07 	 7 3 7 1
      8.42704645407928748416e-07 	 7 3 7 2
      6.67299009028366179458e-03 	 7 3 7 3
     -3.60273706423138394533e-04 	 7 3 7 4
     -6.59466230991416063635e-07 	 7 3 7 5
     -9.74422383821875719850e-04 	 7 3 7 6
      1.52270303728019723009e-07 	 7 3 7 7
      5.68296649893265322914e-07 	 7 3 8 1
     -9.12117329096080737095e-07 	 7 3 8 2
      1.20948886057429764312e-02 	 7 3 8 3
     -2.99924232016511669446e-03 	 7 3 8 4
     -5.38539405376195511403e-07 	 7 3 8 5
      6.59911059678609497950e-05 	 7 3 8 6
     -7.20974606582865349964e-07 	 7 3 8 7
     -9.39482128483341916878e-07 	 7 3 8 8
      7.79541220926268066025e-06 	 7 4 1 1
     -5.67688273128590829771e-07 	 7 4 2 1
     -6.02324806131677586995e-06 	 7 4 2 2
      8.79242803105992169754e-03 	 7 4 3 1
      1.08001882217876742261e-03 	 7 4 3 2
      1.84659031777830570509e-06 	 7 4 3 3
      4.04176494156722153350e-03 	 7 4 4 1
     -1.93332084309067626926e-02 	 7 4 4 2
      8.56991583799041408445e-07 	 7 4 4 3
     -6.15893471702466989979e-06 	 7 4 4 4
     -2.11337599187790793826e-06 	 7 4 5 1
      1.27558984058991535941e-06 	 7 4 5 2
      7.16910337772788761740e-03 	 7 4 5 3
      1.04717740115619073471e-02 	 7 4 5 4
      6.89959545011926159109e-06 	 7 4 5 5
     -5.71601694809175178702e-03 	 7 4 6 1
      1.97361044960195318454e-02 	 7 4 6 2
      3.55914471195394886262e-06 	 7 4 6 3
     -6.02248909167656149455e-06 	 7 4 6 4
     -8.28142396928897329966e-03 	 7 4 6 5
     -5.72234148308600186234e-06 	 7 4 6 6
     -2.55252381865053646598e-06 	 7 4 7 1
      9.32750347564807344122e-06 	 7 4 7 2
     -3.60273706423151838640e-04 	 7 4 7 3
      2.29955311857519169305e-02 	 7 4 7 4
      2.31956472138805334723e-06 	 7 4 7 5
     -1.69124469316000898556e-02 	 7 4 7 6
      3.15042940049981833468e-06 	 7 4 7 7
      7.13424292095616474656e-06 	 7 4 8 1
     -1.25384721372978391639e-05 	 7 4 8 2
     -3.81111569029500725503e-03 	 7 4 8 3
     -4.28949796880268669971e-04 	 7 4 8 4
     -2.02619404743193669920e-06 	 7 4 8 5
      5.41815919630954292291e-03 	 7 4 8 6
     -5.88047412825972489191e-06 	 7 4 8 7
      1.38769492648849965921e-06 	 7 4 8 8
     -4.59070877183848785608e-02 	 7 5 1 1
     -1.62167765016157650049e-02 	 7 5 2 1
      1.27815143010644918092e-02 	 7 5 2 2
      2.49309871995402847070e-06 	 7 5 3 1
      4.20024011028073546955e-07 	 7 5 3 2
     -4.34873320535092144912e-02 	 7 5 3 3
     -1.37763973356708599464e-06 	 7 5 4 1
      2.71544708000787145258e-06 	 7 5 4 2
      6.59271371978467808639e-03 	 7 5 4 3
      2.36633150764119191967e-02 	 7 5 4 4
      7.35476388938910170118e-03 	 7 5 5 1
     -9.74507196534356821827e-03 	 7 5 5 2
      2.63123197558722883259e-06 	 7 5 5 3
      1.56539499545024166438e-06 	 7 5 5 4
     -2.59076607937293867945e-02 	 7 5 5 5
      2.50434494985884460649e-06 	 7 5 6 1
      4.46989020530030887535e-06 	 7 5 6 2
     -3.82345038999912451363e-03 	 7 5 6 3
     -5.64995715146193993456e-03 	 7 5 6 4
     -2.34919017953594928220e-05 	 7 5 6 5
      3.09132259359002382892e-02 	 7 5 6 6
     -5.35776247412194858710e-03 	 7 5 7 1
     -6.51341186757151743153e-03 	 7 5 7 2
     -6.59466230988219255412e-07 	 7 5 7 3
      2.31956472135370827880e-06 	 7 5 7 4
      2.26662406906602068024e-02 	 7 5 7 5
     -7.48084488949639276375e-06 	 7 5 7 6
      1.79097033618629310203e-02 	 7 5 7 7
      3.47472293777785446942e-03 	 7 5 8 1
      6.64449984950284100980e-04 	 7 5 8 2
     -1.26935857872484670654e-06 	 7 5 8 3
     -4.95962138404506933429e-06 	 7 5 8 4
      1.33976827705364308352e-02 	 7 5 8 5
      2.73692327663064710280e-06 	 7 5 8 6
     -3.18768650933824726490e-03 	 7 5 8 7
      1.19816480532092071304e-02 	 7 5 8 8
     -3.22815571562543921868e-05 	 7 6 1 1
     -5.57784796857351555533e-06 	 7 6 2 1
      2.66260991896551522831e-05 	 7 6 2 2
     -9.76499387461153556256e-03 	 7 6 3 1
     -1.39715215567095179866e-04 	 7 6 3 2
     -2.55934464687900971292e-05 	 7 6 3 3
     -9.36290179058210138285e-03 	 7 6 4 1
      3.51943165549168102135e-02 	 7 6 4 2
      6.66854271497248648852e-06 	 7 6 4 3
     -6.02069947544855700551e-07 	 7 6 4 4
      3.33014681646037859545e-06 	 7 6 5 1
      4.77985159651644862257e-06 	 7 6 5 2
     -8.01388802312846988685e-03 	 7 6 5 3
     -6.19909481428137631304e-03 	 7 6 5 4
     -2.21434246194425951300e-05 	 7 6 5 5
      4.75824493965116331745e-03 	 7 6 6 1
     -2.35811268684574006083e-02 	 7 6 6 2
     -5.64191682665853675598e-06 	 7 6 6 3
      4.02206651026526092267e-06 	 7 6 6 4
      2.67450588213752581124e-02 	 7 6 6 5
      2.15369317453249801357e-05 	 7 6 6 6
     -5.17320811020967565971e-07 	 7 6 7 1
     -4.77747053009832361840e-06 	 7 6 7 2
     -9.74422383821877020893e-04 	 7 6 7 3
     -1.69124469316002008779e-02 	 7 6 7 4
     -7.48084488948960633578e-06 	 7 6 7 5
      5.08244011098263476223e-02 	 7 6 7 6
     -6.54388471683480790406e-06 	 7 6 7 7
     -3.62203278143369613383e-06 	 7 6 8 1
      2.66802265508765206164e-05 	 7 6 8 2
      3.63576513302016606638e-03 	 7 6 8 3
      3.04141377784484003011e-02 	 7 6 8 4
      9.95342885823076368209e-06 	 7 6 8 5
      2.86029231779305788408e-02 	 7 6 8 6
     -1.69842137695007318127e-06 	 7 6 8 7
      2.00753802595419839430e-05 	 7 6 8 8
      2.06876129965424593316e-01 	 7 7 1 1
     -2.06127851220836884327e-02 	 7 7 2 1
      2.40617421725775243457e-01 	 7 7 2 2
     -4.32736334800732576360e-07 	 7 7 3 1
      3.22075696603793786626e-06 	 7 7 3 2
      1.72412264461862418941e-01 	 7 7 3 3
     -5.21554480967769125790e-06 	 7 7 4 1
      2.92302257654479011415e-05 	 7 7 4 2
      2.05954586511504066787e-03 	 7 7 4 3
      2.30408817928386050466e-01 	 7 7 4 4
     -1.80583649549995589600e-02 	 7 7 5 1
     -2.21485620224286770819e-02 	 7 7 5 2
     -6.57511931316302358082e-07 	 7 7 5 3
      3.77253749887154074134e-06 	 7 7 5 4
      2.00667669117046254534e-01 	 7 7 5 5
     -5.23838319290897701420e-06 	 7 7 6 1
     -2.16788254037035987181e-06 	 7 7 6 2
     -4.74220307673797920878e-03 	 7 7 6 3
     -2.04992238180748929943e-02 	 7 7 6 4
     -1.12558911189623016985e-05 	 7 7 6 5
      2.42397668099291557775e-01 	 7 7 6 6
     -4.61415503838651206055e-04 	 7 7 7 1
      9.21091893296984917661e-03 	 7 7 7 2
      1.52270303710116411120e-07 	 7 7 7 3
      3.15042940053196662316e-06 	 7 7 7 4
      1.79097033618629587759e-02 	 7 7 7 5
     -6.54388471677942634887e-06 	 7 7 7 6
      2.41536357908358451096e-01 	 7 7 7 7
      1.87871702920666371062e-02 	 7 7 8 1
     -2.23724532461363721791e-02 	 7 7 8 2
     -1.69008535532685164438e-06 	 7 7 8 3
     -1.05184456685655385077e-05 	 7 7 8 4
     -2.00179422296831079769e-03 	 7 7 8 5
     -2.80386734354301278154e-07 	 7 7 8 6
     -1.96748196862511146032e-02 	 7 7 8 7
      2.35366115407165482631e-01 	 7 7 8 8
      9.93231372413409460687e-03 	 8 1 1 1
     -1.13285106625995342366e-02 	 8 1 2 1
      1.92717644049043117238e-02 	 8 1 2 2
     -8.36575097342905154994e-09 	 8 1 3 1
     -9.97332338565797053127e-08 	 8 1 3 2
     -3.28126502059050487170e-02 	 8 1 3 3
     -4.76324047370511866181e-06 	 8 1 4 1
      4.67054488050874129496e-06 	 8 1 4 2
      6.21102660552460151405e-03 	 8 1 4 3
      7.21206678245464322813e-03 	 8 1 4 4
     -2.83688965769753505264e-02 	 8 1 5 1
     -6.30848323783269552406e-03 	 8 1 5 2
      1.82822698900178055886e-07 	 8 1 5 3
      1.03677855228425354861e-06 	 8 1 5 4
      3.65937285525170597281e-03 	 8 1 5 5
     -1.17930825305011899800e-05 	 8 1 6 1
     -5.02630429861326347694e-06 	 8 1 6 2
     -2.84726831007665404441e-03 	 8 1 6 3
     -7.44656499749398251287e-03 	 8 1 6 4
     -2.96429104021752043362e-06 	 8 1 6 5
      9.11285712592051558301e-03 	 8 1 6 6
      3.18350955497737108171e-03 	 8 1 7 1
      1.02941651567052781802e-02 	 8 1 7 2
      5.68296649895129536552e-07 	 8 1 7 3
      7.13424292095846444102e-06 	 8 1 7 4
      3.47472293777784449476e-03 	 8 1 7 5
     -3.62203278141357867782e-06 	 8 1 7 6
      1.87871702920666162895e-02 	 8 1 7 7
      2.10026289155455930802e-02 	 8 1 8 1
     -1.16623541452365465237e-02 	 8 1 8 2
      1.62224912771867809489e-07 	 8 1 8 3
     -5.20812305772783026256e-06 	 8 1 8 4
      5.46247177553943691689e-04 	 8 1 8 5
     -1.13684017571476939482e-06 	 8 1 8 6
     -1.63055625110869635563e-02 	 8 1 8 7
      1.63112246880100855706e-02 	 8 1 8 8
     -5.47718540482177301820e-02 	 8 2 1 1
      6.44525466301461465168e-03 	 8 2 2 1
     -1.18532627466513551528e-02 	 8 2 2 2
     -3.32577999098821262323e-06 	 8 2 3 1
     -5.76943549976228253941e-06 	 8 2 3 2
     -4.44706562292585122487e-02 	 8 2 3 3
     -3.89082083312111285333e-07 	 8 2 4 1
     -1.79732280446228197366e-05 	 8 2 4 2
      1.16306090558736044405e-02 	 8 2 4 3
      1.10643206392672423244e-02 	 8 2 4 4
      4.12646181202541099259e-03 	 8 2 5 1
      6.78239184777646927915e-03 	 8 2 5 2
     -2.73289071363204899847e-06 	 8 2 5 3
     -1.10952197738421656087e-05 	 8 2 5 4
     -1.96499322349528160458e-02 	 8 2 5 5
      1.68501746133993601172e-06 	 8 2 6 1
     -1.29157141252246167856e-06 	 8 2 6 2
      7.38110838980648130414e-04 	 8 2 6 3
      2.23549998089260688883e-02 	 8 2 6 4
     -6.48859866340350524891e-06 	 8 2 6 5
     -3.10509815354023752804e-03 	 8 2 6 6
      6.80257453794467191466e-03 	 8 2 7 1
     -1.29543529406479802218e-02 	 8 2 7 2
     -9.12117329094057387142e-07 	 8 2 7 3
     -1.25384721373111511337e-05 	 8 2 7 4
      6.64449984950276511565e-04 	 8 2 7 5
      2.66802265508332880548e-05 	 8 2 7 6
     -2.23724532461364103431e-02 	 8 2 7 7
     -1.16623541452365413196e-02 	 8 2 8 1
      4.22801274849547784052e-02 	 8 2 8 2
      3.78570346062167292526e-06 	 8 2 8 3
      2.50897546937132065892e-05 	 8 2 8 4
      2.81499732223519615049e-02 	 8 2 8 5
      2.12660415123874769160e-05 	 8 2 8 6
      2.54917838794343175335e-02 	 8 2 8 7
     -1.82158045037793120402e-02 	 8 2 8 8
     -2.36038845656650657980e-06 	 8 3 1 1
     -1.44747258298208364174e-06 	 8 3 2 1
      1.28274875647769699793e-06 	 8 3 2 2
     -5.06341386240680424446e-02 	 8 3 3 1
     -1.52544981912191932732e-02 	 8 3 3 2
     -7.72821478768701014160e-06 	 8 3 3 3
      6.77325947113354299295e-03 	 8 3 4 1
      5.01170945551658066075e-03 	 8 3 4 2
     -3.85104700276103378593e-06 	 8 3 4 3
      2.94501930802846149257e-06 	 8 3 4 4
      3.51074361424044939665e-07 	 8 3 5 1
      3.55542124771521807723e-07 	 8 3 5 2
     -4.25787319926692817140e-02 	 8 3 5 3
      5.97262851065078360230e-03 	 8 3 5 4
     -1.25647989160669577956e-06 	 8 3 5 5
     -1.58396786020578131567e-03 	 8 3 6 1
     -2.85910062561994804398e-03 	 8 3 6 2
     -1.83925864484435918516e-05 	 8 3 6 3
      2.64403746362998717280e-06 	 8 3 6 4
     -7.28003050345269906926e-04 	 8 3 6 5
     -2.97145735270225271252e-06 	 8 3 6 6
      4.30043371164576176277e-07 	 8 3 7 1
     -1.02934795575874483285e-06 	 8 3 7 2
      1.20948886057429642882e-02 	 8 3 7 3
     -3.81111569029500638767e-03 	 8 3 7 4
     -1.26935857872964006599e-06 	 8 3 7 5
      3.63576513302015392332e-03 	 8 3 7 6
     -1.69008535528880715955e-06 	 8 3 7 7
      1.62224912772617168950e-07 	 8 3 8 1
      3.78570346063640621634e-06 	 8 3 8 2
      2.42132163415907132598e-02 	 8 3 8 3
     -2.28609349772330733980e-03 	 8 3 8 4
      2.12196011284625781913e-06 	 8 3 8 5
      2.30230698257543773752e-03 	 8 3 8 6
     -3.11457028973734653379e-07 	 8 3 8 7
     -1.44094686154881688377e-06 	 8 3 8 8
     -1.88221715666315616937e-05 	 8 4 1 1
      9.71005745732510791769e-07 	 8 4 2 1
      5.75669335202812477943e-06 	 8 4 2 2
      5.50189991788291570679e-03 	 8 4 3 1
      3.28461349719608077663e-03 	 8 4 3 2
     -1.32384219210087383768e-05 	 8 4 3 3
     -6.77280927208162488590e-03 	 8 4 4 1
      1.96132694095828806480e-02 	 8 4 4 2
      6.25851057716581434768e-06 	 8 4 4 3
     -4.42266937355111499106e-06 	 8 4 4 4
      2.25214207806103080444e-06 	 8 4 5 1
      3.55001940666611706958e-06 	 8 4 5 2
      4.89182214192568267513e-03 	 8 4 5 3
      2.00835345382765822694e-03 	 8 4 5 4
     -1.29156550854888407988e-05 	 8 4 5 5
     -1.75898821357497575071e-04 	 8 4 6 1
     -4.95149772517525840060e-03 	 8 4 6 2
      9.40672193390308526538e-07 	 8 4 6 3
     -1.20006596658117784261e-06 	 8 4 6 4
      1.72938892882236044946e-02 	 8 4 6 5
      1.36843365280265230876e-05 	 8 4 6 6
      3.66835292306279299869e-06 	 8 4 7 1
     -9.70577446575414425674e-06 	 8 4 7 2
     -2.99924232016512450072e-03 	 8 4 7 3
     -4.28949796880300599725e-04 	 8 4 7 4
     -4.95962138404455264419e-06 	 8 4 7 5
      3.04141377784484696900e-02 	 8 4 7 6
     -1.05184456685396226876e-05 	 8 4 7 7
     -5.20812305772143770491e-06 	 8 4 8 1
      2.50897546937000775786e-05 	 8 4 8 2
     -2.28609349772330950820e-03 	 8 4 8 3
      3.13537921697572968815e-02 	 8 4 8 4
      6.14659872553097539070e-06 	 8 4 8 5
      2.71383507628554059010e-02 	 8 4 8 6
      4.13901427576867721078e-06 	 8 4 8 7
      9.54201218262494070793e-06 	 8 4 8 8
     -8.84248444394747645791e-02 	 8 5 1 1
     -1.15054646700214289329e-02 	 8 5 2 1
      1.35390602581293081896e-02 	 8 5 2 2
      3.32515597446132073026e-07 	 8 5 3 1
     -5.76711665311196374991e-06 	 8 5 3 2
     -8.61204916383302016003e-02 	 8 5 3 3
     -1.80581920985675015795e-06 	 8 5 4 1
     -2.51494700956311191488e-05 	 8 5 4 2
      1.90736256693608760560e-02 	 8 5 4 3
      2.46632896835800655144e-02 	 8 5 4 4
      3.46262115889664013127e-03 	 8 5 5 1
     -4.42665483206144060816e-04 	 8 5 5 2
      1.08031795261037782862e-06 	 8 5 5 3
     -1.01759279651064406632e-05 	 8 5 5 4
     -3.68033163359703582862e-02 	 8 5 5 5
      1.02089014778860671434e-06 	 8 5 6 1
      6.92738923310785033435e-06 	 8 5 6 2
     -2.40052094149360330244e-03 	 8 5 6 3
      2.28736268494222627634e-02 	 8 5 6 4
     -3.37788011128007246617e-05 	 8 5 6 5
      1.85807789665040912208e-02 	 8 5 6 6
     -2.46436136873136877115e-03 	 8 5 7 1
      6.02366228328236755565e-04 	 8 5 7 2
     -5.38539405373768550251e-07 	 8 5 7 3
     -2.02619404742609640703e-06 	 8 5 7 4
      1.33976827705363787935e-02 	 8 5 7 5
      9.95342885825003706977e-06 	 8 5 7 6
     -2.00179422296847863219e-03 	 8 5 7 7
      5.46247177553946293774e-04 	 8 5 8 1
      2.81499732223519476271e-02 	 8 5 8 2
      2.12196011284474078313e-06 	 8 5 8 3
      6.14659872552313186561e-06 	 8 5 8 4
      4.33924313532510277924e-02 	 8 5 8 5
      1.60270532314640136537e-05 	 8 5 8 6
      1.08418632191209195204e-02 	 8 5 8 7
      5.21585930452834242027e-03 	 8 5 8 8
     -3.61916999375359223494e-05 	 8 6 1 1
     -6.51744119052219769315e-06 	 8 6 2 1
      1.29299765034005261730e-05 	 8 6 2 2
     -6.33750762075122910100e-03 	 8 6 3 1
     -4.70673146186477160246e-04 	 8 6 3 2
     -3.65337797543191281058e-05 	 8 6 3 3
     -4.64622085084403710353e-03 	 8 6 4 1
      1.62246208770441061042e-02 	 8 6 4 2
      6.86988597582050188338e-06 	 8 6 4 3
      4.21044113961586643656e-06 	 8 6 4 4
      4.44297529413347218927e-07 	 8 6 5 1
      1.06979351948731415423e-06 	 8 6 5 2
     -4.80325584502720032143e-03 	 8 6 5 3
      5.32602242972715460290e-03 	 8 6 5 4
     -2.18335428836775662879e-05 	 8 6 5 5
     -5.50918717474898028512e-04 	 8 6 6 1
     -4.72517655839353300368e-03 	 8 6 6 2
     -4.99099744529032487744e-06 	 8 6 6 3
      1.39389670863695233193e-05 	 8 6 6 4
      1.66626901708575754502e-02 	 8 6 6 5
      3.33962490030732299059e-05 	 8 6 6 6
     -2.01281076951233213251e-06 	 8 6 7 1
      4.49774433359949173209e-06 	 8 6 7 2
      6.59911059678472888476e-05 	 8 6 7 3
      5.41815919630952123887e-03 	 8 6 7 4
      2.73692327672023100137e-06 	 8 6 7 5
      2.86029231779306933325e-02 	 8 6 7 6
     -2.80386734268308640464e-07 	 8 6 7 7
     -1.13684017571142043830e-06 	 8 6 8 1
      2.12660415123946936367e-05 	 8 6 8 2
      2.30230698257544077329e-03 	 8 6 8 3
      2.71383507628554059010e-02 	 8 6 8 4
      1.60270532314958959739e-05 	 8 6 8 5
      3.24307754060735378698e-02 	 8 6 8 6
      8.64709367223139128988e-06 	 8 6 8 7
      2.85177559789602263248e-05 	 8 6 8 8
     -1.49693100947219225744e-02 	 8 7 1 1
      1.24067851902394197389e-02 	 8 7 2 1
     -2.25474403533599022931e-02 	 8 7 2 2
      2.22751500954636375752e-06 	 8 7 3 1
     -1.83523528613507307572e-06 	 8 7 3 2
      6.86758492477623338351e-04 	 8 7 3 3
      7.39789206750091078002e-06 	 8 7 4 1
     -1.90118600839594784492e-05 	 8 7 4 2
     -6.15912499089350828387e-04 	 8 7 4 3
     -6.37865592369757134113e-04 	 8 7 4 4
      6.51138277302477311986e-03 	 8 7 5 1
      2.28764294399001278171e-03 	 8 7 5 2
      8.07195938886998248695e-07 	 8 7 5 3
     -4.10389266579375687380e-06 	 8 7 5 4
     -3.14650728233146093765e-03 	 8 7 5 5
     -1.09253435376960600078e-07 	 8 7 6 1
      1.76328799556094499535e-05 	 8 7 6 2
      1.27137497656763689795e-03 	 8 7 6 3
      2.44065702568678419282e-02 	 8 7 6 4
     -5.07886593255448837712e-06 	 8 7 6 5
      3.59969235534800952037e-03 	 8 7 6 6
      5.59641898680894069040e-03 	 8 7 7 1
     -8.02037805609421422526e-03 	 8 7 7 2
     -7.20974606607993111740e-07 	 8 7 7 3
     -5.88047412828917622749e-06 	 8 7 7 4
     -3.18768650933837563444e-03 	 8 7 7 5
     -1.69842137688695398011e-06 	 8 7 7 6
     -1.96748196862512429728e-02 	 8 7 7 7
     -1.63055625110869358008e-02 	 8 7 8 1
      2.54917838794343140640e-02 	 8 7 8 2
     -3.11457028995418590950e-07 	 8 7 8 3
      4.13901427580484975279e-06 	 8 7 8 4
      1.08418632191209542148e-02 	 8 7 8 5
      8.64709367223390020147e-06 	 8 7 8 6
      3.18795579487852337452e-02 	 8 7 8 7
     -1.24350170905148799116e-02 	 8 7 8 8
      2.11449336585251751464e-01 	 8 8 1 1
     -1.72850244148325150884e-02 	 8 8 2 1
      2.44447257325054789767e-01 	 8 8 2 2
     -1.28550723694752769597e-06 	 8 8 3 1
      2.58567863942510824959e-06 	 8 8 3 2
      1.86368599770379089753e-01 	 8 8 3 3
     -8.45181927682544224421e-06 	 8 8 4 1
      3.57400908302791568629e-05 	 8 8 4 2
      1.89480851267210615232e-03 	 8 8 4 3
      2.34906723864760413889e-01 	 8 8 4 4
     -1.48104679974683690891e-02 	 8 8 5 1
     -1.05598011222191243141e-02 	 8 8 5 2
     -1.36917504681283956179e-06 	 8 8 5 3
      1.91979751511717881317e-07 	 8 8 5 4
      2.09684452821286393398e-01 	 8 8 5 5
     -4.12056658332818333626e-06 	 8 8 6 1
     -1.13759948442720749580e-08 	 8 8 6 2
     -2.68669023200314438515e-03 	 8 8 6 3
      5.04446441069572159427e-03 	 8 8 6 4
      4.10051406913282499579e-06 	 8 8 6 5
      2.43142253434999816575e-01 	 8 8 6 6
     -6.68646655878128541584e-03 	 8 8 7 1
      2.19670050542275750727e-02 	 8 8 7 2
     -9.39482128482379158055e-07 	 8 8 7 3
      1.38769492650099953617e-06 	 8 8 7 4
      1.19816480532092244776e-02 	 8 8 7 5
      2.00753802595671137165e-05 	 8 8 7 6
      2.35366115407165843454e-01 	 8 8 7 7
      1.63112246880100508761e-02 	 8 8 8 1
     -1.82158045037793016319e-02 	 8 8 8 2
     -1.44094686154713149996e-06 	 8 8 8 3
      9.54201218255123190086e-06 	 8 8 8 4
      5.21585930452831813414e-03 	 8 8 8 5
      2.85177559788761904921e-05 	 8 8 8 6
     -1.24350170905149336881e-02 	 8 8 8 7
      2.55704257003579127350e-01 	 8 8 8 8
 # Printing T + V integrals in spatial MO basis
     -2.67406548956092127156e+00 	 1 1 0 0
     -3.71116661430616612272e-02 	 1 2 0 0
      1.59659459784256353482e-05 	 1 3 0 0
     -6.59660867990937490202e-06 	 1 4 0 0
      1.13631437747371957792e-01 	 1 5 0 0
      3.64683966655275157843e-05 	 1 6 0 0
     -3.15871774202340083182e-02 	 1 7 0 0
     -4.82363690960884439196e-02 	 1 8 0 0
     -3.71116661430600930371e-02 	 2 1 0 0
     -2.06618594587357717884e+00 	 2 2 0 0
     -3.09128023017147811097e-05 	 2 3 0 0
     -1.64915371931287650566e-04 	 2 4 0 0
      3.11543354731966017079e-02 	 2 5 0 0
      1.77556000494362850259e-05 	 2 6 0 0
     -5.97003578561375453093e-02 	 2 7 0 0
      1.81239901636217309866e-01 	 2 8 0 0
      1.59659460016458137053e-05 	 3 1 0 0
     -3.09128022980025135287e-05 	 3 2 0 0
     -2.33098110452139772875e+00 	 3 3 0 0
      7.95054476663910186796e-02 	 3 4 0 0
      1.63263196549695700332e-05 	 3 5 0 0
     -1.68775600607864095445e-03 	 3 6 0 0
     -4.63994928183671923565e-06 	 3 7 0 0
      4.47433636981608976097e-06 	 3 8 0 0
     -6.59660866317809318414e-06 	 4 1 0 0
     -1.64915371984737543732e-04 	 4 2 0 0
      7.95054476664161374755e-02 	 4 3 0 0
     -1.87211454922475906137e+00 	 4 4 0 0
     -5.79160378389982844404e-05 	 4 5 0 0
      1.19697416443134987962e-01 	 4 6 0 0
     -7.86368750146124508309e-06 	 4 7 0 0
      3.04429429798880535818e-05 	 4 8 0 0
      1.13631437747395133697e-01 	 5 1 0 0
      3.11543354731867831731e-02 	 5 2 0 0
      1.63263196384126305658e-05 	 5 3 0 0
     -5.79160378492191599644e-05 	 5 4 0 0
     -1.93372304638588721204e+00 	 5 5 0 0
     -1.78723631170509618567e-04 	 5 6 0 0
      7.39043925528543588221e-02 	 5 7 0 0
      2.10529090140909036499e-01 	 5 8 0 0
      3.64683966478132718129e-05 	 6 1 0 0
      1.77556000877394909833e-05 	 6 2 0 0
     -1.68775600608788356113e-03 	 6 3 0 0
      1.19697416443111895323e-01 	 6 4 0 0
     -1.78723631186241364984e-04 	 6 5 0 0
     -1.62772184385417317820e+00 	 6 6 0 0
      4.97687948216905487074e-05 	 6 7 0 0
      7.84928589595898501671e-05 	 6 8 0 0
     -3.15871774202448538094e-02 	 7 1 0 0
     -5.97003578562124298523e-02 	 7 2 0 0
     -4.63994927400539226554e-06 	 7 3 0 0
     -7.86368746428887384998e-06 	 7 4 0 0
      7.39043925528424933136e-02 	 7 5 0 0
      4.97687948494065373912e-05 	 7 6 0 0
     -1.53373209869749294043e+00 	 7 7 0 0
      7.68308112239173002234e-02 	 7 8 0 0
     -4.82363690961890509423e-02 	 8 1 0 0
      1.81239901636267464191e-01 	 8 2 0 0
      4.47433636050039260795e-06 	 8 3 0 0
      3.04429429658931245055e-05 	 8 4 0 0
      2.10529090140859742597e-01 	 8 5 0 0
      7.84928589683410422124e-05 	 8 6 0 0
      7.68308112239121515641e-02 	 8 7 0 0
     -1.88053343910241244075e+00 	 8 8 0 0
 # Printing -1/2 \lambda \lambda q integrals in spatial MO basis
      0.00000000000000000000e+00 	 1 1 0 0
      0.00000000000000000000e+00 	 1 2 0 0
      0.00000000000000000000e+00 	 1 3 0 0
      0.00000000000000000000e+00 	 1 4 0 0
      0.00000000000000000000e+00 	 1 5 0 0
      0.00000000000000000000e+00 	 1 6 0 0
      0.00000000000000000000e+00 	 1 7 0 0
      0.00000000000000000000e+00 	 1 8 0 0
      0.00000000000000000000e+00 	 2 1 0 0
      0.00000000000000000000e+00 	 2 2 0 0
      0.00000000000000000000e+00 	 2 3 0 0
      0.00000000000000000000e+00 	 2 4 0 0
      0.00000000000000000000e+00 	 2 5 0 0
      0.00000000000000000000e+00 	 2 6 0 0
      0.00000000000000000000e+00 	 2 7 0 0
      0.00000000000000000000e+00 	 2 8 0 0
      0.00000000000000000000e+00 	 3 1 0 0
      0.00000000000000000000e+00 	 3 2 0 0
      0.00000000000000000000e+00 	 3 3 0 0
      0.00000000000000000000e+00 	 3 4 0 0
      0.00000000000000000000e+00 	 3 5 0 0
      0.00000000000000000000e+00 	 3 6 0 0
      0.00000000000000000000e+00 	 3 7 0 0
      0.00000000000000000000e+00 	 3 8 0 0
      0.00000000000000000000e+00 	 4 1 0 0
      0.00000000000000000000e+00 	 4 2 0 0
      0.00000000000000000000e+00 	 4 3 0 0
      0.00000000000000000000e+00 	 4 4 0 0
      0.00000000000000000000e+00 	 4 5 0 0
      0.00000000000000000000e+00 	 4 6 0 0
      0.00000000000000000000e+00 	 4 7 0 0
      0.00000000000000000000e+00 	 4 8 0 0
      0.00000000000000000000e+00 	 5 1 0 0
      0.00000000000000000000e+00 	 5 2 0 0
      0.00000000000000000000e+00 	 5 3 0 0
      0.00000000000000000000e+00 	 5 4 0 0
      0.00000000000000000000e+00 	 5 5 0 0
      0.00000000000000000000e+00 	 5 6 0 0
      0.00000000000000000000e+00 	 5 7 0 0
      0.00000000000000000000e+00 	 5 8 0 0
      0.00000000000000000000e+00 	 6 1 0 0
      0.00000000000000000000e+00 	 6 2 0 0
      0.00000000000000000000e+00 	 6 3 0 0
      0.00000000000000000000e+00 	 6 4 0 0
      0.00000000000000000000e+00 	 6 5 0 0
      0.00000000000000000000e+00 	 6 6 0 0
      0.00000000000000000000e+00 	 6 7 0 0
      0.00000000000000000000e+00 	 6 8 0 0
      0.00000000000000000000e+00 	 7 1 0 0
      0.00000000000000000000e+00 	 7 2 0 0
      0.00000000000000000000e+00 	 7 3 0 0
      0.00000000000000000000e+00 	 7 4 0 0
      0.00000000000000000000e+00 	 7 5 0 0
      0.00000000000000000000e+00 	 7 6 0 0
      0.00000000000000000000e+00 	 7 7 0 0
      0.00000000000000000000e+00 	 7 8 0 0
      0.00000000000000000000e+00 	 8 1 0 0
      0.00000000000000000000e+00 	 8 2 0 0
      0.00000000000000000000e+00 	 8 3 0 0
      0.00000000000000000000e+00 	 8 4 0 0
      0.00000000000000000000e+00 	 8 5 0 0
      0.00000000000000000000e+00 	 8 6 0 0
      0.00000000000000000000e+00 	 8 7 0 0
      0.00000000000000000000e+00 	 8 8 0 0
 # Printing \lambda mu integrals in spatial MO basis
      0.00000000000000000000e+00 	 1 1 0 0
      0.00000000000000000000e+00 	 1 2 0 0
      0.00000000000000000000e+00 	 1 3 0 0
      0.00000000000000000000e+00 	 1 4 0 0
      0.00000000000000000000e+00 	 1 5 0 0
      0.00000000000000000000e+00 	 1 6 0 0
      0.00000000000000000000e+00 	 1 7 0 0
      0.00000000000000000000e+00 	 1 8 0 0
      0.00000000000000000000e+00 	 2 1 0 0
      0.00000000000000000000e+00 	 2 2 0 0
      0.00000000000000000000e+00 	 2 3 0 0
      0.00000000000000000000e+00 	 2 4 0 0
      0.00000000000000000000e+00 	 2 5 0 0
      0.00000000000000000000e+00 	 2 6 0 0
      0.00000000000000000000e+00 	 2 7 0 0
      0.00000000000000000000e+00 	 2 8 0 0
      0.00000000000000000000e+00 	 3 1 0 0
      0.00000000000000000000e+00 	 3 2 0 0
      0.00000000000000000000e+00 	 3 3 0 0
      0.00000000000000000000e+00 	 3 4 0 0
      0.00000000000000000000e+00 	 3 5 0 0
      0.00000000000000000000e+00 	 3 6 0 0
      0.00000000000000000000e+00 	 3 7 0 0
      0.00000000000000000000e+00 	 3 8 0 0
      0.00000000000000000000e+00 	 4 1 0 0
      0.00000000000000000000e+00 	 4 2 0 0
      0.00000000000000000000e+00 	 4 3 0 0
      0.00000000000000000000e+00 	 4 4 0 0
      0.00000000000000000000e+00 	 4 5 0 0
      0.00000000000000000000e+00 	 4 6 0 0
      0.00000000000000000000e+00 	 4 7 0 0
      0.00000000000000000000e+00 	 4 8 0 0
      0.00000000000000000000e+00 	 5 1 0 0
      0.00000000000000000000e+00 	 5 2 0 0
      0.00000000000000000000e+00 	 5 3 0 0
      0.00000000000000000000e+00 	 5 4 0 0
      0.00000000000000000000e+00 	 5 5 0 0
      0.00000000000000000000e+00 	 5 6 0 0
      0.00000000000000000000e+00 	 5 7 0 0
      0.00000000000000000000e+00 	 5 8 0 0
      0.00000000000000000000e+00 	 6 1 0 0
      0.00000000000000000000e+00 	 6 2 0 0
      0.00000000000000000000e+00 	 6 3 0 0
      0.00000000000000000000e+00 	 6 4 0 0
      0.00000000000000000000e+00 	 6 5 0 0
      0.00000000000000000000e+00 	 6 6 0 0
      0.00000000000000000000e+00 	 6 7 0 0
      0.00000000000000000000e+00 	 6 8 0 0
      0.00000000000000000000e+00 	 7 1 0 0
      0.00000000000000000000e+00 	 7 2 0 0
      0.00000000000000000000e+00 	 7 3 0 0
      0.00000000000000000000e+00 	 7 4 0 0
      0.00000000000000000000e+00 	 7 5 0 0
      0.00000000000000000000e+00 	 7 6 0 0
      0.00000000000000000000e+00 	 7 7 0 0
      0.00000000000000000000e+00 	 7 8 0 0
      0.00000000000000000000e+00 	 8 1 0 0
      0.00000000000000000000e+00 	 8 2 0 0
      0.00000000000000000000e+00 	 8 3 0 0
      0.00000000000000000000e+00 	 8 4 0 0
      0.00000000000000000000e+00 	 8 5 0 0
      0.00000000000000000000e+00 	 8 6 0 0
      0.00000000000000000000e+00 	 8 7 0 0
      0.00000000000000000000e+00 	 8 8 0 0
 # Printing nuclear repulsion energy
     -2.99462688001768992763e+03 	 0 0 0 0
 # Printing photon energy
      1.36000000000000009770e-01 	 0 0 0 0
 # Printing lambda vector
  0.0000000000e+00, 0.0000000000e+00, 0.0000000000e+00 	 0 0 0 0
 # Printing RHF Electronic Dipole Moment
  -1.8181924864e+01, -3.0700665209e-01, -1.2200536140e+01 	 0 0 0 0
 # Printing Nuclear Dipole Moment
  1.6663693484e+01, 2.9034299937e-01, 1.3539775006e+01 	 0 0 0 0
