     Theta        Phi           Ex           Ey           Ez               Para_E               Meta_E
-------------------------------------------------------------------------------------------------------
    55.000     69.000     0.029356     0.076474     0.057358   -3010.306109366310   -3010.305687373015
    55.000     70.000     0.028017     0.076975     0.057358   -3010.306187105118   -3010.305648139845
    55.000     71.000     0.026669     0.077452     0.057358   -3010.306268907549   -3010.305621686991
    55.000     72.000     0.025313     0.077906     0.057358   -3010.306354772327   -3010.305608087230
    55.000     73.000     0.023950     0.078336     0.057358   -3010.306444693110   -3010.305607400167
    55.000     74.000     0.022579     0.078742     0.057358   -3010.306538658354   -3010.305619672015
    55.000     75.000     0.021201     0.079124     0.057358   -3010.306636651321   -3010.305644935425
    55.000     76.000     0.019817     0.079482     0.057358   -3010.306738650032   -3010.305683209359
    55.000     77.000     0.018427     0.079816     0.057358   -3010.306844627207   -3010.305734498961
    55.000     78.000     0.017031     0.080125     0.057358   -3010.306954550292   -3010.305798795417
    55.000     79.000     0.015630     0.080410     0.057358   -3010.307068381401   -3010.305876075823
    55.000     80.000     0.014224     0.080671     0.057358   -3010.307186077378   -3010.305966303161
    55.000     81.000     0.012814     0.080907     0.057358   -3010.307307589814   -3010.306069426172
    55.000     82.000     0.011400     0.081118     0.057358   -3010.307432865086   -3010.306185379346
    55.000     83.000     0.009983     0.081305     0.057358   -3010.307561844440   -3010.306314082850
    55.000     84.000     0.008562     0.081466     0.057358   -3010.307694464087   -3010.306455442549
    55.000     85.000     0.007139     0.081603     0.057358   -3010.307830655328   -3010.306609350030
    55.000     86.000     0.005714     0.081716     0.057358   -3010.307970344697   -3010.306775682568
    55.000     87.000     0.004287     0.081803     0.057358   -3010.308113454112   -3010.306954303266
    55.000     88.000     0.002859     0.081865     0.057358   -3010.308259901103   -3010.307145061107
    55.000     89.000     0.001430     0.081903     0.057358   -3010.308409599003   -3010.307347791027
    56.000     69.000     0.029710     0.077397     0.055919   -3010.305448366681   -3010.304927736355
    56.000     70.000     0.028355     0.077904     0.055919   -3010.305523320208   -3010.304887194623
    56.000     71.000     0.026991     0.078387     0.055919   -3010.305602379512   -3010.304859690305
    56.000     72.000     0.025619     0.078846     0.055919   -3010.305685544190   -3010.304845298036
    56.000     73.000     0.024239     0.079281     0.055919   -3010.305772808691   -3010.304844078923
    56.000     74.000     0.022851     0.079692     0.055919   -3010.305864162242   -3010.304856080310
    56.000     75.000     0.021457     0.080079     0.055919   -3010.305959588815   -3010.304881335633
    56.000     76.000     0.020056     0.080441     0.055919   -3010.306059067083   -3010.304919864270
    56.000     77.000     0.018649     0.080779     0.055919   -3010.306162570345   -3010.304971671368
    56.000     78.000     0.017237     0.081092     0.055919   -3010.306270066565   -3010.305036747749
    56.000     79.000     0.015819     0.081381     0.055919   -3010.306381518310   -3010.305115069790
    56.000     80.000     0.014396     0.081644     0.055919   -3010.306496882800   -3010.305206599323
    56.000     81.000     0.012969     0.081883     0.055919   -3010.306616111897   -3010.305311283583
    56.000     82.000     0.011538     0.082097     0.055919   -3010.306739152204   -3010.305429055147
    56.000     83.000     0.010103     0.082286     0.055919   -3010.306865945097   -3010.305559831866
    56.000     84.000     0.008666     0.082450     0.055919   -3010.306996426839   -3010.305703516938
    56.000     85.000     0.007226     0.082588     0.055919   -3010.307130528699   -3010.305859998833
    56.000     86.000     0.005783     0.082702     0.055919   -3010.307268177126   -3010.306029151377
    56.000     87.000     0.004339     0.082790     0.055919   -3010.307409293863   -3010.306210833801
    56.000     88.000     0.002893     0.082853     0.055919   -3010.307553796202   -3010.306404890843
    56.000     89.000     0.001447     0.082891     0.055919   -3010.307701597199   -3010.306611152810
    57.000     69.000     0.030055     0.078297     0.054464   -3010.304801709035   -3010.304188414867
    57.000     70.000     0.028684     0.078809     0.054464   -3010.304873740819   -3010.304146578572
    57.000     71.000     0.027304     0.079298     0.054464   -3010.304949916666   -3010.304118031936
    57.000     72.000     0.025916     0.079762     0.054464   -3010.305030237053   -3010.304102851436
    57.000     73.000     0.024520     0.080202     0.054464   -3010.305114697267   -3010.304101099620
    57.000     74.000     0.023117     0.080618     0.054464   -3010.305203287363   -3010.304112824933
    57.000     75.000     0.021706     0.081009     0.054464   -3010.305295992076   -3010.304138061540
    57.000     76.000     0.020289     0.081376     0.054464   -3010.305392790776   -3010.304176829177
    57.000     77.000     0.018866     0.081718     0.054464   -3010.305493657449   -3010.304229132960
    57.000     78.000     0.017437     0.082034     0.054464   -3010.305598560639   -3010.304294963327
    57.000     79.000     0.016003     0.082326     0.054464   -3010.305707463460   -3010.304374295874
    57.000     80.000     0.014563     0.082593     0.054464   -3010.305820323582   -3010.304467091264
    57.000     81.000     0.013120     0.082835     0.054464   -3010.305937093275   -3010.304573295183
    57.000     82.000     0.011672     0.083051     0.054464   -3010.306057719448   -3010.304692838262
    57.000     83.000     0.010221     0.083242     0.054464   -3010.306182143725   -3010.304825636039
    57.000     84.000     0.008766     0.083408     0.054464   -3010.306310302551   -3010.304971588970
    57.000     85.000     0.007309     0.083548     0.054464   -3010.306442127287   -3010.305130582427
    57.000     86.000     0.005850     0.083663     0.054464   -3010.306577544407   -3010.305302486744
    57.000     87.000     0.004389     0.083752     0.054464   -3010.306716475633   -3010.305487157276
    57.000     88.000     0.002927     0.083816     0.054464   -3010.306858838178   -3010.305684434483
    57.000     89.000     0.001464     0.083854     0.054464   -3010.307004544938   -3010.305894144066
    58.000     69.000     0.030391     0.079172     0.052992   -3010.304170155858   -3010.303470315335
    58.000     70.000     0.029005     0.079690     0.052992   -3010.304239132112   -3010.303427200113
    58.000     71.000     0.027610     0.080185     0.052992   -3010.304312286754   -3010.303397621651
    58.000     72.000     0.026206     0.080654     0.052992   -3010.304389621187   -3010.303381658172
    58.000     73.000     0.024795     0.081099     0.052992   -3010.304471131601   -3010.303379373624
    58.000     74.000     0.023375     0.081520     0.052992   -3010.304556808896   -3010.303390817515
    58.000     75.000     0.021949     0.081915     0.052992   -3010.304646638637   -3010.303416024688
    58.000     76.000     0.020516     0.082286     0.052992   -3010.304740600981   -3010.303455015179
    58.000     77.000     0.019077     0.082631     0.052992   -3010.304838670634   -3010.303507794056
    58.000     78.000     0.017632     0.082952     0.052992   -3010.304940816837   -3010.303574351318
    58.000     79.000     0.016182     0.083247     0.052992   -3010.305047003319   -3010.303654661725
    58.000     80.000     0.014726     0.083516     0.052992   -3010.305157188304   -3010.303748684766
    58.000     81.000     0.013266     0.083761     0.052992   -3010.305271324572   -3010.303856364539
    58.000     82.000     0.011803     0.083979     0.052992   -3010.305389359447   -3010.303977629689
    58.000     83.000     0.010335     0.084173     0.052992   -3010.305511234923   -3010.304112393409
    58.000     84.000     0.008865     0.084340     0.052992   -3010.305636887737   -3010.304260553412
    58.000     85.000     0.007391     0.084482     0.052992   -3010.305766249487   -3010.304421991941
    58.000     86.000     0.005916     0.084598     0.052992   -3010.305899246817   -3010.304596575815
    58.000     87.000     0.004438     0.084689     0.052992   -3010.306035801554   -3010.304784156505
    58.000     88.000     0.002960     0.084753     0.052992   -3010.306175830980   -3010.304984570204
    58.000     89.000     0.001480     0.084792     0.052992   -3010.306319247999   -3010.305197637970
    59.000     69.000     0.030718     0.080023     0.051504   -3010.303554448555   -3010.302774319917
    59.000     70.000     0.029317     0.080547     0.051504   -3010.303620238293   -3010.302729943020
    59.000     71.000     0.027907     0.081047     0.051504   -3010.303690236769   -3010.302699344462
    59.000     72.000     0.026488     0.081521     0.051504   -3010.303764446322   -3010.302682604171
    59.000     73.000     0.025061     0.081971     0.051504   -3010.303842864072   -3010.302679787459
    59.000     74.000     0.023627     0.082396     0.051504   -3010.303925481849   -3010.302690944801
    59.000     75.000     0.022185     0.082796     0.051504   -3010.304012286086   -3010.302716111688
    59.000     76.000     0.020737     0.083171     0.051504   -3010.304103257798   -3010.302755308417
    59.000     77.000     0.019282     0.083520     0.051504   -3010.304198372502   -3010.302808539958
    59.000     78.000     0.017822     0.083844     0.051504   -3010.304297600188   -3010.302875795812
    59.000     79.000     0.016356     0.084142     0.051504   -3010.304400905301   -3010.302957049917
    59.000     80.000     0.014885     0.084415     0.051504   -3010.304508246730   -3010.303052260499
    59.000     81.000     0.013409     0.084661     0.051504   -3010.304619577854   -3010.303161370046
    59.000     82.000     0.011929     0.084883     0.051504   -3010.304734846549   -3010.303284305212
    59.000     83.000     0.010446     0.085078     0.051504   -3010.304853995277   -3010.303420976808
    59.000     84.000     0.008960     0.085247     0.051504   -3010.304976961208   -3010.303571279782
    59.000     85.000     0.007471     0.085391     0.051504   -3010.305103676298   -3010.303735093244
    59.000     86.000     0.005979     0.085508     0.051504   -3010.305234067500   -3010.303912280475
    59.000     87.000     0.004486     0.085599     0.051504   -3010.305368056915   -3010.304102689051
    59.000     88.000     0.002991     0.085665     0.051504   -3010.305505562019   -3010.304306150913
    59.000     89.000     0.001496     0.085704     0.051504   -3010.305646495917   -3010.304522482468
    60.000     69.000     0.031036     0.080850     0.050000   -3010.302955306683   -3010.302101285029
    60.000     70.000     0.029620     0.081380     0.050000   -3010.303017781926   -3010.302055665260
    60.000     71.000     0.028195     0.081884     0.050000   -3010.303084492191   -3010.302024059550
    60.000     72.000     0.026762     0.082364     0.050000   -3010.303155440838   -3010.302006549487
    60.000     73.000     0.025320     0.082818     0.050000   -3010.303230625954   -3010.302003201673
    60.000     74.000     0.023871     0.083248     0.050000   -3010.303310040307   -3010.302014067520
    60.000     75.000     0.022414     0.083652     0.050000   -3010.303393671302   -3010.302039183100
    60.000     76.000     0.020951     0.084030     0.050000   -3010.303481500850   -3010.302078568920
    60.000     77.000     0.019481     0.084383     0.050000   -3010.303573505374   -3010.302132229808
    60.000     78.000     0.018006     0.084710     0.050000   -3010.303669655692   -3010.302200154749
    60.000     79.000     0.016525     0.085011     0.050000   -3010.303769917049   -3010.302282316773
    60.000     80.000     0.015038     0.085287     0.050000   -3010.303874249124   -3010.302378672854
    60.000     81.000     0.013548     0.085536     0.050000   -3010.303982605965   -3010.302489163829
    60.000     82.000     0.012053     0.085760     0.050000   -3010.304094936118   -3010.302613714328
    60.000     83.000     0.010554     0.085957     0.050000   -3010.304211182675   -3010.302752232770
    60.000     84.000     0.009052     0.086128     0.050000   -3010.304331283324   -3010.302904611307
    60.000     85.000     0.007548     0.086273     0.050000   -3010.304455170551   -3010.303070725894
    60.000     86.000     0.006041     0.086392     0.050000   -3010.304582771759   -3010.303250436299
    60.000     87.000     0.004532     0.086484     0.050000   -3010.304714009440   -3010.303443586185
    60.000     88.000     0.003022     0.086550     0.050000   -3010.304848801479   -3010.303650003223
    60.000     89.000     0.001511     0.086589     0.050000   -3010.304987061296   -3010.303869499213
    61.000     69.000     0.031344     0.081653     0.048481   -3010.302373427284   -3010.301452040294
    61.000     70.000     0.029914     0.082187     0.048481   -3010.302432463175   -3010.301405197913
    61.000     71.000     0.028475     0.082697     0.048481   -3010.302495756337   -3010.301372599146
    61.000     72.000     0.027027     0.083181     0.048481   -3010.302563311129   -3010.301354327160
    61.000     73.000     0.025571     0.083640     0.048481   -3010.302635126672   -3010.301350449784
    61.000     74.000     0.024108     0.084074     0.048481   -3010.302711196753   -3010.301361019308
    61.000     75.000     0.022637     0.084482     0.048481   -3010.302791509757   -3010.301386072338
    61.000     76.000     0.021159     0.084864     0.048481   -3010.302876048594   -3010.301425629538
    61.000     77.000     0.019675     0.085220     0.048481   -3010.302964790636   -3010.301479695551
    61.000     78.000     0.018184     0.085551     0.048481   -3010.303057707638   -3010.301548258799
    61.000     79.000     0.016689     0.085855     0.048481   -3010.303154765755   -3010.301631291376
    61.000     80.000     0.015188     0.086133     0.048481   -3010.303255925495   -3010.301728748962
    61.000     81.000     0.013682     0.086385     0.048481   -3010.303361141753   -3010.301840570715
    61.000     82.000     0.012172     0.086611     0.048481   -3010.303470363843   -3010.301966679224
    61.000     83.000     0.010659     0.086810     0.048481   -3010.303583535567   -3010.302106980482
    61.000     84.000     0.009142     0.086983     0.048481   -3010.303700595323   -3010.302261363853
    61.000     85.000     0.007623     0.087129     0.048481   -3010.303821476226   -3010.302429702130
    61.000     86.000     0.006101     0.087249     0.048481   -3010.303946106291   -3010.302611851538
    61.000     87.000     0.004577     0.087342     0.048481   -3010.304074408599   -3010.302807651848
    61.000     88.000     0.003052     0.087409     0.048481   -3010.304206301538   -3010.303016926486
    61.000     89.000     0.001526     0.087449     0.048481   -3010.304341699069   -3010.303239482623
    62.000     69.000     0.031642     0.082430     0.046947   -3010.301809484220   -3010.300827387443
    62.000     70.000     0.030199     0.082970     0.046947   -3010.301864959216   -3010.300779344151
    62.000     71.000     0.028746     0.083484     0.046947   -3010.301924709651   -3010.300745767514
    62.000     72.000     0.027285     0.083973     0.046947   -3010.301988740925   -3010.300726742196
    62.000     73.000     0.025815     0.084437     0.046947   -3010.302057053214   -3010.300722337211
    62.000     74.000     0.024337     0.084874     0.046947   -3010.302129641384   -3010.300732605670
    62.000     75.000     0.022852     0.085286     0.046947   -3010.302206494855   -3010.300757584635
    62.000     76.000     0.021360     0.085672     0.046947   -3010.302287597620   -3010.300797294907
    62.000     77.000     0.019862     0.086032     0.046947   -3010.302372928052   -3010.300851740873
    62.000     78.000     0.018358     0.086365     0.046947   -3010.302462458953   -3010.300920910359
    62.000     79.000     0.016847     0.086673     0.046947   -3010.302556157447   -3010.301004774484
    62.000     80.000     0.015332     0.086953     0.046947   -3010.302653985010   -3010.301103287601
    62.000     81.000     0.013812     0.087208     0.046947   -3010.302755897464   -3010.301216387174
    62.000     82.000     0.012288     0.087435     0.046947   -3010.302861845013   -3010.301343993719
    62.000     83.000     0.010760     0.087637     0.046947   -3010.302971772329   -3010.301486010796
    62.000     84.000     0.009229     0.087811     0.046947   -3010.303085618616   -3010.301642324964
    62.000     85.000     0.007695     0.087959     0.046947   -3010.303203317796   -3010.301812805840
    62.000     86.000     0.006159     0.088080     0.046947   -3010.303324798622   -3010.301997306134
    62.000     87.000     0.004621     0.088174     0.046947   -3010.303449984912   -3010.302195661725
    62.000     88.000     0.003081     0.088241     0.046947   -3010.303578795767   -3010.302407691780
    62.000     89.000     0.001541     0.088281     0.046947   -3010.303711145831   -3010.302633198904
    63.000     69.000     0.031931     0.083183     0.045399   -3010.301264127544   -3010.300228099354
    63.000     70.000     0.030474     0.083727     0.045399   -3010.301315923569   -3010.300178878198
    63.000     71.000     0.029008     0.084246     0.045399   -3010.301372009112   -3010.300144339891
    63.000     72.000     0.027534     0.084740     0.045399   -3010.301432390650   -3010.300124570548
    63.000     73.000     0.026051     0.085207     0.045399   -3010.301497069452   -3010.300119640272
    63.000     74.000     0.024559     0.085649     0.045399   -3010.301566041496   -3010.300129602945
    63.000     75.000     0.023061     0.086065     0.045399   -3010.301639297336   -3010.300154496047
    63.000     76.000     0.021555     0.086454     0.045399   -3010.301716822051   -3010.300194340434
    63.000     77.000     0.020043     0.086817     0.045399   -3010.301798595154   -3010.300249140204
    63.000     78.000     0.018525     0.087154     0.045399   -3010.301884590534   -3010.300318882541
    63.000     79.000     0.017001     0.087464     0.045399   -3010.301974776401   -3010.300403537570
    63.000     80.000     0.015472     0.087747     0.045399   -3010.302069115294   -3010.300503058265
    63.000     81.000     0.013938     0.088004     0.045399   -3010.302167564066   -3010.300617380386
    63.000     82.000     0.012400     0.088234     0.045399   -3010.302270073953   -3010.300746422349
    63.000     83.000     0.010859     0.088437     0.045399   -3010.302376590591   -3010.300890085257
    63.000     84.000     0.009314     0.088613     0.045399   -3010.302487054166   -3010.301048252890
    63.000     85.000     0.007766     0.088762     0.045399   -3010.302601399521   -3010.301220791679
    63.000     86.000     0.006215     0.088884     0.045399   -3010.302719556329   -3010.301407550817
    63.000     87.000     0.004663     0.088979     0.045399   -3010.302841449296   -3010.301608362293
    63.000     88.000     0.003110     0.089046     0.045399   -3010.302966998407   -3010.301823041069
    63.000     89.000     0.001555     0.089087     0.045399   -3010.303096119178   -3010.302051385186
    64.000     69.000     0.032210     0.083910     0.043837   -3010.300737982914   -3010.299654919032
    64.000     70.000     0.030741     0.084459     0.043837   -3010.300785985541   -3010.299604544353
    64.000     71.000     0.029262     0.084983     0.043837   -3010.300838287660   -3010.299569061560
    64.000     72.000     0.027774     0.085480     0.043837   -3010.300894896867   -3010.299548558128
    64.000     73.000     0.026278     0.085952     0.043837   -3010.300955815583   -3010.299543105207
    64.000     74.000     0.024774     0.086398     0.043837   -3010.301021040919   -3010.299552757373
    64.000     75.000     0.023263     0.086817     0.043837   -3010.301090564627   -3010.299577552453
    64.000     76.000     0.021744     0.087210     0.043837   -3010.301164372961   -3010.299617511330
    64.000     77.000     0.020218     0.087576     0.043837   -3010.301242446621   -3010.299672637750
    64.000     78.000     0.018687     0.087915     0.043837   -3010.301324760666   -3010.299742918226
    64.000     79.000     0.017150     0.088228     0.043837   -3010.301411284504   -3010.299828321843
    64.000     80.000     0.015607     0.088514     0.043837   -3010.301501981836   -3010.299928800187
    64.000     81.000     0.014060     0.088773     0.043837   -3010.301596810661   -3010.300044287256
    64.000     82.000     0.012509     0.089005     0.043837   -3010.301695723336   -3010.300174699375
    64.000     83.000     0.010954     0.089209     0.043837   -3010.301798666638   -3010.300319935206
    64.000     84.000     0.009395     0.089387     0.043837   -3010.301905581847   -3010.300479875693
    64.000     85.000     0.007834     0.089537     0.043837   -3010.302016404875   -3010.300654384120
    64.000     86.000     0.006270     0.089660     0.043837   -3010.302131066485   -3010.300843306163
    64.000     87.000     0.004704     0.089756     0.043837   -3010.302249492433   -3010.301046469964
    64.000     88.000     0.003137     0.089825     0.043837   -3010.302371603757   -3010.301263686288
    64.000     89.000     0.001569     0.089866     0.043837   -3010.302497317025   -3010.301494748648
    65.000     69.000     0.032479     0.084611     0.042262   -3010.300231651085   -3010.299108558709
    65.000     70.000     0.030998     0.085165     0.042262   -3010.300275749644   -3010.299057056078
    65.000     71.000     0.029506     0.085693     0.042262   -3010.300324153609   -3010.299020646881
    65.000     72.000     0.028006     0.086195     0.042262   -3010.300376871709   -3010.298999419907
    65.000     73.000     0.026498     0.086671     0.042262   -3010.300433907529   -3010.298993447248
    65.000     74.000     0.024981     0.087120     0.042262   -3010.300495259410   -3010.299002784124
    65.000     75.000     0.023457     0.087543     0.042262   -3010.300560920319   -3010.299027468665
    65.000     76.000     0.021926     0.087939     0.042262   -3010.300630877759   -3010.299067521702
    65.000     77.000     0.020387     0.088308     0.042262   -3010.300705113688   -3010.299122946607
    65.000     78.000     0.018843     0.088650     0.042262   -3010.300783604451   -3010.299193729163
    65.000     79.000     0.017293     0.088966     0.042262   -3010.300866320700   -3010.299279837383
    65.000     80.000     0.015738     0.089254     0.042262   -3010.300953227417   -3010.299381221439
    65.000     81.000     0.014178     0.089515     0.042262   -3010.301044283865   -3010.299497813563
    65.000     82.000     0.012613     0.089749     0.042262   -3010.301139443646   -3010.299629527978
    65.000     83.000     0.011045     0.089955     0.042262   -3010.301238654806   -3010.299776260863
    65.000     84.000     0.009473     0.090134     0.042262   -3010.301341859836   -3010.299937890365
    65.000     85.000     0.007899     0.090286     0.042262   -3010.301448995917   -3010.300114276624
    65.000     86.000     0.006322     0.090410     0.042262   -3010.301559995025   -3010.300305261801
    65.000     87.000     0.004743     0.090507     0.042262   -3010.301674784144   -3010.300510670232
    65.000     88.000     0.003163     0.090576     0.042262   -3010.301793285547   -3010.300730308521
    65.000     89.000     0.001582     0.090617     0.042262   -3010.301915417043   -3010.300963965704
    66.000     69.000     0.032739     0.085287     0.040674   -3010.299745707333   -3010.298589698929
    66.000     70.000     0.031245     0.085845     0.040674   -3010.299785795126   -3010.298537095074
    66.000     71.000     0.029742     0.086377     0.040674   -3010.299830190160   -3010.298499778426
    66.000     72.000     0.028230     0.086883     0.040674   -3010.299878902344   -3010.298477838978
    66.000     73.000     0.026709     0.087363     0.040674   -3010.299931936482   -3010.298471349724
    66.000     74.000     0.025181     0.087816     0.040674   -3010.299989292163   -3010.298480366448
    66.000     75.000     0.023644     0.088242     0.040674   -3010.300050963630   -3010.298504927518
    66.000     76.000     0.022101     0.088641     0.040674   -3010.300116939706   -3010.298545053668
    66.000     77.000     0.020550     0.089013     0.040674   -3010.300187203680   -3010.298600747842
    66.000     78.000     0.018994     0.089358     0.040674   -3010.300261733251   -3010.298671995061
    66.000     79.000     0.017431     0.089676     0.040674   -3010.300340500425   -3010.298758762238
    66.000     80.000     0.015864     0.089967     0.040674   -3010.300423471554   -3010.298860998101
    66.000     81.000     0.014291     0.090230     0.040674   -3010.300510607278   -3010.298978633100
    66.000     82.000     0.012714     0.090465     0.040674   -3010.300601862596   -3010.299111579330
    66.000     83.000     0.011133     0.090674     0.040674   -3010.300697186889   -3010.299259730518
    66.000     84.000     0.009549     0.090854     0.040674   -3010.300796524087   -3010.299422962005
    66.000     85.000     0.007962     0.091007     0.040674   -3010.300899812723   -3010.299601130791
    66.000     86.000     0.006373     0.091132     0.040674   -3010.301006986158   -3010.299794075580
    66.000     87.000     0.004781     0.091229     0.040674   -3010.301117972822   -3010.300001616906
    66.000     88.000     0.003188     0.091299     0.040674   -3010.301232696359   -3010.300223557256
    66.000     89.000     0.001594     0.091341     0.040674   -3010.301351076020   -3010.300459681243
    67.000     69.000     0.032988     0.085937     0.039073   -3010.299280701053   -3010.298098987703
    67.000     70.000     0.031483     0.086499     0.039073   -3010.299316675456   -3010.298045310453
    67.000     71.000     0.029969     0.087035     0.039073   -3010.299356954920   -3010.298007106090
    67.000     72.000     0.028445     0.087545     0.039073   -3010.299401550536   -3010.297984465736
    67.000     73.000     0.026913     0.088028     0.039073   -3010.299450468370   -3010.297977463208
    67.000     74.000     0.025373     0.088485     0.039073   -3010.299503709291   -3010.297986154793
    67.000     75.000     0.023824     0.088914     0.039073   -3010.299561268899   -3010.298010579027
    67.000     76.000     0.022269     0.089316     0.039073   -3010.299623137380   -3010.298050756493
    67.000     77.000     0.020707     0.089691     0.039073   -3010.299689299433   -3010.298106689693
    67.000     78.000     0.019138     0.090039     0.039073   -3010.299759734176   -3010.298178362806
    67.000     79.000     0.017564     0.090359     0.039073   -3010.299834415086   -3010.298265741623
    67.000     80.000     0.015984     0.090652     0.039073   -3010.299913309971   -3010.298368773420
    67.000     81.000     0.014400     0.090917     0.039073   -3010.299996380967   -3010.298487386843
    67.000     82.000     0.012811     0.091155     0.039073   -3010.300083584561   -3010.298621491868
    67.000     83.000     0.011218     0.091364     0.039073   -3010.300174871672   -3010.298770979749
    67.000     84.000     0.009622     0.091546     0.039073   -3010.300270187727   -3010.298935723053
    67.000     85.000     0.008023     0.091700     0.039073   -3010.300369472815   -3010.299115575649
    67.000     86.000     0.006421     0.091826     0.039073   -3010.300472661867   -3010.299310372829
    67.000     87.000     0.004818     0.091924     0.039073   -3010.300579684853   -3010.299519931348
    67.000     88.000     0.003213     0.091994     0.039073   -3010.300690467039   -3010.299744049621
    67.000     89.000     0.001607     0.092036     0.039073   -3010.300804929279   -3010.299982507924
    68.000     69.000     0.033227     0.086560     0.037461   -3010.298837155260   -3010.297637039677
    68.000     70.000     0.031712     0.087127     0.037461   -3010.298868917900   -3010.297582317909
    68.000     71.000     0.030186     0.087667     0.037461   -3010.298904979418   -3010.297543246308
    68.000     72.000     0.028652     0.088180     0.037461   -3010.298945352139   -3010.297519917058
    68.000     73.000     0.027108     0.088667     0.037461   -3010.298990043387   -3010.297512404731
    68.000     74.000     0.025557     0.089127     0.037461   -3010.299039055388   -3010.297520766022
    68.000     75.000     0.023997     0.089559     0.037461   -3010.299092385123   -3010.297545039602
    68.000     76.000     0.022431     0.089964     0.037461   -3010.299150024216   -3010.297585245859
    68.000     77.000     0.020857     0.090342     0.037461   -3010.299211958852   -3010.297641386745
    68.000     78.000     0.019277     0.090692     0.037461   -3010.299278169628   -3010.297713445631
    68.000     79.000     0.017692     0.091015     0.037461   -3010.299348631589   -3010.297801387139
    68.000     80.000     0.016100     0.091310     0.037461   -3010.299423314113   -3010.297905157058
    68.000     81.000     0.014504     0.091577     0.037461   -3010.299502180928   -3010.298024682231
    68.000     82.000     0.012904     0.091816     0.037461   -3010.299585190141   -3010.298159870497
    68.000     83.000     0.011300     0.092027     0.037461   -3010.299672294327   -3010.298310610669
    68.000     84.000     0.009692     0.092210     0.037461   -3010.299763440577   -3010.298476772542
    68.000     85.000     0.008081     0.092366     0.037461   -3010.299858570674   -3010.298658206899
    68.000     86.000     0.006468     0.092493     0.037461   -3010.299957621270   -3010.298854745612
    68.000     87.000     0.004853     0.092591     0.037461   -3010.300060524084   -3010.299066201754
    68.000     88.000     0.003236     0.092662     0.037461   -3010.300167206166   -3010.299292369730
    68.000     89.000     0.001618     0.092704     0.037461   -3010.300277590167   -3010.299533025487
    69.000     69.000     0.033457     0.087157     0.035837   -3010.298415566219   -3010.297204435400
    69.000     70.000     0.031930     0.087728     0.035837   -3010.298443023104   -3010.297148698937
    69.000     71.000     0.030394     0.088272     0.035837   -3010.298474768741   -3010.297108781273
    69.000     72.000     0.028849     0.088789     0.035837   -3010.298510816690   -3010.297084775539
    69.000     73.000     0.027295     0.089279     0.035837   -3010.298551175602   -3010.297076756976
    69.000     74.000     0.025733     0.089742     0.035837   -3010.298595849072   -3010.297084782656
    69.000     75.000     0.024163     0.090177     0.035837   -3010.298644835520   -3010.297108891284
    69.000     76.000     0.022585     0.090585     0.035837   -3010.298698128064   -3010.297149103006
    69.000     77.000     0.021001     0.090965     0.035837   -3010.298755714422   -3010.297205419226
    69.000     78.000     0.019410     0.091318     0.035837   -3010.298817576801   -3010.297277822420
    69.000     79.000     0.017814     0.091643     0.035837   -3010.298883691865   -3010.297366276034
    69.000     80.000     0.016211     0.091940     0.035837   -3010.298954030658   -3010.297470724353
    69.000     81.000     0.014604     0.092209     0.035837   -3010.299028558622   -3010.297591092403
    69.000     82.000     0.012993     0.092449     0.035837   -3010.299107235623   -3010.297727285909
    69.000     83.000     0.011377     0.092662     0.035837   -3010.299190015980   -3010.297879191237
    69.000     84.000     0.009759     0.092847     0.035837   -3010.299276848624   -3010.298046675429
    69.000     85.000     0.008137     0.093003     0.035837   -3010.299367677187   -3010.298229586217
    69.000     86.000     0.006512     0.093131     0.035837   -3010.299462440196   -3010.298427752124
    69.000     87.000     0.004886     0.093230     0.035837   -3010.299561071303   -3010.298640982559
    69.000     88.000     0.003258     0.093301     0.035837   -3010.299663499501   -3010.298869067986
    69.000     89.000     0.001629     0.093344     0.035837   -3010.299769649464   -3010.299111780123
    70.000     69.000     0.033676     0.087728     0.034202   -3010.298016403045   -3010.296801720544
    70.000     70.000     0.032139     0.088302     0.034202   -3010.298039464720   -3010.296745000143
    70.000     71.000     0.030593     0.088850     0.034202   -3010.298066801112   -3010.296704258212
    70.000     72.000     0.029038     0.089370     0.034202   -3010.298098427053   -3010.296679588759
    70.000     73.000     0.027474     0.089863     0.034202   -3010.298134352548   -3010.296671067609
    70.000     74.000     0.025901     0.090329     0.034202   -3010.298174582595   -3010.296678752133
    70.000     75.000     0.024321     0.090767     0.034202   -3010.298219117105   -3010.296702681037
    70.000     76.000     0.022733     0.091178     0.034202   -3010.298267950745   -3010.296742874157
    70.000     77.000     0.021138     0.091561     0.034202   -3010.298321072852   -3010.296799332283
    70.000     78.000     0.019537     0.091916     0.034202   -3010.298378467288   -3010.296872036999
    70.000     79.000     0.017930     0.092243     0.034202   -3010.298440112427   -3010.296960950527
    70.000     80.000     0.016318     0.092542     0.034202   -3010.298505981093   -3010.297066015659
    70.000     81.000     0.014700     0.092812     0.034202   -3010.298576040548   -3010.297187155588
    70.000     82.000     0.013078     0.093055     0.034202   -3010.298650252512   -3010.297324273912
    70.000     83.000     0.011452     0.093269     0.034202   -3010.298728573233   -3010.297477254589
    70.000     84.000     0.009822     0.093454     0.034202   -3010.298810953579   -3010.297645961940
    70.000     85.000     0.008190     0.093612     0.034202   -3010.298897339198   -3010.297830240684
    70.000     86.000     0.006555     0.093740     0.034202   -3010.298987670661   -3010.298029916026
    70.000     87.000     0.004918     0.093840     0.034202   -3010.299081883714   -3010.298244793778
    70.000     88.000     0.003279     0.093912     0.034202   -3010.299179909514   -3010.298474660547
    70.000     89.000     0.001640     0.093955     0.034202   -3010.299281674912   -3010.298719283911
    71.000     69.000     0.033884     0.088272     0.032557   -3010.297640107405   -3010.296429405267
    71.000     70.000     0.032339     0.088850     0.032557   -3010.297658689049   -3010.296371732545
    71.000     71.000     0.030783     0.089401     0.032557   -3010.297681527546   -3010.296330188723
    71.000     72.000     0.029218     0.089924     0.032557   -3010.297708639030   -3010.296304868623
    71.000     73.000     0.027644     0.090420     0.032557   -3010.297740034850   -3010.296295848572
    71.000     74.000     0.026062     0.090889     0.032557   -3010.297775721482   -3010.296303186184
    71.000     75.000     0.024472     0.091330     0.032557   -3010.297815700349   -3010.296326920078
    71.000     76.000     0.022874     0.091743     0.032557   -3010.297859967728   -3010.296367069747
    71.000     77.000     0.021270     0.092128     0.032557   -3010.297908514614   -3010.296423635329
    71.000     78.000     0.019658     0.092486     0.032557   -3010.297961326636   -3010.296496597470
    71.000     79.000     0.018041     0.092815     0.032557   -3010.298018383966   -3010.296585917176
    71.000     80.000     0.016419     0.093115     0.032557   -3010.298079661286   -3010.296691535686
    71.000     81.000     0.014791     0.093388     0.032557   -3010.298145127779   -3010.296813374403
    71.000     82.000     0.013159     0.093632     0.032557   -3010.298214747159   -3010.296951334805
    71.000     83.000     0.011523     0.093847     0.032557   -3010.298288477706   -3010.297105298456
    71.000     84.000     0.009883     0.094034     0.032557   -3010.298366272397   -3010.297275126979
    71.000     85.000     0.008241     0.094192     0.032557   -3010.298448079031   -3010.297460662134
    71.000     86.000     0.006596     0.094322     0.032557   -3010.298533840398   -3010.297661725860
    71.000     87.000     0.004948     0.094422     0.032557   -3010.298623494520   -3010.297878120466
    71.000     88.000     0.003300     0.094494     0.032557   -3010.298716974876   -3010.298109628755
    71.000     89.000     0.001650     0.094537     0.032557   -3010.298814210710   -3010.298356014252
    72.000     69.000     0.034083     0.088789     0.030902   -3010.297287093153   -3010.296087963566
    72.000     70.000     0.032528     0.089370     0.030902   -3010.297301114744   -3010.296029370908
    72.000     71.000     0.030963     0.089924     0.030902   -3010.297319371561   -3010.295987048115
    72.000     72.000     0.029389     0.090451     0.030902   -3010.297341881028   -3010.295961090721
    72.000     73.000     0.027806     0.090950     0.030902   -3010.297368655918   -3010.295951575485
    72.000     74.000     0.026215     0.091421     0.030902   -3010.297399704164   -3010.295958560160
    72.000     75.000     0.024615     0.091865     0.030902   -3010.297435028779   -3010.295982083266
    72.000     76.000     0.023008     0.092281     0.030902   -3010.297474627702   -3010.296022163868
    72.000     77.000     0.021394     0.092668     0.030902   -3010.297518493638   -3010.296078801442
    72.000     78.000     0.019774     0.093027     0.030902   -3010.297566614047   -3010.296151975655
    72.000     79.000     0.018147     0.093358     0.030902   -3010.297618970987   -3010.296241646251
    72.000     80.000     0.016515     0.093661     0.030902   -3010.297675541097   -3010.296347752958
    72.000     81.000     0.014878     0.093935     0.030902   -3010.297736295597   -3010.296470215354
    72.000     82.000     0.013236     0.094180     0.030902   -3010.297801200294   -3010.296608932837
    72.000     83.000     0.011590     0.094397     0.030902   -3010.297870215653   -3010.296763784586
    72.000     84.000     0.009941     0.094585     0.030902   -3010.297943296882   -3010.296934629584
    72.000     85.000     0.008289     0.094744     0.030902   -3010.298020394089   -3010.297121306661
    72.000     86.000     0.006634     0.094874     0.030902   -3010.298101452453   -3010.297323634576
    72.000     87.000     0.004977     0.094975     0.030902   -3010.298186412429   -3010.297541412200
    72.000     88.000     0.003319     0.095048     0.030902   -3010.298275210014   -3010.297774418616
    72.000     89.000     0.001660     0.095091     0.030902   -3010.298367777040   -3010.298022413408
    73.000     69.000     0.034271     0.089279     0.029237   -3010.296957746090   -3010.295777832675
    73.000     70.000     0.032708     0.089863     0.029237   -3010.296967132501   -3010.295718353216
    73.000     71.000     0.031134     0.090420     0.029237   -3010.296980728831   -3010.295675274851
    73.000     72.000     0.029551     0.090950     0.029237   -3010.296998553796   -3010.295648693748
    73.000     73.000     0.027960     0.091452     0.029237   -3010.297020621591   -3010.295638687018
    73.000     74.000     0.026359     0.091926     0.029237   -3010.297046941686   -3010.295645312493
    73.000     75.000     0.024751     0.092372     0.029237   -3010.297077518706   -3010.295668608514
    73.000     76.000     0.023135     0.092790     0.029237   -3010.297112352273   -3010.295708593705
    73.000     77.000     0.021512     0.093179     0.029237   -3010.297151436916   -3010.295765266799
    73.000     78.000     0.019883     0.093541     0.029237   -3010.297194761954   -3010.295838606476
    73.000     79.000     0.018247     0.093873     0.029237   -3010.297242311422   -3010.295928571225
    73.000     80.000     0.016606     0.094178     0.029237   -3010.297294064023   -3010.296035099227
    73.000     81.000     0.014960     0.094453     0.029237   -3010.297349993099   -3010.296158108260
    73.000     82.000     0.013309     0.094700     0.029237   -3010.297410066684   -3010.296297495649
    73.000     83.000     0.011654     0.094918     0.029237   -3010.297474247544   -3010.296453138244
    73.000     84.000     0.009996     0.095107     0.029237   -3010.297542493262   -3010.296624892401
    73.000     85.000     0.008335     0.095267     0.029237   -3010.297614756417   -3010.296812594115
    73.000     86.000     0.006671     0.095398     0.029237   -3010.297690984720   -3010.297016059022
    73.000     87.000     0.005005     0.095499     0.029237   -3010.297771121242   -3010.297235082603
    73.000     88.000     0.003337     0.095572     0.029237   -3010.297855104687   -3010.297469440358
    73.000     89.000     0.001669     0.095616     0.029237   -3010.297942869641   -3010.297718888046
    74.000     69.000     0.034449     0.089742     0.027564   -3010.296652423705   -3010.295499412524
    74.000     70.000     0.032877     0.090329     0.027564   -3010.296657104844   -3010.295439080063
    74.000     71.000     0.031296     0.090889     0.027564   -3010.296665966951   -3010.295395269978
    74.000     72.000     0.029705     0.091421     0.027564   -3010.296679030094   -3010.295368078956
    74.000     73.000     0.028105     0.091926     0.027564   -3010.296696309916   -3010.295357584392
    74.000     74.000     0.026496     0.092402     0.027564   -3010.296717817417   -3010.295363844145
    74.000     75.000     0.024879     0.092851     0.027564   -3010.296743558875   -3010.295386896295
    74.000     76.000     0.023255     0.093271     0.027564   -3010.296773535683   -3010.295426758974
    74.000     77.000     0.021624     0.093662     0.027564   -3010.296807744214   -3010.295483430160
    74.000     78.000     0.019986     0.094026     0.027564   -3010.296846175731   -3010.295556887512
    74.000     79.000     0.018342     0.094360     0.027564   -3010.296888816326   -3010.295647088244
    74.000     80.000     0.016692     0.094666     0.027564   -3010.296935646837   -3010.295753969006
    74.000     81.000     0.015037     0.094943     0.027564   -3010.296986642862   -3010.295877445781
    74.000     82.000     0.013378     0.095191     0.027564   -3010.297041774755   -3010.296017413842
    74.000     83.000     0.011715     0.095410     0.027564   -3010.297101007708   -3010.296173747732
    74.000     84.000     0.010048     0.095600     0.027564   -3010.297164301836   -3010.296346301284
    74.000     85.000     0.008378     0.095760     0.027564   -3010.297231612319   -3010.296534907663
    74.000     86.000     0.006705     0.095892     0.027564   -3010.297302889568   -3010.296739379477
    74.000     87.000     0.005031     0.095994     0.027564   -3010.297378079458   -3010.296959508942
    74.000     88.000     0.003355     0.096068     0.027564   -3010.297457123545   -3010.297195068052
    74.000     89.000     0.001678     0.096112     0.027564   -3010.297539959385   -3010.297445808826
    75.000     69.000     0.034616     0.090177     0.025882   -3010.296371454951   -3010.295253065225
    75.000     70.000     0.033037     0.090767     0.025882   -3010.296371365830   -3010.295191914202
    75.000     71.000     0.031447     0.091330     0.025882   -3010.296375425216   -3010.295147396642
    75.000     72.000     0.029849     0.091865     0.025882   -3010.296383654528   -3010.295119609678
    75.000     73.000     0.028241     0.092372     0.025882   -3010.296396070845   -3010.295108630904
    75.000     74.000     0.026625     0.092851     0.025882   -3010.296412686776   -3010.295114518116
    75.000     75.000     0.025000     0.093301     0.025882   -3010.296433510268   -3010.295137309117
    75.000     76.000     0.023368     0.093723     0.025882   -3010.296458544520   -3010.295177021484
    75.000     77.000     0.021729     0.094117     0.025882   -3010.296487787801   -3010.295233652402
    75.000     78.000     0.020083     0.094482     0.025882   -3010.296521233422   -3010.295307178493
    75.000     79.000     0.018431     0.094818     0.025882   -3010.296558869561   -3010.295397555695
    75.000     80.000     0.016773     0.095125     0.025882   -3010.296600679314   -3010.295504719111
    75.000     81.000     0.015110     0.095403     0.025882   -3010.296646640617   -3010.295628582953
    75.000     82.000     0.013443     0.095653     0.025882   -3010.296696726277   -3010.295769040487
    75.000     83.000     0.011772     0.095873     0.025882   -3010.296750904017   -3010.295925963998
    75.000     84.000     0.010097     0.096063     0.025882   -3010.296809136629   -3010.296099204803
    75.000     85.000     0.008419     0.096225     0.025882   -3010.296871382029   -3010.296288593359
    75.000     86.000     0.006738     0.096357     0.025882   -3010.296937593506   -3010.296493939319
    75.000     87.000     0.005055     0.096460     0.025882   -3010.297007719882   -3010.296715031714
    75.000     88.000     0.003371     0.096534     0.025882   -3010.297081705764   -3010.296951639150
    75.000     89.000     0.001686     0.096578     0.025882   -3010.297159491854   -3010.297203510061
