 # Printing electron repulsion integrals in spatial MO basis
      5.47090217711851289906e-01 	 1 1 1 1
      5.44092715543703555475e-03 	 1 1 2 1
      1.50899237324359530854e-01 	 1 1 2 2
      2.34907443834827811546e-02 	 1 1 3 1
     -4.40686097468429450325e-03 	 1 1 3 2
      3.07292273823448147674e-01 	 1 1 3 3
     -5.28011970090203931749e-03 	 1 1 4 1
      1.31532489100430493613e-03 	 1 1 4 2
     -1.22242173140707215823e-02 	 1 1 4 3
      1.88651273707282324255e-01 	 1 1 4 4
      2.34910517463306107999e-02 	 1 1 5 1
     -1.15372640926744863404e-02 	 1 1 5 2
     -1.53117770539058905416e-02 	 1 1 5 3
     -5.59784567172546144304e-03 	 1 1 5 4
      3.07295262923492129570e-01 	 1 1 5 5
      5.42747669887352467838e-03 	 1 1 6 1
     -9.72044977961400967232e-05 	 1 1 6 2
     -1.15304705676538953724e-02 	 1 1 6 3
     -6.64998411031101233776e-03 	 1 1 6 4
     -4.39818753462878180016e-03 	 1 1 6 5
      1.50907465966237136490e-01 	 1 1 6 6
      5.32054383155808937461e-03 	 1 1 7 1
      6.65618745223669865119e-03 	 1 1 7 2
      5.58932984972747640140e-03 	 1 1 7 3
      5.58755154913105102354e-03 	 1 1 7 4
      1.22229622876938240350e-02 	 1 1 7 5
     -1.33014781119531974064e-03 	 1 1 7 6
      1.88637226551549047615e-01 	 1 1 7 7
      4.82177929455116019430e-02 	 1 1 8 1
      3.93557057456258956030e-03 	 1 1 8 2
     -6.93221941595206607445e-03 	 1 1 8 3
     -5.06397838687601921565e-05 	 1 1 8 4
     -6.92944826149740570470e-03 	 1 1 8 5
      3.92766205217916219983e-03 	 1 1 8 6
      3.02503046380863566697e-05 	 1 1 8 7
      2.70565018051719174963e-01 	 1 1 8 8
      5.44092715543704075892e-03 	 2 1 1 1
      1.38649932899204716800e-03 	 2 1 2 1
      1.20366475593857010992e-03 	 2 1 2 2
      5.87397037486976007596e-04 	 2 1 3 1
     -8.35931445554997563062e-04 	 2 1 3 2
      2.81653547204421686803e-03 	 2 1 3 3
      3.54858689179093401717e-04 	 2 1 4 1
      2.87826719346061712782e-05 	 2 1 4 2
     -7.90322144228583381258e-04 	 2 1 4 3
      6.12190979630880083122e-04 	 2 1 4 4
      2.78102630350607392482e-04 	 2 1 5 1
     -1.54668495932896283250e-03 	 2 1 5 2
     -5.75591205089446482195e-04 	 2 1 5 3
     -3.80278970691964315291e-04 	 2 1 5 4
      5.91632227166641647652e-04 	 2 1 5 5
      4.61196317864954769428e-04 	 2 1 6 1
     -4.26636706092088917753e-04 	 2 1 6 2
     -1.13754123291143812574e-03 	 2 1 6 3
     -1.28988359615848989341e-03 	 2 1 6 4
     -4.91690524739224216894e-04 	 2 1 6 5
     -1.99080918030300648000e-04 	 2 1 6 6
     -5.28061421089871113610e-04 	 2 1 7 1
      1.48422955442267063761e-03 	 2 1 7 2
      5.67177523709116418633e-04 	 2 1 7 3
      2.77134553715355854038e-04 	 2 1 7 4
      1.05270746798953964730e-03 	 2 1 7 5
      2.99819136284647463995e-04 	 2 1 7 6
      2.96762711763407871848e-03 	 2 1 7 7
      4.68323703560445940997e-04 	 2 1 8 1
     -6.32180546214472613605e-04 	 2 1 8 2
     -5.40323618700143008331e-05 	 2 1 8 3
      6.00040074558982443060e-06 	 2 1 8 4
     -2.18191958831633867110e-04 	 2 1 8 5
     -7.37673851239089060179e-05 	 2 1 8 6
      2.07521993554556560477e-04 	 2 1 8 7
      3.68251471883721112274e-03 	 2 1 8 8
      1.50899237324359364321e-01 	 2 2 1 1
      1.20366475593846364127e-03 	 2 2 2 1
      3.79520480608437682513e-01 	 2 2 2 2
     -8.14000608315114046465e-03 	 2 2 3 1
     -2.18352279541773018623e-03 	 2 2 3 2
      1.27527060265182679011e-01 	 2 2 3 3
      5.58666408999207875913e-03 	 2 2 4 1
     -3.19900786467335485758e-03 	 2 2 4 2
      6.62876761466008827123e-03 	 2 2 4 3
      1.72511527494967120688e-01 	 2 2 4 4
     -9.92360947746023097649e-03 	 2 2 5 1
     -3.04643424440362298178e-03 	 2 2 5 2
      7.13205147613822035974e-03 	 2 2 5 3
      1.70879101904062636642e-03 	 2 2 5 4
      1.19238191216870528799e-01 	 2 2 5 5
     -1.87991796036672352945e-04 	 2 2 6 1
     -4.11308563900703635235e-03 	 2 2 6 2
      9.51387686029158026468e-03 	 2 2 6 3
      1.21226227616432948725e-02 	 2 2 6 4
      5.37009979436940156072e-03 	 2 2 6 5
      2.09014496991608150767e-01 	 2 2 6 6
     -6.19172188787970711327e-03 	 2 2 7 1
      6.06412622179278593820e-03 	 2 2 7 2
     -1.86451935625809727022e-03 	 2 2 7 3
     -9.47711565857443970565e-04 	 2 2 7 4
     -6.31419464087746955261e-03 	 2 2 7 5
     -2.34228756197549497359e-03 	 2 2 7 6
      2.59055313053842994897e-01 	 2 2 7 7
     -2.03556180484417113818e-02 	 2 2 8 1
      2.78449550203622823996e-03 	 2 2 8 2
      3.16221816988172636786e-03 	 2 2 8 3
     -8.32312129620442833766e-03 	 2 2 8 4
      2.50460824364767036324e-03 	 2 2 8 5
     -5.98563159935844042031e-03 	 2 2 8 6
      7.35814341794105170741e-03 	 2 2 8 7
      1.98959075618900305127e-01 	 2 2 8 8
      2.34907443834826840101e-02 	 3 1 1 1
      5.87397037486966141356e-04 	 3 1 2 1
     -8.14000608315120638414e-03 	 3 1 2 2
      7.72254858486051253691e-03 	 3 1 3 1
     -1.66686339068762979891e-03 	 3 1 3 2
      3.72784848354958120442e-02 	 3 1 3 3
     -7.58814648899411108539e-04 	 3 1 4 1
     -2.65777439500890731976e-04 	 3 1 4 2
     -3.30390209483024657397e-03 	 3 1 4 3
     -3.43274627714282645763e-03 	 3 1 4 4
      1.08638291880880583432e-03 	 3 1 5 1
     -2.00007863023108278452e-03 	 3 1 5 2
     -2.76574347423075295183e-03 	 3 1 5 3
     -6.24322981449654040506e-04 	 3 1 5 4
      7.56189580395357288656e-03 	 3 1 5 5
      2.75931196522702121710e-04 	 3 1 6 1
     -7.42517036720912273519e-04 	 3 1 6 2
     -3.46927472514496019335e-03 	 3 1 6 3
     -1.76850048216357393083e-03 	 3 1 6 4
     -7.89707649087309569540e-04 	 3 1 6 5
     -9.91959386159364277236e-03 	 3 1 6 6
      1.17861931602997031289e-03 	 3 1 7 1
      2.50837869150513518082e-03 	 3 1 7 2
      1.20512225075971300160e-03 	 3 1 7 3
      7.13740286819380454798e-04 	 3 1 7 4
      1.74961594057998709797e-03 	 3 1 7 5
      3.08942803209197812929e-04 	 3 1 7 6
      1.09243331842537338451e-03 	 3 1 7 7
      5.01180335670101204798e-03 	 3 1 8 1
      9.62649141231343994166e-04 	 3 1 8 2
     -9.88454417019338270681e-04 	 3 1 8 3
      1.12053003506659611815e-03 	 3 1 8 4
     -1.09676660036274443120e-03 	 3 1 8 5
      4.87289640071982737071e-04 	 3 1 8 6
     -5.83615488959617696903e-04 	 3 1 8 7
      2.02774064705633265751e-03 	 3 1 8 8
     -4.40686097468429710533e-03 	 3 2 1 1
     -8.35931445555003200913e-04 	 3 2 2 1
     -2.18352279541778222793e-03 	 3 2 2 2
     -1.66686339068763044943e-03 	 3 2 3 1
      1.85457821474602842400e-03 	 3 2 3 2
     -1.65302186327914713004e-02 	 3 2 3 3
     -1.86395863114933942094e-04 	 3 2 4 1
      8.40252867038799688797e-04 	 3 2 4 2
      1.98138720473909355282e-03 	 3 2 4 3
      1.68286316637659060999e-03 	 3 2 4 4
     -7.91272001233501456018e-04 	 3 2 5 1
      2.46747381746349010376e-03 	 3 2 5 2
      1.37118565753267286633e-03 	 3 2 5 3
      6.43993953190125176939e-04 	 3 2 5 4
     -1.34758010623586572257e-03 	 3 2 5 5
     -4.92132442858173794857e-04 	 3 2 6 1
      1.70889514799016178047e-03 	 3 2 6 2
      2.34442192300893291826e-03 	 3 2 6 3
      1.66868901097342930626e-03 	 3 2 6 4
      8.42149051016550295040e-04 	 3 2 6 5
      5.37648475016668132842e-03 	 3 2 6 6
      2.44699406066887874527e-04 	 3 2 7 1
     -2.91443135585237262167e-03 	 3 2 7 2
     -8.39592802230720337830e-04 	 3 2 7 3
     -5.91030151443055562846e-04 	 3 2 7 4
     -1.46119704954834938107e-03 	 3 2 7 5
     -6.25940861240006354502e-04 	 3 2 7 6
     -3.34339827719992363497e-03 	 3 2 7 7
     -1.46559947716323269243e-03 	 3 2 8 1
     -5.69628718163677915005e-04 	 3 2 8 2
      4.27112227482378094615e-04 	 3 2 8 3
     -3.04604363115536810967e-04 	 3 2 8 4
      3.22447147457592209283e-04 	 3 2 8 5
     -2.03665428844271274118e-04 	 3 2 8 6
      3.46514313539163731036e-04 	 3 2 8 7
     -1.82874398655128648887e-03 	 3 2 8 8
      3.07292273823448092163e-01 	 3 3 1 1
      2.81653547204422987846e-03 	 3 3 2 1
      1.27527060265182734522e-01 	 3 3 2 2
      3.72784848354958397998e-02 	 3 3 3 1
     -1.65302186327914470143e-02 	 3 3 3 2
      6.55687867489802678200e-01 	 3 3 3 3
     -3.48861382574003342505e-03 	 3 3 4 1
      1.65064610528888153392e-03 	 3 3 4 2
     -2.90973746551811372762e-02 	 3 3 4 3
      1.41216054696986476058e-01 	 3 3 4 4
      7.56009268803619141619e-03 	 3 3 5 1
     -6.21424665633130927228e-03 	 3 3 5 2
     -2.04626201111391924081e-02 	 3 3 5 3
     -2.02808827539196307940e-03 	 3 3 5 4
      2.04507809776057286610e-01 	 3 3 5 5
      5.84891640907047195147e-04 	 3 3 6 1
      2.17911612479938885268e-04 	 3 3 6 2
     -2.95486565760055483465e-02 	 3 3 6 3
     -8.48364186033773778201e-04 	 3 3 6 4
     -1.34341880161457992264e-03 	 3 3 6 5
      1.19231890116584818284e-01 	 3 3 6 6
      4.57586130109048985770e-03 	 3 3 7 1
      7.66968940608940292353e-03 	 3 3 7 2
      8.01298744158280423777e-03 	 3 3 7 3
      4.13039454300449977719e-03 	 3 3 7 4
      7.26592684431027428099e-03 	 3 3 7 5
     -3.95751489584922257897e-04 	 3 3 7 6
      1.73224142995307806014e-01 	 3 3 7 7
      2.49964766256601696182e-02 	 3 3 8 1
      3.94604316688665877899e-03 	 3 3 8 2
     -8.19101170893139426954e-03 	 3 3 8 3
      2.57893085682735830749e-03 	 3 3 8 4
     -5.15156282344309424809e-03 	 3 3 8 5
      2.37245779645608523625e-03 	 3 3 8 6
      6.41293209091361982553e-04 	 3 3 8 7
      1.92326362809705303514e-01 	 3 3 8 8
     -5.28011970090209396128e-03 	 4 1 1 1
      3.54858689179067706126e-04 	 4 1 2 1
      5.58666408999199028823e-03 	 4 1 2 2
     -7.58814648899403735964e-04 	 4 1 3 1
     -1.86395863114935622607e-04 	 4 1 3 2
     -3.48861382574003255769e-03 	 4 1 3 3
      1.72001697059452596759e-03 	 4 1 4 1
     -1.30235776300517062769e-04 	 4 1 4 2
     -5.76097870661806130479e-04 	 4 1 4 3
      5.70331267256503262469e-03 	 4 1 4 4
     -1.17355590527366306086e-03 	 4 1 5 1
     -4.47529630760741493553e-04 	 4 1 5 2
      2.48612855751133201426e-04 	 4 1 5 3
     -3.37462634925757927386e-04 	 4 1 5 4
     -4.55405156559832244995e-03 	 4 1 5 5
      5.30676448487038630170e-04 	 4 1 6 1
     -1.06031941291634008713e-04 	 4 1 6 2
     -6.88635181170747941691e-04 	 4 1 6 3
     -9.19360565442581137777e-04 	 4 1 6 4
     -2.46429925948069407458e-04 	 4 1 6 5
      6.18673701990755942060e-03 	 4 1 6 6
     -1.11209949191254419201e-03 	 4 1 7 1
      1.05273209388148701951e-03 	 4 1 7 2
      2.43826768542402183212e-04 	 4 1 7 3
      4.65194624405610229691e-05 	 4 1 7 4
      2.00300227328807894499e-04 	 4 1 7 5
     -1.73222831359506670708e-05 	 4 1 7 6
      4.24837951238257478109e-03 	 4 1 7 7
     -2.14367097700893368892e-03 	 4 1 8 1
     -2.41006360301662301247e-04 	 4 1 8 2
      2.24563410162611175585e-04 	 4 1 8 3
     -1.06327062319039669647e-03 	 4 1 8 4
      3.05915251293457750303e-04 	 4 1 8 5
     -4.83723695292442683324e-04 	 4 1 8 6
      8.51897785740757078343e-04 	 4 1 8 7
      6.58250777881742334119e-03 	 4 1 8 8
      1.31532489100430428561e-03 	 4 2 1 1
      2.87826719345922799379e-05 	 4 2 2 1
     -3.19900786467344419584e-03 	 4 2 2 2
     -2.65777439500886286747e-04 	 4 2 3 1
      8.40252867038797411972e-04 	 4 2 3 2
      1.65064610528887611290e-03 	 4 2 3 3
     -1.30235776300505543121e-04 	 4 2 4 1
      1.45858903643206259775e-03 	 4 2 4 2
      7.14252371832969543651e-04 	 4 2 4 3
     -4.11336160188927307119e-03 	 4 2 4 4
     -3.12159282657108064305e-04 	 4 2 5 1
      9.72859329021508894599e-04 	 4 2 5 2
      4.04028270955710140915e-04 	 4 2 5 3
      4.64002965199458966127e-04 	 4 2 5 4
      3.88927026298808195103e-04 	 4 2 5 5
     -3.02767857161211594030e-04 	 4 2 6 1
      1.68850793850640074761e-03 	 4 2 6 2
      5.76153262520896010564e-04 	 4 2 6 3
      4.85715677502260518086e-04 	 4 2 6 4
      6.29470751012635464962e-04 	 4 2 6 5
      2.33958620915364996426e-03 	 4 2 6 6
     -1.43504970685361998362e-05 	 4 2 7 1
     -1.22088591884755002549e-03 	 4 2 7 2
     -3.44793052410055276234e-04 	 4 2 7 3
     -5.80845862143481578288e-04 	 4 2 7 4
     -3.06178564569385106182e-04 	 4 2 7 5
     -5.86589292810280461647e-04 	 4 2 7 6
     -3.26306739121881865442e-04 	 4 2 7 7
     -5.55788071580428310291e-04 	 4 2 8 1
     -6.26967489464578977935e-04 	 4 2 8 2
      1.41565028057523119385e-04 	 4 2 8 3
     -3.06555800473578339994e-04 	 4 2 8 4
      6.04515324084222750462e-05 	 4 2 8 5
     -1.83481562489291432630e-04 	 4 2 8 6
      5.90870517596400919580e-04 	 4 2 8 7
      1.09185436812119689501e-03 	 4 2 8 8
     -1.22242173140707025003e-02 	 4 3 1 1
     -7.90322144228570370832e-04 	 4 3 2 1
      6.62876761466012209834e-03 	 4 3 2 2
     -3.30390209483025264550e-03 	 4 3 3 1
      1.98138720473909528755e-03 	 4 3 3 2
     -2.90973746551810852345e-02 	 4 3 3 3
     -5.76097870661803636815e-04 	 4 3 4 1
      7.14252371832973013098e-04 	 4 3 4 2
      4.67986669231649360379e-03 	 4 3 4 3
     -1.07264727722088636097e-02 	 4 3 4 4
     -1.74985176966830475141e-03 	 4 3 5 1
      3.12608386120402171118e-03 	 4 3 5 2
      2.46794621153716663142e-03 	 4 3 5 3
      1.13026030958426112333e-03 	 4 3 5 4
     -7.26714322275882982499e-03 	 4 3 5 5
     -1.05191336153082374769e-03 	 4 3 6 1
      1.25677420950715337811e-03 	 4 3 6 2
      4.88475540682059561348e-03 	 4 3 6 3
      4.20164836524601886109e-03 	 4 3 6 4
      1.45800963649410342780e-03 	 4 3 6 5
      6.30917996532478347893e-03 	 4 3 6 6
      1.95532829261356520638e-04 	 4 3 7 1
     -3.81127842400115967800e-03 	 4 3 7 2
     -1.21180619236624853227e-03 	 4 3 7 3
     -9.79416387075043555835e-04 	 4 3 7 4
     -2.55459177554390659201e-03 	 4 3 7 5
     -2.98394315527191237528e-04 	 4 3 7 6
     -1.83228940989650385812e-03 	 4 3 7 7
     -3.46800479177647273665e-03 	 4 3 8 1
     -7.70224870453830234504e-04 	 4 3 8 2
      9.91964736461048955662e-04 	 4 3 8 3
     -5.33781763264521021649e-04 	 4 3 8 4
      7.35227965972437536545e-04 	 4 3 8 5
     -8.71648437862379424704e-04 	 4 3 8 6
      5.44823451799884990975e-04 	 4 3 8 7
     -7.67400053206088346436e-03 	 4 3 8 8
      1.88651273707282407521e-01 	 4 4 1 1
      6.12190979630906971336e-04 	 4 4 2 1
      1.72511527494967314977e-01 	 4 4 2 2
     -3.43274627714286028474e-03 	 4 4 3 1
      1.68286316637656610702e-03 	 4 4 3 2
      1.41216054696986476058e-01 	 4 4 3 3
      5.70331267256493114337e-03 	 4 4 4 1
     -4.11336160188929648995e-03 	 4 4 4 2
     -1.07264727722088237111e-02 	 4 4 4 3
      4.13879651467610631954e-01 	 4 4 4 4
      1.09567592979363309311e-03 	 4 4 5 1
     -3.28939597439202320150e-04 	 4 4 5 2
      4.19371524963516051094e-04 	 4 4 5 3
     -1.49559281047705874487e-03 	 4 4 5 4
      1.73245744736094442473e-01 	 4 4 5 5
      2.96412344136102057918e-03 	 4 4 6 1
     -3.50972499897425843987e-03 	 4 4 6 2
     -5.55156880635813976266e-03 	 4 4 6 3
     -1.72527812715460686366e-02 	 4 4 6 4
     -3.33156878591642615153e-03 	 4 4 6 5
      2.59081826056354380672e-01 	 4 4 6 6
     -4.25046796460141346197e-03 	 4 4 7 1
     -1.91951645090305796429e-03 	 4 4 7 2
      5.80324791564599574978e-04 	 4 4 7 3
      8.25396246126590057979e-03 	 4 4 7 4
      1.83609700915822546957e-03 	 4 4 7 5
      3.03133414044934161331e-04 	 4 4 7 6
      1.80003472375537654226e-01 	 4 4 7 7
      2.79332790675713288353e-03 	 4 4 8 1
     -8.18212293877056172711e-04 	 4 4 8 2
     -2.74373296910445209698e-03 	 4 4 8 3
     -4.96066339303147686018e-03 	 4 4 8 4
     -1.52856262990136871488e-03 	 4 4 8 5
      6.95771554383904731328e-03 	 4 4 8 6
      2.46785665078514359055e-04 	 4 4 8 7
      2.61638096316591461932e-01 	 4 4 8 8
      2.34910517463305830443e-02 	 5 1 1 1
      2.78102630350606850381e-04 	 5 1 2 1
     -9.92360947746025526262e-03 	 5 1 2 2
      1.08638291880880236487e-03 	 5 1 3 1
     -7.91272001233503190741e-04 	 5 1 3 2
      7.56009268803626340721e-03 	 5 1 3 3
     -1.17355590527366869871e-03 	 5 1 4 1
     -3.12159282657109040087e-04 	 5 1 4 2
     -1.74985176966830214933e-03 	 5 1 4 3
      1.09567592979357693143e-03 	 5 1 4 4
      7.72329878196658953932e-03 	 5 1 5 1
     -3.47065423449651432042e-03 	 5 1 5 2
     -2.76537947076094334925e-03 	 5 1 5 3
     -1.20797057180364094536e-03 	 5 1 5 4
      3.72799593248750171792e-02 	 5 1 5 5
      5.84696573479837836823e-04 	 5 1 6 1
     -7.42369077348464540683e-04 	 5 1 6 2
     -1.99759183076496631831e-03 	 5 1 6 3
     -2.50628157822873134930e-03 	 5 1 6 4
     -1.66376612032898061992e-03 	 5 1 6 5
     -8.13701441015406146118e-03 	 5 1 6 6
      7.64316139542672899967e-04 	 5 1 7 1
      1.76833266184923303468e-03 	 5 1 7 2
      6.22743622696631058538e-04 	 5 1 7 3
      7.14289729773138516722e-04 	 5 1 7 4
      3.30285797185791638042e-03 	 5 1 7 5
      2.62707581931042677761e-04 	 5 1 7 6
     -3.43480226448163086100e-03 	 5 1 7 7
      5.01220829791617413645e-03 	 5 1 8 1
      4.87407437496731690309e-04 	 5 1 8 2
     -1.09698051797088190137e-03 	 5 1 8 3
      5.78844391297876170559e-04 	 5 1 8 4
     -9.87735768187091196790e-04 	 5 1 8 5
      9.62697647736657485112e-04 	 5 1 8 6
     -1.12458613758901994004e-03 	 5 1 8 7
      2.02703710261193607162e-03 	 5 1 8 8
     -1.15372640926744603196e-02 	 5 2 1 1
     -1.54668495932896283250e-03 	 5 2 2 1
     -3.04643424440362428282e-03 	 5 2 2 2
     -2.00007863023108842238e-03 	 5 2 3 1
      2.46747381746348793535e-03 	 5 2 3 2
     -6.21424665633130840492e-03 	 5 2 3 3
     -4.47529630760745505101e-04 	 5 2 4 1
      9.72859329021509219859e-04 	 5 2 4 2
      3.12608386120402561431e-03 	 5 2 4 3
     -3.28939597439226823119e-04 	 5 2 4 4
     -3.47065423449651995827e-03 	 5 2 5 1
      7.20616769278070376514e-03 	 5 2 5 2
      2.79804335903534838470e-03 	 5 2 5 3
      1.48434800157801606406e-03 	 5 2 5 4
     -2.95615123583436445465e-02 	 5 2 5 5
     -1.13757210991901041436e-03 	 5 2 6 1
      2.63563141265142197173e-03 	 5 2 6 2
      3.91862381801302925993e-03 	 5 2 6 3
      4.80466644198824371914e-03 	 5 2 6 4
      2.34101719119815315437e-03 	 5 2 6 5
      9.51743734902054869251e-03 	 5 2 6 6
      6.83721299296020999618e-04 	 5 2 7 1
     -6.93080386099456224186e-03 	 5 2 7 2
     -1.30815457104649455339e-03 	 5 2 7 3
     -7.73304926846616973689e-04 	 5 2 7 4
     -4.88840941162835447564e-03 	 5 2 7 5
     -5.65590454080983789410e-04 	 5 2 7 6
     -5.56173696478363694534e-03 	 5 2 7 7
     -3.61233740034493447379e-03 	 5 2 8 1
     -1.36104929152046469527e-03 	 5 2 8 2
      7.47378505948372430338e-04 	 5 2 8 3
     -4.29456556175032287855e-04 	 5 2 8 4
      9.41157833884418630437e-04 	 5 2 8 5
     -7.01445138755960365638e-04 	 5 2 8 6
      8.48088201923875937421e-04 	 5 2 8 7
     -5.94418259239880373418e-03 	 5 2 8 8
     -1.53117770539058922763e-02 	 5 3 1 1
     -5.75591205089447566397e-04 	 5 3 2 1
      7.13205147613824204378e-03 	 5 3 2 2
     -2.76574347423074991606e-03 	 5 3 3 1
      1.37118565753267330001e-03 	 5 3 3 2
     -2.04626201111392097554e-02 	 5 3 3 3
      2.48612855751138134546e-04 	 5 3 4 1
      4.04028270955712038269e-04 	 5 3 4 2
      2.46794621153716402934e-03 	 5 3 4 3
      4.19371524963512744277e-04 	 5 3 4 4
     -2.76537947076094725238e-03 	 5 3 5 1
      2.79804335903534664998e-03 	 5 3 5 2
      2.43931897296054958288e-03 	 5 3 5 3
      9.51454390104183454942e-04 	 5 3 5 4
     -2.04625380928554548299e-02 	 5 3 5 5
     -5.74049143922144363035e-04 	 5 3 6 1
      8.69206281837684672370e-04 	 5 3 6 2
      2.79582277594014796257e-03 	 5 3 6 3
      2.29265673196464309785e-03 	 5 3 6 4
      1.36861430733672051127e-03 	 5 3 6 5
      7.12640563354804447427e-03 	 5 3 6 6
     -2.52421009746805319850e-04 	 5 3 7 1
     -2.29418299926992296303e-03 	 5 3 7 2
     -9.49486221332373906204e-04 	 5 3 7 3
     -7.50485751094796230305e-04 	 5 3 7 4
     -2.46700452148492649362e-03 	 5 3 7 5
     -3.99849023160523601821e-04 	 5 3 7 6
      4.24177265955356995290e-04 	 5 3 7 7
     -3.78733101813314224082e-03 	 5 3 8 1
     -5.44753412885639557578e-04 	 5 3 8 2
      7.98818864395764460275e-04 	 5 3 8 3
     -5.41406423748310556242e-04 	 5 3 8 4
      7.98607762391813206550e-04 	 5 3 8 5
     -5.43881905768111521132e-04 	 5 3 8 6
      5.45191018921822759084e-04 	 5 3 8 7
     -3.35375561040970231533e-03 	 5 3 8 8
     -5.59784567172544669789e-03 	 5 4 1 1
     -3.80278970691961008474e-04 	 5 4 2 1
      1.70879101904065650724e-03 	 5 4 2 2
     -6.24322981449656534171e-04 	 5 4 3 1
      6.43993953190127670604e-04 	 5 4 3 2
     -2.02808827539195353842e-03 	 5 4 3 3
     -3.37462634925760366841e-04 	 5 4 4 1
      4.64002965199462001893e-04 	 5 4 4 2
      1.13026030958426350857e-03 	 5 4 4 3
     -1.49559281047708563309e-03 	 5 4 4 4
     -1.20797057180364528217e-03 	 5 4 5 1
      1.48434800157801758194e-03 	 5 4 5 2
      9.51454390104185514926e-04 	 5 4 5 3
      7.87040425786163949130e-04 	 5 4 5 4
     -8.04055059685733486408e-03 	 5 4 5 5
     -5.67381856530352552195e-04 	 5 4 6 1
      6.78892268055683611484e-04 	 5 4 6 2
      1.30896606670976027760e-03 	 5 4 6 3
      1.50372119874741649176e-03 	 5 4 6 4
      8.39876466877168686986e-04 	 5 4 6 5
      1.86363279066423920792e-03 	 5 4 6 6
      2.42554497908097532917e-04 	 5 4 7 1
     -1.33167234655610900416e-03 	 5 4 7 2
     -5.45522999584837644214e-04 	 5 4 7 3
     -4.98711495879030101627e-04 	 5 4 7 4
     -1.21467712768957110045e-03 	 5 4 7 5
     -3.41990655343144358581e-04 	 5 4 7 6
     -5.76849826865893293253e-04 	 5 4 7 7
     -1.14398968248006181747e-03 	 5 4 8 1
     -1.87492250889440096066e-04 	 5 4 8 2
      2.80249758060417003287e-04 	 5 4 8 3
      3.47726792841908930636e-06 	 5 4 8 4
      2.22906521870274706510e-04 	 5 4 8 5
     -1.38509611436969019924e-04 	 5 4 8 6
      1.20518182679539071671e-04 	 5 4 8 7
     -3.35471081372243047983e-03 	 5 4 8 8
      3.07295262923492185081e-01 	 5 5 1 1
      5.91632227166638937146e-04 	 5 5 2 1
      1.19238191216870556555e-01 	 5 5 2 2
      7.56189580395356941711e-03 	 5 5 3 1
     -1.34758010623585227847e-03 	 5 5 3 2
      2.04507809776057203344e-01 	 5 5 3 3
     -4.55405156559831204161e-03 	 5 5 4 1
      3.88927026298805430388e-04 	 5 5 4 2
     -7.26714322275886191738e-03 	 5 5 4 3
      1.73245744736094664518e-01 	 5 5 4 4
      3.72799593248750171792e-02 	 5 5 5 1
     -2.95615123583437139354e-02 	 5 5 5 2
     -2.04625380928554374826e-02 	 5 5 5 3
     -8.04055059685731751684e-03 	 5 5 5 4
      6.55669904752394838710e-01 	 5 5 5 5
      2.80883937942922115583e-03 	 5 5 6 1
      2.17543673349488824722e-04 	 5 5 6 2
     -6.20903196176887748475e-03 	 5 5 6 3
     -7.66374560069099219212e-03 	 5 5 6 4
     -1.65072487457031472080e-02 	 5 5 6 5
      1.27535482956456919235e-01 	 5 5 6 6
      3.50964311375541069757e-03 	 5 5 7 1
      8.48990684699142531856e-04 	 5 5 7 2
      2.02371318245347280376e-03 	 5 5 7 3
      4.13037625017240433295e-03 	 5 5 7 4
      2.90853496558680299500e-02 	 5 5 7 5
     -1.65750280520228694160e-03 	 5 5 7 6
      1.41212170841834933066e-01 	 5 5 7 7
      2.49968516094905487956e-02 	 5 5 8 1
      2.37423706887641148069e-03 	 5 5 8 2
     -5.15205647535508116236e-03 	 5 5 8 3
     -6.63481611469820794016e-04 	 5 5 8 4
     -8.18333831003670471305e-03 	 5 5 8 5
      3.94326291052539672916e-03 	 5 5 8 6
     -2.59096302713479565913e-03 	 5 5 8 7
      1.92331991380572747685e-01 	 5 5 8 8
      5.42747669887356978119e-03 	 6 1 1 1
      4.61196317864980193969e-04 	 6 1 2 1
     -1.87991796036636086382e-04 	 6 1 2 2
      2.75931196522686563409e-04 	 6 1 3 1
     -4.92132442858171734873e-04 	 6 1 3 2
      5.84891640907055218243e-04 	 6 1 3 3
      5.30676448487000683094e-04 	 6 1 4 1
     -3.02767857161210726669e-04 	 6 1 4 2
     -1.05191336153080011208e-03 	 6 1 4 3
      2.96412344136096073122e-03 	 6 1 4 4
      5.84696573479821465370e-04 	 6 1 5 1
     -1.13757210991900954700e-03 	 6 1 5 2
     -5.74049143922134279955e-04 	 6 1 5 3
     -5.67381856530337264945e-04 	 6 1 5 4
      2.80883937942927059545e-03 	 6 1 5 5
      1.38622340381596939086e-03 	 6 1 6 1
     -4.25336629747695459721e-04 	 6 1 6 2
     -1.54272874400765728706e-03 	 6 1 6 3
     -1.48001213963223953243e-03 	 6 1 6 4
     -8.33074189776239807347e-04 	 6 1 6 5
      1.20518270212076664648e-03 	 6 1 6 6
     -3.55430288334967125694e-04 	 6 1 7 1
      1.28974660189019462060e-03 	 6 1 7 2
      3.79108178368196856774e-04 	 6 1 7 3
      2.75643249643833766153e-04 	 6 1 7 4
      7.88839958870951444593e-04 	 6 1 7 5
     -3.47558947105772208293e-05 	 6 1 7 6
      6.16552668125038287779e-04 	 6 1 7 7
      4.61136256874423436022e-04 	 6 1 8 1
     -7.35695676933791894514e-05 	 6 1 8 2
     -2.17020166330569386562e-04 	 6 1 8 3
     -2.10907507340450228045e-04 	 6 1 8 4
     -5.25853864133224809712e-05 	 6 1 8 5
     -6.35626048498945882791e-04 	 6 1 8 6
     -5.08398993476455656555e-06 	 6 1 8 7
      3.68272561000116153626e-03 	 6 1 8 8
     -9.72044977961392700190e-05 	 6 2 1 1
     -4.26636706092085068835e-04 	 6 2 2 1
     -4.11308563900702247457e-03 	 6 2 2 2
     -7.42517036720902949380e-04 	 6 2 3 1
      1.70889514799016178047e-03 	 6 2 3 2
      2.17911612479919721995e-04 	 6 2 3 3
     -1.06031941291612636378e-04 	 6 2 4 1
      1.68850793850639749501e-03 	 6 2 4 2
      1.25677420950714188556e-03 	 6 2 4 3
     -3.50972499897429443538e-03 	 6 2 4 4
     -7.42369077348461721758e-04 	 6 2 5 1
      2.63563141265142153805e-03 	 6 2 5 2
      8.69206281837684780790e-04 	 6 2 5 3
      6.78892268055679925197e-04 	 6 2 5 4
      2.17543673349496115982e-04 	 6 2 5 5
     -4.25336629747716113772e-04 	 6 2 6 1
      4.77787306802848407705e-03 	 6 2 6 2
      2.63270134010940319233e-03 	 6 2 6 3
      3.15663739359701642218e-03 	 6 2 6 4
      1.70579609672757157371e-03 	 6 2 6 5
     -4.11518310733934630091e-03 	 6 2 6 6
      1.03512113997977244135e-04 	 6 2 7 1
     -3.15869073495859357253e-03 	 6 2 7 2
     -6.77931031530471048946e-04 	 6 2 7 3
     -8.39313113336380813359e-04 	 6 2 7 4
     -1.25529799467762352358e-03 	 6 2 7 5
     -1.68239571858293636766e-03 	 6 2 7 6
     -3.51104416136992485836e-03 	 6 2 7 7
     -1.80387440574338790526e-03 	 6 2 8 1
     -1.44179508035709928564e-03 	 6 2 8 2
      3.11232936717968265098e-04 	 6 2 8 3
     -7.38957755068191069966e-04 	 6 2 8 4
      3.11740357799374025356e-04 	 6 2 8 5
     -1.44035594092972230908e-03 	 6 2 8 6
      7.41716523872134052449e-04 	 6 2 8 7
     -1.60907065627536997356e-03 	 6 2 8 8
     -1.15304705676539040460e-02 	 6 3 1 1
     -1.13754123291145091933e-03 	 6 3 2 1
      9.51387686029156291745e-03 	 6 3 2 2
     -3.46927472514495325445e-03 	 6 3 3 1
      2.34442192300893335194e-03 	 6 3 3 2
     -2.95486565760055934493e-02 	 6 3 3 3
     -6.88635181170721812419e-04 	 6 3 4 1
      5.76153262520896118984e-04 	 6 3 4 2
      4.88475540682058347042e-03 	 6 3 4 3
     -5.55156880635813629321e-03 	 6 3 4 4
     -1.99759183076495677733e-03 	 6 3 5 1
      3.91862381801302839257e-03 	 6 3 5 2
      2.79582277594014275840e-03 	 6 3 5 3
      1.30896606670975268819e-03 	 6 3 5 4
     -6.20903196176890350561e-03 	 6 3 5 5
     -1.54272874400766574383e-03 	 6 3 6 1
      2.63270134010939495239e-03 	 6 3 6 2
      7.19057923775676295641e-03 	 6 3 6 3
      6.91438776704289288083e-03 	 6 3 6 4
      2.45802249639737136963e-03 	 6 3 6 5
     -3.03920184857307384280e-03 	 6 3 6 6
      4.41608627468528759305e-04 	 6 3 7 1
     -4.80367190365688957743e-03 	 6 3 7 2
     -1.47935087002040591489e-03 	 6 3 7 3
     -7.72657031179965671924e-04 	 6 3 7 4
     -3.12191386545722067772e-03 	 6 3 7 5
     -9.57524965380138095954e-04 	 6 3 7 6
     -3.26521135740102073919e-04 	 6 3 7 7
     -3.60949996908331138118e-03 	 6 3 8 1
     -7.05033548798407417799e-04 	 6 3 8 2
      9.41476127015777679817e-04 	 6 3 8 3
     -8.39981890793648974802e-04 	 6 3 8 4
      7.46502969187535147730e-04 	 6 3 8 5
     -1.35398249081494976599e-03 	 6 3 8 6
      4.35760961020575661017e-04 	 6 3 8 7
     -5.93604539907525031311e-03 	 6 3 8 8
     -6.64998411031110948227e-03 	 6 4 1 1
     -1.28988359615852653944e-03 	 6 4 2 1
      1.21226227616432237488e-02 	 6 4 2 2
     -1.76850048216357262978e-03 	 6 4 3 1
      1.66868901097342757153e-03 	 6 4 3 2
     -8.48364186033745697364e-04 	 6 4 3 3
     -9.19360565442545684366e-04 	 6 4 4 1
      4.85715677502288761553e-04 	 6 4 4 2
      4.20164836524600411594e-03 	 6 4 4 3
     -1.72527812715460686366e-02 	 6 4 4 4
     -2.50628157822874002292e-03 	 6 4 5 1
      4.80466644198823764761e-03 	 6 4 5 2
      2.29265673196464266417e-03 	 6 4 5 3
      1.50372119874738938670e-03 	 6 4 5 4
     -7.66374560069103556020e-03 	 6 4 5 5
     -1.48001213963221611367e-03 	 6 4 6 1
      3.15663739359697869194e-03 	 6 4 6 2
      6.91438776704287032943e-03 	 6 4 6 3
      1.41351540087970919957e-02 	 6 4 6 4
      2.90342927486816762897e-03 	 6 4 6 5
     -6.06117411928375118130e-03 	 6 4 6 6
      1.04589416036107740217e-03 	 6 4 7 1
     -5.56921184294056556552e-03 	 6 4 7 2
     -1.32817976098075114788e-03 	 6 4 7 3
     -1.07312276542881899002e-03 	 6 4 7 4
     -3.80716242517034316253e-03 	 6 4 7 5
     -1.20242524349601634034e-03 	 6 4 7 6
      1.92279872824487139266e-03 	 6 4 7 7
     -3.82502054114231731033e-03 	 6 4 8 1
     -6.19606948086617111311e-04 	 6 4 8 2
      7.97006060234522507868e-04 	 6 4 8 3
     -1.33781167255196019794e-04 	 6 4 8 4
      7.54293510818428744429e-04 	 6 4 8 5
     -2.03657684953929092250e-03 	 6 4 8 6
      1.02781608880413741040e-03 	 6 4 8 7
     -1.00106230979765432887e-02 	 6 4 8 8
     -4.39818753462879047378e-03 	 6 5 1 1
     -4.91690524739241130447e-04 	 6 5 2 1
      5.37009979436938247876e-03 	 6 5 2 2
     -7.89707649087301546444e-04 	 6 5 3 1
      8.42149051016548777157e-04 	 6 5 3 2
     -1.34341880161458209104e-03 	 6 5 3 3
     -2.46429925948041380832e-04 	 6 5 4 1
      6.29470751012634489180e-04 	 6 5 4 2
      1.45800963649408694793e-03 	 6 5 4 3
     -3.33156878591640186540e-03 	 6 5 4 4
     -1.66376612032896760950e-03 	 6 5 5 1
      2.34101719119815098596e-03 	 6 5 5 2
      1.36861430733671443974e-03 	 6 5 5 3
      8.39876466877159037587e-04 	 6 5 5 4
     -1.65072487457031610858e-02 	 6 5 5 5
     -8.33074189776245228357e-04 	 6 5 6 1
      1.70579609672756658638e-03 	 6 5 6 2
      2.45802249639737397172e-03 	 6 5 6 3
      2.90342927486819234878e-03 	 6 5 6 4
      1.84787940663131713091e-03 	 6 5 6 5
     -2.17554411777477838680e-03 	 6 5 6 6
      1.83896419719107928137e-04 	 6 5 7 1
     -1.66436427802848390702e-03 	 6 5 7 2
     -6.41732634567867437671e-04 	 6 5 7 3
     -5.90152578175567898468e-04 	 6 5 7 4
     -1.97624679629095079125e-03 	 6 5 7 5
     -8.33236314055124248530e-04 	 6 5 7 6
      1.68129617148614807394e-03 	 6 5 7 7
     -1.46183598100129309022e-03 	 6 5 8 1
     -2.03821553557105480383e-04 	 6 5 8 2
      3.21764037892473871855e-04 	 6 5 8 3
     -3.42635617717732638907e-04 	 6 5 8 4
      4.25908368981870355703e-04 	 6 5 8 5
     -5.66031646120989436616e-04 	 6 5 8 6
      3.05785197411796261062e-04 	 6 5 8 7
     -1.82150351183534052815e-03 	 6 5 8 8
      1.50907465966237219757e-01 	 6 6 1 1
     -1.99080918030261426986e-04 	 6 6 2 1
      2.09014496991608206278e-01 	 6 6 2 2
     -9.91959386159365491542e-03 	 6 6 3 1
      5.37648475016668739995e-03 	 6 6 3 2
      1.19231890116584693384e-01 	 6 6 3 3
      6.18673701990751605251e-03 	 6 6 4 1
      2.33958620915364042328e-03 	 6 6 4 2
      6.30917996532478434629e-03 	 6 6 4 3
      2.59081826056354047605e-01 	 6 6 4 4
     -8.13701441015409442092e-03 	 6 6 5 1
      9.51743734902053308000e-03 	 6 6 5 2
      7.12640563354804620899e-03 	 6 6 5 3
      1.86363279066425330255e-03 	 6 6 5 4
      1.27535482956457002501e-01 	 6 6 5 5
      1.20518270212077228433e-03 	 6 6 6 1
     -4.11518310733932721895e-03 	 6 6 6 2
     -3.03920184857312545082e-03 	 6 6 6 3
     -6.06117411928387347930e-03 	 6 6 6 4
     -2.17554411777477404999e-03 	 6 6 6 5
      3.79622648770315651578e-01 	 6 6 6 6
     -5.61183760252625171011e-03 	 6 6 7 1
     -1.21208785800252204223e-02 	 6 6 7 2
     -1.69287803950819216482e-03 	 6 6 7 3
     -9.33109104275440712738e-04 	 6 6 7 4
     -6.61934885514729384748e-03 	 6 6 7 5
      3.18173460654218439800e-03 	 6 6 7 6
      1.72528244440237954471e-01 	 6 6 7 7
     -2.03551471983214882222e-02 	 6 6 8 1
     -5.97920494697135648104e-03 	 6 6 8 2
      2.50680101712660776542e-03 	 6 6 8 3
     -7.34589702020937637683e-03 	 6 6 8 4
      3.16091673944600849017e-03 	 6 6 8 5
      2.77867441836369835975e-03 	 6 6 8 6
      8.34298726326897395478e-03 	 6 6 8 7
      1.98970010616464937359e-01 	 6 6 8 8
      5.32054383155812320172e-03 	 7 1 1 1
     -5.28061421089868294684e-04 	 7 1 2 1
     -6.19172188787960823403e-03 	 7 1 2 2
      1.17861931602996272347e-03 	 7 1 3 1
      2.44699406066885109812e-04 	 7 1 3 2
      4.57586130109050200077e-03 	 7 1 3 3
     -1.11209949191252836266e-03 	 7 1 4 1
     -1.43504970685253120747e-05 	 7 1 4 2
      1.95532829261353864343e-04 	 7 1 4 3
     -4.25046796460146637103e-03 	 7 1 4 4
      7.64316139542670839983e-04 	 7 1 5 1
      6.83721299296020457517e-04 	 7 1 5 2
     -2.52421009746802663554e-04 	 7 1 5 3
      2.42554497908093006373e-04 	 7 1 5 4
      3.50964311375541113125e-03 	 7 1 5 5
     -3.55430288335008162746e-04 	 7 1 6 1
      1.03512113997982909091e-04 	 7 1 6 2
      4.41608627468550334928e-04 	 7 1 6 3
      1.04589416036110580827e-03 	 7 1 6 4
      1.83896419719134680826e-04 	 7 1 6 5
     -5.61183760252627512888e-03 	 7 1 6 6
      1.72247786584978990546e-03 	 7 1 7 1
     -9.13359890340755204222e-04 	 7 1 7 2
     -3.36161131478174995436e-04 	 7 1 7 3
     -4.48691538257997747522e-05 	 7 1 7 4
     -5.70489573145603438842e-04 	 7 1 7 5
     -1.25253148191915907126e-04 	 7 1 7 6
     -5.67701272801770899512e-03 	 7 1 7 7
      2.15663840652137710902e-03 	 7 1 8 1
      4.84401429778943634109e-04 	 7 1 8 2
     -3.08142453168304929212e-04 	 7 1 8 3
      8.54350508006819259373e-04 	 7 1 8 4
     -2.27180345299487194705e-04 	 7 1 8 5
      2.45124058150090258935e-04 	 7 1 8 6
     -1.06537696954060994575e-03 	 7 1 8 7
     -6.56817928172337851117e-03 	 7 1 8 8
      6.65618745223666222199e-03 	 7 2 1 1
      1.48422955442265285669e-03 	 7 2 2 1
      6.06412622179290042995e-03 	 7 2 2 2
      2.50837869150511436414e-03 	 7 2 3 1
     -2.91443135585237522375e-03 	 7 2 3 2
      7.66968940608939338255e-03 	 7 2 3 3
      1.05273209388148875423e-03 	 7 2 4 1
     -1.22088591884755327810e-03 	 7 2 4 2
     -3.81127842400115967800e-03 	 7 2 4 3
     -1.91951645090305276012e-03 	 7 2 4 4
      1.76833266184923693781e-03 	 7 2 5 1
     -6.93080386099455703769e-03 	 7 2 5 2
     -2.29418299926992252935e-03 	 7 2 5 3
     -1.33167234655610293263e-03 	 7 2 5 4
      8.48990684699137544526e-04 	 7 2 5 5
      1.28974660189014886727e-03 	 7 2 6 1
     -3.15869073495860831768e-03 	 7 2 6 2
     -4.80367190365687656700e-03 	 7 2 6 3
     -5.56921184294052653424e-03 	 7 2 6 4
     -1.66436427802846525874e-03 	 7 2 6 5
     -1.21208785800252169529e-02 	 7 2 6 6
     -9.13359890340762902057e-04 	 7 2 7 1
      1.41540677198200917641e-02 	 7 2 7 2
      1.50126211375506391464e-03 	 7 2 7 3
      1.07146292071006268322e-03 	 7 2 7 4
      4.20555604833188628744e-03 	 7 2 7 5
      4.70615454138562604430e-04 	 7 2 7 6
      1.72670095829133146692e-02 	 7 2 7 7
      3.82588956451616066592e-03 	 7 2 8 1
      2.04531413012972980783e-03 	 7 2 8 2
     -7.54793610310188693539e-04 	 7 2 8 3
      1.01950907246822894056e-03 	 7 2 8 4
     -7.96022187733349661370e-04 	 7 2 8 5
      6.14456998078114608429e-04 	 7 2 8 6
     -1.45561706904932699862e-04 	 7 2 8 7
      1.00203933818115830529e-02 	 7 2 8 8
      5.58932984972746772778e-03 	 7 3 1 1
      5.67177523709119454400e-04 	 7 3 2 1
     -1.86451935625815191401e-03 	 7 3 2 2
      1.20512225075971148372e-03 	 7 3 3 1
     -8.39592802230721313612e-04 	 7 3 3 2
      8.01298744158281117667e-03 	 7 3 3 3
      2.43826768542393401175e-04 	 7 3 4 1
     -3.44793052410063895642e-04 	 7 3 4 2
     -1.21180619236624723123e-03 	 7 3 4 3
      5.80324791564633402086e-04 	 7 3 4 4
      6.22743622696631166959e-04 	 7 3 5 1
     -1.30815457104649303550e-03 	 7 3 5 2
     -9.49486221332375640927e-04 	 7 3 5 3
     -5.45522999584835692650e-04 	 7 3 5 4
      2.02371318245347627321e-03 	 7 3 5 5
      3.79108178368222389736e-04 	 7 3 6 1
     -6.77931031530471048946e-04 	 7 3 6 2
     -1.47935087002042000952e-03 	 7 3 6 3
     -1.32817976098077001300e-03 	 7 3 6 4
     -6.41732634567884025964e-04 	 7 3 6 5
     -1.69287803950817633547e-03 	 7 3 6 6
     -3.36161131478170062317e-04 	 7 3 7 1
      1.50126211375507280510e-03 	 7 3 7 2
      7.85284310839038345031e-04 	 7 3 7 3
      4.98190777662029741363e-04 	 7 3 7 4
      1.12831615947254788185e-03 	 7 3 7 5
      4.60449364343899216704e-04 	 7 3 7 6
      1.48572111364024431017e-03 	 7 3 7 7
      1.14029140474896663847e-03 	 7 3 8 1
      1.38982529029019056307e-04 	 7 3 8 2
     -2.22282977788497654401e-04 	 7 3 8 3
      1.18404685419745849375e-04 	 7 3 8 4
     -2.79232232201025252355e-04 	 7 3 8 5
      1.86433818328061870701e-04 	 7 3 8 6
      2.43761855935969407616e-06 	 7 3 8 7
      3.35035143131880500111e-03 	 7 3 8 8
      5.58755154913099984920e-03 	 7 4 1 1
      2.77134553715335850508e-04 	 7 4 2 1
     -9.47711565857522792063e-04 	 7 4 2 2
      7.13740286819387068432e-04 	 7 4 3 1
     -5.91030151443050033415e-04 	 7 4 3 2
      4.13039454300450758345e-03 	 7 4 3 3
      4.65194624405749346382e-05 	 7 4 4 1
     -5.80845862143476590958e-04 	 7 4 4 2
     -9.79416387075049844207e-04 	 7 4 4 3
      8.25396246126595088677e-03 	 7 4 4 4
      7.14289729773126915759e-04 	 7 4 5 1
     -7.73304926846618816833e-04 	 7 4 5 2
     -7.50485751094796121885e-04 	 7 4 5 3
     -4.98711495879025981659e-04 	 7 4 5 4
      4.13037625017243902742e-03 	 7 4 5 5
      2.75643249643873881633e-04 	 7 4 6 1
     -8.39313113336392414322e-04 	 7 4 6 2
     -7.72657031179983235999e-04 	 7 4 6 3
     -1.07312276542887948851e-03 	 7 4 6 4
     -5.90152578175588173048e-04 	 7 4 6 5
     -9.33109104275356795490e-04 	 7 4 6 6
     -4.48691538258011435574e-05 	 7 4 7 1
      1.07146292071007872941e-03 	 7 4 7 2
      4.98190777662034837113e-04 	 7 4 7 3
      1.67216508945396266292e-03 	 7 4 7 4
      9.78977533964797957261e-04 	 7 4 7 5
      5.79325588132916392131e-04 	 7 4 7 6
      8.23790967579427109435e-03 	 7 4 7 7
      2.37862743660348591526e-03 	 7 4 8 1
      6.73129891503166169486e-04 	 7 4 8 2
     -5.82278164528065634610e-04 	 7 4 8 3
     -7.41745895746163800590e-05 	 7 4 8 4
     -5.82549698152683040168e-04 	 7 4 8 5
      6.74695036797158314776e-04 	 7 4 8 6
      6.92396400767631906145e-05 	 7 4 8 7
      1.14034902948449146098e-02 	 7 4 8 8
      1.22229622876938084225e-02 	 7 5 1 1
      1.05270746798954073151e-03 	 7 5 2 1
     -6.31419464087753633946e-03 	 7 5 2 2
      1.74961594057998471273e-03 	 7 5 3 1
     -1.46119704954834829687e-03 	 7 5 3 2
      7.26592684431027428099e-03 	 7 5 3 3
      2.00300227328799410617e-04 	 7 5 4 1
     -3.06178564569391557185e-04 	 7 5 4 2
     -2.55459177554390572465e-03 	 7 5 4 3
      1.83609700915822568641e-03 	 7 5 4 4
      3.30285797185791898251e-03 	 7 5 5 1
     -4.88840941162835621037e-03 	 7 5 5 2
     -2.46700452148492692730e-03 	 7 5 5 3
     -1.21467712768956719732e-03 	 7 5 5 4
      2.90853496558680160722e-02 	 7 5 5 5
      7.88839958870977899126e-04 	 7 5 6 1
     -1.25529799467762243938e-03 	 7 5 6 2
     -3.12191386545723195342e-03 	 7 5 6 3
     -3.80716242517035660664e-03 	 7 5 6 4
     -1.97624679629096770481e-03 	 7 5 6 5
     -6.61934885514729558220e-03 	 7 5 6 6
     -5.70489573145599969395e-04 	 7 5 7 1
      4.20555604833190016523e-03 	 7 5 7 2
      1.12831615947254874921e-03 	 7 5 7 3
      9.78977533964792753091e-04 	 7 5 7 4
      4.67865829812096154644e-03 	 7 5 7 5
      7.04772413490530871480e-04 	 7 5 7 6
      1.07204068686618126521e-02 	 7 5 7 7
      3.46647029311807509250e-03 	 7 5 8 1
      8.74936296669138677262e-04 	 7 5 8 2
     -7.35020206943834538901e-04 	 7 5 8 3
      5.38168896994461998760e-04 	 7 5 8 4
     -9.90396352344294740935e-04 	 7 5 8 5
      7.67186730619207600014e-04 	 7 5 8 6
     -5.41156968786349638553e-04 	 7 5 8 7
      7.67420408790510117508e-03 	 7 5 8 8
     -1.33014781119530000816e-03 	 7 6 1 1
      2.99819136284659715479e-04 	 7 6 2 1
     -2.34228756197546678433e-03 	 7 6 2 2
      3.08942803209195644525e-04 	 7 6 3 1
     -6.25940861240002668214e-04 	 7 6 3 2
     -3.95751489584921715796e-04 	 7 6 3 3
     -1.73222831359641281184e-05 	 7 6 4 1
     -5.86589292810285123717e-04 	 7 6 4 2
     -2.98394315527187334400e-04 	 7 6 4 3
      3.03133414044955465903e-04 	 7 6 4 4
      2.62707581931049020344e-04 	 7 6 5 1
     -5.65590454080975441054e-04 	 7 6 5 2
     -3.99849023160524523392e-04 	 7 6 5 3
     -3.41990655343143274379e-04 	 7 6 5 4
     -1.65750280520229409734e-03 	 7 6 5 5
     -3.47558947105940598443e-05 	 7 6 6 1
     -1.68239571858292335724e-03 	 7 6 6 2
     -9.57524965380128012873e-04 	 7 6 6 3
     -1.20242524349600376360e-03 	 7 6 6 4
     -8.33236314055116117014e-04 	 7 6 6 5
      3.18173460654212541740e-03 	 7 6 6 6
     -1.25253148191900186195e-04 	 7 6 7 1
      4.70615454138565206515e-04 	 7 6 7 2
      4.60449364343891030978e-04 	 7 6 7 3
      5.79325588132897852274e-04 	 7 6 7 4
      7.04772413490521330501e-04 	 7 6 7 5
      1.45410202798698000651e-03 	 7 6 7 6
      4.08408068190564948335e-03 	 7 6 7 7
      5.52874345754284543357e-04 	 7 6 8 1
      1.81716456284515955012e-04 	 7 6 8 2
     -5.91424920646372770969e-05 	 7 6 8 3
      5.90040730546217604378e-04 	 7 6 8 4
     -1.40798579124777405950e-04 	 7 6 8 5
      6.25940724892641532293e-04 	 7 6 8 6
     -3.08568484510855214550e-04 	 7 6 8 7
     -1.11890956973529557932e-03 	 7 6 8 8
      1.88637226551549297415e-01 	 7 7 1 1
      2.96762711763406310597e-03 	 7 7 2 1
      2.59055313053843216942e-01 	 7 7 2 2
      1.09243331842533370271e-03 	 7 7 3 1
     -3.34339827719992146657e-03 	 7 7 3 2
      1.73224142995307722748e-01 	 7 7 3 3
      4.24837951238256870956e-03 	 7 7 4 1
     -3.26306739121906259991e-04 	 7 7 4 2
     -1.83228940989648152356e-03 	 7 7 4 3
      1.80003472375537487693e-01 	 7 7 4 4
     -3.43480226448164387143e-03 	 7 7 5 1
     -5.56173696478366990509e-03 	 7 7 5 2
      4.24177265955368975724e-04 	 7 7 5 3
     -5.76849826865879523885e-04 	 7 7 5 4
      1.41212170841835016333e-01 	 7 7 5 5
      6.16552668124963694669e-04 	 7 7 6 1
     -3.51104416136991228162e-03 	 7 7 6 2
     -3.26521135740080986187e-04 	 7 7 6 3
      1.92279872824490630397e-03 	 7 7 6 4
      1.68129617148617387795e-03 	 7 7 6 5
      1.72528244440237815693e-01 	 7 7 6 6
     -5.67701272801772894444e-03 	 7 7 7 1
      1.72670095829133979359e-02 	 7 7 7 2
      1.48572111364023672075e-03 	 7 7 7 3
      8.23790967579425027767e-03 	 7 7 7 4
      1.07204068686617918355e-02 	 7 7 7 5
      4.08408068190565902433e-03 	 7 7 7 6
      4.13772088217192468562e-01 	 7 7 7 7
      2.78784193837310458400e-03 	 7 7 8 1
      6.95674800200701132225e-03 	 7 7 8 2
     -1.52504990006353704883e-03 	 7 7 8 3
     -2.63002776546348302281e-04 	 7 7 8 4
     -2.74249191672242074308e-03 	 7 7 8 5
     -8.26444650708360530229e-04 	 7 7 8 6
      4.90995008033995230384e-03 	 7 7 8 7
      2.61615469708592063292e-01 	 7 7 8 8
      4.82177929455114770430e-02 	 8 1 1 1
      4.68323703560423498012e-04 	 8 1 2 1
     -2.03556180484418050569e-02 	 8 1 2 2
      5.01180335670106755913e-03 	 8 1 3 1
     -1.46559947716323160823e-03 	 8 1 3 2
      2.49964766256601141070e-02 	 8 1 3 3
     -2.14367097700891807641e-03 	 8 1 4 1
     -5.55788071580443489121e-04 	 8 1 4 2
     -3.46800479177648401236e-03 	 8 1 4 3
      2.79332790675707477029e-03 	 8 1 4 4
      5.01220829791620796356e-03 	 8 1 5 1
     -3.61233740034492449913e-03 	 8 1 5 2
     -3.78733101813316435855e-03 	 8 1 5 3
     -1.14398968248007851418e-03 	 8 1 5 4
      2.49968516094904377733e-02 	 8 1 5 5
      4.61136256874456504189e-04 	 8 1 6 1
     -1.80387440574341913029e-03 	 8 1 6 2
     -3.60949996908332699369e-03 	 8 1 6 3
     -3.82502054114234810167e-03 	 8 1 6 4
     -1.46183598100132062896e-03 	 8 1 6 5
     -2.03551471983214292416e-02 	 8 1 6 6
      2.15663840652134414927e-03 	 8 1 7 1
      3.82588956451619319199e-03 	 8 1 7 2
      1.14029140474899569509e-03 	 8 1 7 3
      2.37862743660349979305e-03 	 8 1 7 4
      3.46647029311809851126e-03 	 8 1 7 5
      5.52874345754286386501e-04 	 8 1 7 6
      2.78784193837313407430e-03 	 8 1 7 7
      1.91961364793542775542e-02 	 8 1 8 1
      3.08491902228308096517e-03 	 8 1 8 2
     -3.39178860527006905551e-03 	 8 1 8 3
      3.88389586702082238029e-03 	 8 1 8 4
     -3.39167091734208277914e-03 	 8 1 8 5
      3.08761624820996175705e-03 	 8 1 8 6
     -3.89829148470893739262e-03 	 8 1 8 7
      2.47012728960019287139e-02 	 8 1 8 8
      3.93557057456259302974e-03 	 8 2 1 1
     -6.32180546214493538706e-04 	 8 2 2 1
      2.78449550203617142777e-03 	 8 2 2 2
      9.62649141231354944608e-04 	 8 2 3 1
     -5.69628718163682468655e-04 	 8 2 3 2
      3.94604316688667439150e-03 	 8 2 3 3
     -2.41006360301669158826e-04 	 8 2 4 1
     -6.26967489464603697745e-04 	 8 2 4 2
     -7.70224870453833053430e-04 	 8 2 4 3
     -8.18212293877007275193e-04 	 8 2 4 4
      4.87407437496728546122e-04 	 8 2 5 1
     -1.36104929152046447843e-03 	 8 2 5 2
     -5.44753412885639774418e-04 	 8 2 5 3
     -1.87492250889445733917e-04 	 8 2 5 4
      2.37423706887639196506e-03 	 8 2 5 5
     -7.35695676933752456660e-05 	 8 2 6 1
     -1.44179508035709321410e-03 	 8 2 6 2
     -7.05033548798409477783e-04 	 8 2 6 3
     -6.19606948086624917567e-04 	 8 2 6 4
     -2.03821553557107350632e-04 	 8 2 6 5
     -5.97920494697139117551e-03 	 8 2 6 6
      4.84401429778940435713e-04 	 8 2 7 1
      2.04531413012982998811e-03 	 8 2 7 2
      1.38982529029033313565e-04 	 8 2 7 3
      6.73129891503141991778e-04 	 8 2 7 4
      8.74936296669155157135e-04 	 8 2 7 5
      1.81716456284515223175e-04 	 8 2 7 6
      6.95674800200719346821e-03 	 8 2 7 7
      3.08491902228310915443e-03 	 8 2 8 1
      2.37162319482133419901e-03 	 8 2 8 2
     -6.24668952170036708219e-04 	 8 2 8 3
      1.06462131765215455015e-03 	 8 2 8 4
     -5.74048515069188977113e-04 	 8 2 8 5
      7.01952464674444258190e-04 	 8 2 8 6
     -3.00559130820781230178e-04 	 8 2 8 7
      7.08599916241724452765e-03 	 8 2 8 8
     -6.93221941595204959458e-03 	 8 3 1 1
     -5.40323618700019951385e-05 	 8 3 2 1
      3.16221816988178318006e-03 	 8 3 2 2
     -9.88454417019353232671e-04 	 8 3 3 1
      4.27112227482378690926e-04 	 8 3 3 2
     -8.19101170893138386120e-03 	 8 3 3 3
      2.24563410162599764357e-04 	 8 3 4 1
      1.41565028057525585945e-04 	 8 3 4 2
      9.91964736461053292471e-04 	 8 3 4 3
     -2.74373296910442607613e-03 	 8 3 4 4
     -1.09698051797089447812e-03 	 8 3 5 1
      7.47378505948371346136e-04 	 8 3 5 2
      7.98818864395774109674e-04 	 8 3 5 3
      2.80249758060422478508e-04 	 8 3 5 4
     -5.15205647535506294776e-03 	 8 3 5 5
     -2.17020166330589091936e-04 	 8 3 6 1
      3.11232936717980137112e-04 	 8 3 6 2
      9.41476127015788847099e-04 	 8 3 6 3
      7.97006060234526194155e-04 	 8 3 6 4
      3.21764037892488454374e-04 	 8 3 6 5
      2.50680101712658044352e-03 	 8 3 6 6
     -3.08142453168287581977e-04 	 8 3 7 1
     -7.54793610310186741975e-04 	 8 3 7 2
     -2.22282977788507954322e-04 	 8 3 7 3
     -5.82278164528088186015e-04 	 8 3 7 4
     -7.35020206943845164083e-04 	 8 3 7 5
     -5.91424920646322491093e-05 	 8 3 7 6
     -1.52504990006354637297e-03 	 8 3 7 7
     -3.39178860527006645342e-03 	 8 3 8 1
     -6.24668952170035840857e-04 	 8 3 8 2
      9.91309185178827247109e-04 	 8 3 8 3
     -5.14522272496263405502e-04 	 8 3 8 4
      7.64391503792793513931e-04 	 8 3 8 5
     -5.74591173190061197881e-04 	 8 3 8 6
      8.07151477105172410718e-04 	 8 3 8 7
     -8.51997966490432474818e-03 	 8 3 8 8
     -5.06397838685655372090e-05 	 8 4 1 1
      6.00040074563266735707e-06 	 8 4 2 1
     -8.32312129620439190847e-03 	 8 4 2 2
      1.12053003506654190805e-03 	 8 4 3 1
     -3.04604363115527757878e-04 	 8 4 3 2
      2.57893085682738129258e-03 	 8 4 3 3
     -1.06327062319043420986e-03 	 8 4 4 1
     -3.06555800473560721708e-04 	 8 4 4 2
     -5.33781763264500313387e-04 	 8 4 4 3
     -4.96066339303153757551e-03 	 8 4 4 4
      5.78844391297841042408e-04 	 8 4 5 1
     -4.29456556175017596915e-04 	 8 4 5 2
     -5.41406423748290715342e-04 	 8 4 5 3
      3.47726792843129632168e-06 	 8 4 5 4
     -6.63481611469808217271e-04 	 8 4 5 5
     -2.10907507340487118024e-04 	 8 4 6 1
     -7.38957755068152797630e-04 	 8 4 6 2
     -8.39981890793622303429e-04 	 8 4 6 3
     -1.33781167255094023474e-04 	 8 4 6 4
     -3.42635617717706834895e-04 	 8 4 6 5
     -7.34589702020955939016e-03 	 8 4 6 6
      8.54350508006843003400e-04 	 8 4 7 1
      1.01950907246808279011e-03 	 8 4 7 2
      1.18404685419715898290e-04 	 8 4 7 3
     -7.41745895745991683495e-05 	 8 4 7 4
      5.38168896994432616881e-04 	 8 4 7 5
      5.90040730546189848803e-04 	 8 4 7 6
     -2.63002776546595175115e-04 	 8 4 7 7
      3.88389586702077554276e-03 	 8 4 8 1
      1.06462131765218187204e-03 	 8 4 8 2
     -5.14522272496252997161e-04 	 8 4 8 3
      5.50010733184791694023e-03 	 8 4 8 4
     -8.03999973199420259543e-04 	 8 4 8 5
      2.96989164709278766728e-04 	 8 4 8 6
      3.02221604016585044996e-04 	 8 4 8 7
     -3.73365235582345193072e-03 	 8 4 8 8
     -6.92944826149735453036e-03 	 8 5 1 1
     -2.18191958831623377454e-04 	 8 5 2 1
      2.50460824364773845113e-03 	 8 5 2 2
     -1.09676660036275852583e-03 	 8 5 3 1
      3.22447147457594377688e-04 	 8 5 3 2
     -5.15156282344308730919e-03 	 8 5 3 3
      3.05915251293448209324e-04 	 8 5 4 1
      6.04515324084244637793e-05 	 8 5 4 2
      7.35227965972442632295e-04 	 8 5 4 3
     -1.52856262990134442875e-03 	 8 5 4 4
     -9.87735768187105725099e-04 	 8 5 5 1
      9.41157833884415594670e-04 	 8 5 5 2
      7.98607762391821771747e-04 	 8 5 5 3
      2.22906521870279775155e-04 	 8 5 5 4
     -8.18333831003668910054e-03 	 8 5 5 5
     -5.25853864133472820959e-05 	 8 5 6 1
      3.11740357799385680530e-04 	 8 5 6 2
      7.46502969187548700257e-04 	 8 5 6 3
      7.54293510818440453812e-04 	 8 5 6 4
      4.25908368981887811358e-04 	 8 5 6 5
      3.16091673944597509674e-03 	 8 5 6 6
     -2.27180345299471419564e-04 	 8 5 7 1
     -7.96022187733351070833e-04 	 8 5 7 2
     -2.79232232201036040167e-04 	 8 5 7 3
     -5.82549698152704941052e-04 	 8 5 7 4
     -9.90396352344303848234e-04 	 8 5 7 5
     -1.40798579124776430168e-04 	 8 5 7 6
     -2.74249191672243939136e-03 	 8 5 7 7
     -3.39167091734209058540e-03 	 8 5 8 1
     -5.74048515069186049767e-04 	 8 5 8 2
      7.64391503792796007596e-04 	 8 5 8 3
     -8.03999973199436088894e-04 	 8 5 8 4
      9.91567705343093450110e-04 	 8 5 8 5
     -6.25280249046105004139e-04 	 8 5 8 6
      5.18140221659260332733e-04 	 8 5 8 7
     -8.51881078424330216714e-03 	 8 5 8 8
      3.92766205217908587199e-03 	 8 6 1 1
     -7.37673851239147878147e-05 	 8 6 2 1
     -5.98563159935840399112e-03 	 8 6 2 2
      4.87289640071986314938e-04 	 8 6 3 1
     -2.03665428844283308762e-04 	 8 6 3 2
      2.37245779645609564459e-03 	 8 6 3 3
     -4.83723695292426257662e-04 	 8 6 4 1
     -1.83481562489309511701e-04 	 8 6 4 2
     -8.71648437862380508906e-04 	 8 6 4 3
      6.95771554383904991536e-03 	 8 6 4 4
      9.62697647736665833469e-04 	 8 6 5 1
     -7.01445138755975327628e-04 	 8 6 5 2
     -5.43881905768114340058e-04 	 8 6 5 3
     -1.38509611436969019924e-04 	 8 6 5 4
      3.94326291052536984094e-03 	 8 6 5 5
     -6.35626048498920404040e-04 	 8 6 6 1
     -1.44035594092974984781e-03 	 8 6 6 2
     -1.35398249081497014899e-03 	 8 6 6 3
     -2.03657684953931954544e-03 	 8 6 6 4
     -5.66031646121009928037e-04 	 8 6 6 5
      2.77867441836381718831e-03 	 8 6 6 6
      2.45124058150083211621e-04 	 8 6 7 1
      6.14456998078180961602e-04 	 8 6 7 2
      1.86433818328065746724e-04 	 8 6 7 3
      6.74695036797167313654e-04 	 8 6 7 4
      7.67186730619214972589e-04 	 8 6 7 5
      6.25940724892643483857e-04 	 8 6 7 6
     -8.26444650708252652113e-04 	 8 6 7 7
      3.08761624820996002233e-03 	 8 6 8 1
      7.01952464674400022741e-04 	 8 6 8 2
     -5.74591173190049705338e-04 	 8 6 8 3
      2.96989164709236211793e-04 	 8 6 8 4
     -6.25280249046097848405e-04 	 8 6 8 5
      2.37114370403262173306e-03 	 8 6 8 6
     -1.07025667574748282497e-03 	 8 6 8 7
      7.07600420910220635762e-03 	 8 6 8 8
      3.02503046380347825276e-05 	 8 7 1 1
      2.07521993554512623184e-04 	 8 7 2 1
      7.35814341794107946298e-03 	 8 7 2 2
     -5.83615488959556656320e-04 	 8 7 3 1
      3.46514313539164923658e-04 	 8 7 3 2
      6.41293209091376510862e-04 	 8 7 3 3
      8.51897785740787110743e-04 	 8 7 4 1
      5.90870517596371971382e-04 	 8 7 4 2
      5.44823451799848128101e-04 	 8 7 4 3
      2.46785665078598601564e-04 	 8 7 4 4
     -1.12458613758900107492e-03 	 8 7 5 1
      8.48088201923868131166e-04 	 8 7 5 2
      5.45191018921805953951e-04 	 8 7 5 3
      1.20518182679518905511e-04 	 8 7 5 4
     -2.59096302713477961294e-03 	 8 7 5 5
     -5.08398993474521118007e-06 	 8 7 6 1
      7.41716523872123644108e-04 	 8 7 6 2
      4.35760961020565740567e-04 	 8 7 6 3
      1.02781608880406368466e-03 	 8 7 6 4
      3.05785197411787099554e-04 	 8 7 6 5
      8.34298726326900171035e-03 	 8 7 6 6
     -1.06537696954062794351e-03 	 8 7 7 1
     -1.45561706904777496321e-04 	 8 7 7 2
      2.43761855939472185315e-06 	 8 7 7 3
      6.92396400767430244541e-05 	 8 7 7 4
     -5.41156968786315486185e-04 	 8 7 7 5
     -3.08568484510854564029e-04 	 8 7 7 6
      4.90995008034025067628e-03 	 8 7 7 7
     -3.89829148470884588595e-03 	 8 7 8 1
     -3.00559130820779061774e-04 	 8 7 8 2
      8.07151477105149750893e-04 	 8 7 8 3
      3.02221604016528774903e-04 	 8 7 8 4
      5.18140221659231926636e-04 	 8 7 8 5
     -1.07025667574741625496e-03 	 8 7 8 6
      5.50471874547530781036e-03 	 8 7 8 7
      3.67950705070433422422e-03 	 8 7 8 8
      2.70565018051719063941e-01 	 8 8 1 1
      3.68251471883722456685e-03 	 8 8 2 1
      1.98959075618900027571e-01 	 8 8 2 2
      2.02774064705619604804e-03 	 8 8 3 1
     -1.82874398655129971614e-03 	 8 8 3 2
      1.92326362809705414536e-01 	 8 8 3 3
      6.58250777881740686132e-03 	 8 8 4 1
      1.09185436812122920423e-03 	 8 8 4 2
     -7.67400053206086524976e-03 	 8 8 4 3
      2.61638096316591961532e-01 	 8 8 4 4
      2.02703710261189573930e-03 	 8 8 5 1
     -5.94418259239878378486e-03 	 8 8 5 2
     -3.35375561040967802920e-03 	 8 8 5 3
     -3.35471081372241486732e-03 	 8 8 5 4
      1.92331991380572914219e-01 	 8 8 5 5
      3.68272561000111036192e-03 	 8 8 6 1
     -1.60907065627533246016e-03 	 8 8 6 2
     -5.93604539907520781239e-03 	 8 8 6 3
     -1.00106230979764357358e-02 	 8 8 6 4
     -1.82150351183529000433e-03 	 8 8 6 5
      1.98970010616464826336e-01 	 8 8 6 6
     -6.56817928172339152160e-03 	 8 8 7 1
      1.00203933818114408055e-02 	 8 8 7 2
      3.35035143131875382677e-03 	 8 8 7 3
      1.14034902948449250182e-02 	 8 8 7 4
      7.67420408790506995006e-03 	 8 8 7 5
     -1.11890956973530056665e-03 	 8 8 7 6
      2.61615469708591896758e-01 	 8 8 7 7
      2.47012728960019078972e-02 	 8 8 8 1
      7.08599916241733299854e-03 	 8 8 8 2
     -8.51997966490432821762e-03 	 8 8 8 3
     -3.73365235582358723915e-03 	 8 8 8 4
     -8.51881078424330043242e-03 	 8 8 8 5
      7.07600420910224105209e-03 	 8 8 8 6
      3.67950705070461394838e-03 	 8 8 8 7
      4.36948905365617923380e-01 	 8 8 8 8
 # Printing T + V integrals in spatial MO basis
     -3.06903601110435042543e+00 	 1 1 0 0
     -3.70977452059132947748e-02 	 1 2 0 0
     -3.21440587200679417368e-01 	 1 3 0 0
     -3.06882123424537418821e-02 	 1 4 0 0
     -3.44257233433792386723e-01 	 1 5 0 0
     -5.22378234963440102323e-02 	 1 6 0 0
      3.44550360217091011794e-02 	 1 7 0 0
     -3.85778923030672904471e-01 	 1 8 0 0
     -3.70977452059176870947e-02 	 2 1 0 0
     -1.15137095196693972632e+00 	 2 2 0 0
      6.10832312810567282235e-02 	 2 3 0 0
      7.51577263323656950822e-03 	 2 4 0 0
      1.65233513433987233565e-01 	 2 5 0 0
      5.33146900957282149358e-02 	 2 6 0 0
      3.22031791393531108270e-02 	 2 7 0 0
     -5.14963784708156804837e-02 	 2 8 0 0
     -3.21440587200676919366e-01 	 3 1 0 0
      6.10832312810714456175e-02 	 3 2 0 0
     -2.92561809583046628092e+00 	 3 3 0 0
      1.50223201479057738572e-01 	 3 4 0 0
      1.68457049010629744679e-01 	 3 5 0 0
      1.81337921726801715172e-01 	 3 6 0 0
     -8.15120494767716252671e-02 	 3 7 0 0
      9.68875076393795331420e-02 	 3 8 0 0
     -3.06882123424532041178e-02 	 4 1 0 0
      7.51577263323760947494e-03 	 4 2 0 0
      1.50223201479038059869e-01 	 4 3 0 0
     -2.19557307979159688216e+00 	 4 4 0 0
      8.68001935923352341273e-02 	 4 5 0 0
      3.96460778023118368130e-02 	 4 6 0 0
     -1.02634052326656663445e-01 	 4 7 0 0
      1.47035938255107911932e-01 	 4 8 0 0
     -3.44257233433772125153e-01 	 5 1 0 0
      1.65233513434015710786e-01 	 5 2 0 0
      1.68457049010639209330e-01 	 5 3 0 0
      8.68001935923300854681e-02 	 5 4 0 0
     -3.21879006902578401750e+00 	 5 5 0 0
      8.81106509253931496906e-02 	 5 6 0 0
     -1.57425839424588237536e-01 	 5 7 0 0
      1.00808729969241298030e-01 	 5 8 0 0
     -5.22378234963504772814e-02 	 6 1 0 0
      5.33146900957162175883e-02 	 6 2 0 0
      1.81337921726803685818e-01 	 6 3 0 0
      3.96460778023319110330e-02 	 6 4 0 0
      8.81106509254090536354e-02 	 6 5 0 0
     -1.51520956625416958197e+00 	 6 6 0 0
     -1.60195946999184754556e-02 	 6 7 0 0
     -6.22771259293531942447e-02 	 6 8 0 0
      3.44550360217084766790e-02 	 7 1 0 0
      3.22031791393717140015e-02 	 7 2 0 0
     -8.15120494767728465124e-02 	 7 3 0 0
     -1.02634052326651584175e-01 	 7 4 0 0
     -1.57425839424596064609e-01 	 7 5 0 0
     -1.60195946999185205584e-02 	 7 6 0 0
     -1.76738085456163518394e+00 	 7 7 0 0
     -1.61044495866341869084e-01 	 7 8 0 0
     -3.85778923030719700371e-01 	 8 1 0 0
     -5.14963784708076521834e-02 	 8 2 0 0
      9.68875076393936607300e-02 	 8 3 0 0
      1.47035938255079545733e-01 	 8 4 0 0
      1.00808729969239882496e-01 	 8 5 0 0
     -6.22771259293527987277e-02 	 8 6 0 0
     -1.61044495866310394261e-01 	 8 7 0 0
     -2.39170911047137701999e+00 	 8 8 0 0
 # Printing -1/2 \lambda \lambda q integrals in spatial MO basis
      1.09023130350089939022e-01 	 1 1 0 0
     -3.35337754464100183671e-03 	 1 2 0 0
      2.94995466201961086330e-03 	 1 3 0 0
     -5.86267800533091330145e-03 	 1 4 0 0
      8.00807211849718404706e-03 	 1 5 0 0
     -2.01135398768552365809e-03 	 1 6 0 0
      6.41060791564113195001e-03 	 1 7 0 0
      6.53346282246659946363e-03 	 1 8 0 0
     -3.35337754464101267873e-03 	 2 1 0 0
      3.52101101638963437379e-02 	 2 2 0 0
      1.43885905358253360711e-03 	 2 3 0 0
      5.70096406798457737419e-04 	 2 4 0 0
     -3.50721114133573531185e-03 	 2 5 0 0
      3.47770670114452319643e-03 	 2 6 0 0
     -7.53431590232858054007e-03 	 2 7 0 0
      9.04117989482220297918e-04 	 2 8 0 0
      2.94995466201955144903e-03 	 3 1 0 0
      1.43885905358250194841e-03 	 3 2 0 0
      1.03913318695446260653e-01 	 3 3 0 0
      8.21840497619250281817e-04 	 3 4 0 0
     -3.63927027892098353679e-03 	 3 5 0 0
      5.29133638001119677163e-03 	 3 6 0 0
     -2.08968742094654521060e-03 	 3 7 0 0
     -7.01301053745418691808e-04 	 3 8 0 0
     -5.86267800533091850562e-03 	 4 1 0 0
      5.70096406798468579441e-04 	 4 2 0 0
      8.21840497619256787031e-04 	 4 3 0 0
      5.41773860009810148686e-02 	 4 4 0 0
     -9.44059360205664905435e-04 	 4 5 0 0
      7.51146024640341521822e-03 	 4 6 0 0
     -1.41185742275139560799e-03 	 4 7 0 0
      2.69261090548162740702e-03 	 4 8 0 0
      8.00807211849725343600e-03 	 5 1 0 0
     -3.50721114133581901226e-03 	 5 2 0 0
     -3.63927027892094927600e-03 	 5 3 0 0
     -9.44059360205655039196e-04 	 5 4 0 0
      2.24045963292262839683e-01 	 5 5 0 0
     -1.31269910678063084913e-03 	 5 6 0 0
      2.99758861941294956627e-03 	 5 7 0 0
     -1.52766842354591278995e-04 	 5 8 0 0
     -2.01135398768553927060e-03 	 6 1 0 0
      3.47770670114454965097e-03 	 6 2 0 0
      5.29133638001122105776e-03 	 6 3 0 0
      7.51146024640347333146e-03 	 6 4 0 0
     -1.31269910678056427912e-03 	 6 5 0 0
      3.39494549626704125722e-02 	 6 6 0 0
     -3.03048901608330778848e-03 	 6 7 0 0
      8.25448867664702132935e-04 	 6 8 0 0
      6.41060791564111026597e-03 	 7 1 0 0
     -7.53431590232858487688e-03 	 7 2 0 0
     -2.08968742094656776201e-03 	 7 3 0 0
     -1.41185742275140623317e-03 	 7 4 0 0
      2.99758861941289969297e-03 	 7 5 0 0
     -3.03048901608330735480e-03 	 7 6 0 0
      1.80044444496909802900e-02 	 7 7 0 0
     -5.08224556585930298258e-03 	 7 8 0 0
      6.53346282246671222066e-03 	 8 1 0 0
      9.04117989482232224142e-04 	 8 2 0 0
     -7.01301053745435605362e-04 	 8 3 0 0
      2.69261090548163824904e-03 	 8 4 0 0
     -1.52766842354569079955e-04 	 8 5 0 0
      8.25448867664727503266e-04 	 8 6 0 0
     -5.08224556585937757569e-03 	 8 7 0 0
      4.10329780968414770115e-02 	 8 8 0 0
 # Printing \lambda mu integrals in spatial MO basis
     -3.68916553294836302435e-01 	 1 1 0 0
     -1.39093427295607658528e-02 	 1 2 0 0
     -5.49657324796550619816e-02 	 1 3 0 0
      4.32799515551766575665e-04 	 1 4 0 0
     -6.92302016304178480244e-02 	 1 5 0 0
     -1.92075214265628665955e-02 	 1 6 0 0
      4.34004157798326562628e-03 	 1 7 0 0
     -9.66685975555901799705e-02 	 1 8 0 0
     -1.39093427295607467709e-02 	 2 1 0 0
      2.17267420511346426304e-01 	 2 2 0 0
      2.24710248968854088558e-02 	 2 3 0 0
      3.67684896206692994960e-03 	 2 4 0 0
      6.71636248212235664745e-02 	 2 5 0 0
      1.60813310025340605591e-02 	 2 6 0 0
     -3.98382358855176380019e-02 	 2 7 0 0
     -9.19608197237376488731e-03 	 2 8 0 0
     -5.49657324796551383095e-02 	 3 1 0 0
      2.24710248968853984475e-02 	 3 2 0 0
     -3.85858213155395091132e-01 	 3 3 0 0
      6.30823278165112411031e-02 	 3 4 0 0
      5.32512053757124431685e-02 	 3 5 0 0
      7.55563131240643420794e-02 	 3 6 0 0
     -2.31082326316189023974e-02 	 3 7 0 0
      2.47947045208932216609e-02 	 3 8 0 0
      4.32799515551704179830e-04 	 4 1 0 0
      3.67684896206694469475e-03 	 4 2 0 0
      6.30823278165112133475e-02 	 4 3 0 0
     -2.06295327118164201208e-01 	 4 4 0 0
      2.77180817110091737288e-02 	 4 5 0 0
      8.84368337179410601845e-02 	 4 6 0 0
     -2.26951964710812095771e-02 	 4 7 0 0
     -1.35374499745692412900e-02 	 4 8 0 0
     -6.92302016304179451689e-02 	 5 1 0 0
      6.71636248212235942301e-02 	 5 2 0 0
      5.32512053757124292908e-02 	 5 3 0 0
      2.77180817110091425037e-02 	 5 4 0 0
     -5.92926895837389666966e-01 	 5 5 0 0
      3.78219069367732793618e-02 	 5 6 0 0
     -6.67822898595064884386e-02 	 5 7 0 0
      2.54215679196892647973e-02 	 5 8 0 0
     -1.92075214265628527177e-02 	 6 1 0 0
      1.60813310025340397424e-02 	 6 2 0 0
      7.55563131240643420794e-02 	 6 3 0 0
      8.84368337179411573290e-02 	 6 4 0 0
      3.78219069367732793618e-02 	 6 5 0 0
      3.99400002595916361892e-02 	 6 6 0 0
     -6.98640317653925237151e-03 	 6 7 0 0
     -1.85742388714421648166e-02 	 6 8 0 0
      4.34004157798335062773e-03 	 7 1 0 0
     -3.98382358855176657575e-02 	 7 2 0 0
     -2.31082326316189023974e-02 	 7 3 0 0
     -2.26951964710812581494e-02 	 7 4 0 0
     -6.67822898595065161942e-02 	 7 5 0 0
     -6.98640317653921941177e-03 	 7 6 0 0
      2.28810800560013544169e-02 	 7 7 0 0
      3.72667295957072614715e-03 	 7 8 0 0
     -9.66685975555903048706e-02 	 8 1 0 0
     -9.19608197237378396927e-03 	 8 2 0 0
      2.47947045208932459470e-02 	 8 3 0 0
     -1.35374499745693020053e-02 	 8 4 0 0
      2.54215679196892994918e-02 	 8 5 0 0
     -1.85742388714421960416e-02 	 8 6 0 0
      3.72667295957070749887e-03 	 8 7 0 0
     -1.78436903909517663447e-01 	 8 8 0 0
 # Printing nuclear repulsion energy
     -2.99393926072255089821e+03 	 0 0 0 0
 # Printing photon energy
      6.61500000000000004663e-02 	 0 0 0 0
 # Printing lambda vector
  7.8781200000e-02, 5.5163200000e-02, 2.7395900000e-02 	 0 0 0 0
 # Printing RHF Electronic Dipole Moment
  -1.8181924864e+01, -3.0700665208e-01, -1.2200536140e+01 	 0 0 0 0
 # Printing Nuclear Dipole Moment
  1.3903198643e+01, -1.6425766434e+00, 1.2579822117e+01 	 0 0 0 0
