&FCI NORB=8,NELEC=0,MS2=0
ORBSYM=1,1,1,1,
ISYM=1,
/
      6.83189641006793024758e-01 	 1 1 1 1
      1.05723139338231766210e-02 	 1 1 2 1
      7.07456894060537883062e-02 	 1 1 2 2
      4.37685129592031915702e-02 	 1 1 3 1
     -1.26967940286457116328e-02 	 1 1 3 2
      4.49641755881240778869e-01 	 1 1 3 3
     -5.43978660644704910265e-03 	 1 1 4 1
     -4.11255550671286908976e-05 	 1 1 4 2
     -3.54963322659530150505e-02 	 1 1 4 3
      2.64757034748546227210e-01 	 1 1 4 4
      4.90312191157309534839e-02 	 1 1 5 1
     -3.63150370685078119348e-02 	 1 1 5 2
     -3.49570281999091805880e-02 	 1 1 5 3
     -1.58235048404955919166e-02 	 1 1 5 4
      5.26035809691628331031e-01 	 1 1 5 5
      1.25134493008978095463e-02 	 1 1 6 1
     -6.02987370364439258241e-03 	 1 1 6 2
     -3.94044451850491181388e-02 	 1 1 6 3
     -3.92757959898424324763e-02 	 1 1 6 4
     -1.83513150807812393250e-02 	 1 1 6 5
      1.36172938731873721663e-01 	 1 1 6 6
      3.71943065145218920015e-03 	 1 1 7 1
      2.13531721244685362970e-02 	 1 1 7 2
      1.41143393849195858403e-02 	 1 1 7 3
      1.39601852075914804191e-02 	 1 1 7 4
      3.68600544837996701997e-02 	 1 1 7 5
      1.24725196862162496757e-03 	 1 1 7 6
      1.80196017361625798747e-01 	 1 1 7 7
      8.38804387675656237811e-02 	 1 1 8 1
      7.32815743962750634766e-03 	 1 1 8 2
     -1.60793963477638968129e-02 	 1 1 8 3
      4.94354960115061560499e-03 	 1 1 8 4
     -1.63078854777797647990e-02 	 1 1 8 5
      1.07800062367065865865e-02 	 1 1 8 6
     -1.34458103886380591144e-03 	 1 1 8 7
      3.36393345622620354440e-01 	 1 1 8 8
      1.05723139338231818252e-02 	 2 1 1 1
      1.57996914416043150037e-03 	 2 1 2 1
     -1.81838225992134389433e-03 	 2 1 2 2
      1.35193424892784833449e-03 	 2 1 3 1
     -1.14848863233026890138e-03 	 2 1 3 2
      8.18356960383851209095e-03 	 2 1 3 3
      3.48838732384096914321e-04 	 2 1 4 1
     -2.23598804436126634768e-05 	 2 1 4 2
     -1.66775586200694123616e-03 	 2 1 4 3
      3.48162338802427339876e-03 	 2 1 4 4
      1.24104923206468575544e-03 	 2 1 5 1
     -2.48088683592699501407e-03 	 2 1 5 2
     -1.31628047142245832926e-03 	 2 1 5 3
     -7.65819269016360017893e-04 	 2 1 5 4
      8.83885563494346028490e-03 	 2 1 5 5
      7.28360316372399035044e-04 	 2 1 6 1
     -6.50317450553845616962e-04 	 2 1 6 2
     -2.18847988753605778717e-03 	 2 1 6 3
     -2.51998182625850749086e-03 	 2 1 6 4
     -1.01776839100835465868e-03 	 2 1 6 5
     -7.54620070259705939472e-04 	 2 1 6 6
     -5.88428546858585214442e-04 	 2 1 7 1
      2.03835323109542200515e-03 	 2 1 7 2
      8.88597851256723181984e-04 	 2 1 7 3
      5.92809819746342660414e-04 	 2 1 7 4
      1.98160522591028483499e-03 	 2 1 7 5
      3.96995412514023350136e-04 	 2 1 7 6
      2.64936633311263882232e-03 	 2 1 7 7
      1.81292035814712977453e-03 	 2 1 8 1
     -5.04269090291590725214e-04 	 2 1 8 2
     -3.98910404929307736786e-04 	 2 1 8 3
      1.94297432126157651336e-04 	 2 1 8 4
     -5.71789259749398920754e-04 	 2 1 8 5
      1.84588069279710185154e-04 	 2 1 8 6
      1.55686422118901126015e-04 	 2 1 8 7
      6.16445477091639038730e-03 	 2 1 8 8
      7.07456894060536217728e-02 	 2 2 1 1
     -1.81838225992145036299e-03 	 2 2 2 1
      4.26725612624091921177e-01 	 2 2 2 2
     -2.00822689955225466840e-02 	 2 2 3 1
      2.69869882017480505060e-03 	 2 2 3 2
      4.36926416097927067250e-02 	 2 2 3 3
      5.68069732433455765186e-03 	 2 2 4 1
     -2.40014837507524815552e-03 	 2 2 4 2
      2.03345022592046342780e-02 	 2 2 4 3
      1.27690273908459162033e-01 	 2 2 4 4
     -2.49650768071815465365e-02 	 2 2 5 1
      1.15460332726954675864e-02 	 2 2 5 2
      1.87018035072392049822e-02 	 2 2 5 3
      7.73102713391430988732e-03 	 2 2 5 4
     -9.58550599351891408073e-03 	 2 2 5 5
     -4.36116043080240003982e-03 	 2 2 6 1
     -6.19136333697320809244e-04 	 2 2 6 2
      2.59298021161046277072e-02 	 2 2 6 3
      3.13370655017312371715e-02 	 2 2 6 4
      1.35875679533423322082e-02 	 2 2 6 5
      2.17692157823232146363e-01 	 2 2 6 6
     -5.24877224931927059692e-03 	 2 2 7 1
     -2.59142452677619140183e-03 	 2 2 7 2
     -6.88518545270605866748e-03 	 2 2 7 3
     -5.87863836112748061602e-03 	 2 2 7 4
     -2.08238104944934998564e-02 	 2 2 7 5
     -3.86020535879444794472e-03 	 2 2 7 6
      2.64026626296124000692e-01 	 2 2 7 7
     -4.13585548837942656997e-02 	 2 2 8 1
      7.86486493087681232117e-04 	 2 2 8 2
      8.54929966347722086750e-03 	 2 2 8 3
     -1.12643681324804921517e-02 	 2 2 8 4
      8.02788673091255934600e-03 	 2 2 8 5
     -1.00212085669182694725e-02 	 2 2 8 6
      8.16782803895636441704e-03 	 2 2 8 7
      1.60190549782448399263e-01 	 2 2 8 8
      4.37685129592030944257e-02 	 3 1 1 1
      1.35193424892783835983e-03 	 3 1 2 1
     -2.00822689955226091341e-02 	 3 1 2 2
      1.07437803318855273904e-02 	 3 1 3 1
     -2.90199973371350287282e-03 	 3 1 3 2
      5.84874641548730062057e-02 	 3 1 3 3
     -7.82603791288550404946e-04 	 3 1 4 1
     -4.67878135917960068756e-04 	 3 1 4 2
     -6.77126844978650967860e-03 	 3 1 4 3
      7.90642748503713257979e-03 	 3 1 4 4
      4.89167166113894415214e-03 	 3 1 5 1
     -5.69177646451838464836e-03 	 3 1 5 2
     -5.69273498313133639870e-03 	 3 1 5 3
     -2.14786764562620432692e-03 	 3 1 5 4
      4.01525569405438848003e-02 	 3 1 5 5
      1.33168668085239996074e-03 	 3 1 6 1
     -1.62643917452298279389e-03 	 3 1 6 2
     -7.62228281947133733121e-03 	 3 1 6 3
     -6.62949582565167290504e-03 	 3 1 6 4
     -2.86861646764440285026e-03 	 3 1 6 5
     -1.21149252310997143645e-02 	 3 1 6 6
      9.40065751703957129363e-04 	 3 1 7 1
      4.69811650764989652274e-03 	 3 1 7 2
      2.47528318366691500729e-03 	 3 1 7 3
      1.96119838462204638604e-03 	 3 1 7 4
      5.42035341937640788301e-03 	 3 1 7 5
      6.92955571205865466372e-04 	 3 1 7 6
     -1.65242006778369655492e-04 	 3 1 7 7
      1.03252636291250345091e-02 	 3 1 8 1
      1.46811852278582073705e-03 	 3 1 8 2
     -2.35131351262685226594e-03 	 3 1 8 3
      1.86462588882548669852e-03 	 3 1 8 4
     -2.49408170184976969719e-03 	 3 1 8 5
      1.50823628489288601336e-03 	 3 1 8 6
     -7.88454797894545854689e-04 	 3 1 8 7
      1.18356557718448107686e-02 	 3 1 8 8
     -1.26967940286457133675e-02 	 3 2 1 1
     -1.14848863233027453923e-03 	 3 2 2 1
      2.69869882017475300889e-03 	 3 2 2 2
     -2.90199973371350374018e-03 	 3 2 3 1
      2.35952517466247188929e-03 	 3 2 3 2
     -2.52008481472740658580e-02 	 3 2 3 3
     -1.76670414425611667234e-04 	 3 2 4 1
      9.22875431607493210660e-04 	 3 2 4 2
      3.39891176365740305815e-03 	 3 2 4 3
     -2.95280426540679491118e-03 	 3 2 4 4
     -2.34694558568701930334e-03 	 3 2 5 1
      3.97670930298627510469e-03 	 3 2 5 2
      2.56779481931946468309e-03 	 3 2 5 3
      1.26684765741211539589e-03 	 3 2 5 4
     -1.46712551446308257785e-02 	 3 2 5 5
     -9.23745135041927414865e-04 	 3 2 6 1
      2.07025913732315942906e-03 	 3 2 6 2
      4.04224971633665181719e-03 	 3 2 6 3
      3.65595530325099919364e-03 	 3 2 6 4
      1.69204606344046512220e-03 	 3 2 6 5
      6.27397749038157391543e-03 	 3 2 6 6
      3.42224588419269548905e-04 	 3 2 7 1
     -3.80963734628383347142e-03 	 3 2 7 2
     -1.35885847301884816335e-03 	 3 2 7 3
     -1.10101447638442820169e-03 	 3 2 7 4
     -2.96186354765233788439e-03 	 3 2 7 5
     -7.82932500959698384098e-04 	 3 2 7 6
     -2.82923695759388933030e-03 	 3 2 7 7
     -3.63784193958189725968e-03 	 3 2 8 1
     -7.76274105118688250923e-04 	 3 2 8 2
      9.84274650082287306391e-04 	 3 2 8 3
     -6.08804738534424270263e-04 	 3 2 8 4
      8.93695833098793633240e-04 	 3 2 8 5
     -6.21047612965145443345e-04 	 3 2 8 6
      4.30256474396226683277e-04 	 3 2 8 7
     -5.83840409682520600221e-03 	 3 2 8 8
      4.49641755881240723358e-01 	 3 3 1 1
      8.18356960383852596874e-03 	 3 3 2 1
      4.36926416097927622362e-02 	 3 3 2 2
      5.84874641548730339613e-02 	 3 3 3 1
     -2.52008481472740450413e-02 	 3 3 3 2
      8.04574428149277043332e-01 	 3 3 3 3
     -3.65561307346533477525e-03 	 3 3 4 1
      2.31903734743461268503e-04 	 3 3 4 2
     -5.34382089481430302969e-02 	 3 3 4 3
      2.20816801001109036529e-01 	 3 3 4 4
      3.42731345855369767817e-02 	 3 3 5 1
     -3.21298829188879850327e-02 	 3 3 5 2
     -4.10100350657825601930e-02 	 3 3 5 3
     -1.27233377564971873036e-02 	 3 3 5 4
      4.33293522335647551813e-01 	 3 3 5 5
      7.99627153770455546822e-03 	 3 3 6 1
     -5.98720203331830434085e-03 	 3 3 6 2
     -5.87026805506665472212e-02 	 3 3 6 3
     -3.49724428215593477476e-02 	 3 3 6 4
     -1.59373122303675604505e-02 	 3 3 6 5
      1.03820712982992779949e-01 	 3 3 6 6
      2.90122061278971256348e-03 	 3 3 7 1
      2.30415999201383885076e-02 	 3 3 7 2
      1.69294887939984671499e-02 	 3 3 7 3
      1.28875225005465419287e-02 	 3 3 7 4
      3.30344218799251201912e-02 	 3 3 7 5
      2.30000955649767736128e-03 	 3 3 7 6
      1.64395290329833576592e-01 	 3 3 7 7
      6.22968489466982355829e-02 	 3 3 8 1
      7.49442692477734866141e-03 	 3 3 8 2
     -1.77582520910792573954e-02 	 3 3 8 3
      7.80246711469521816301e-03 	 3 3 8 4
     -1.49606835965429216251e-02 	 3 3 8 5
      9.53948041811225264097e-03 	 3 3 8 6
     -7.96674160103119058558e-04 	 3 3 8 7
      2.61177707713212692298e-01 	 3 3 8 8
     -5.43978660644710374644e-03 	 4 1 1 1
      3.48838732384071218730e-04 	 4 1 2 1
      5.68069732433446918096e-03 	 4 1 2 2
     -7.82603791288543032371e-04 	 4 1 3 1
     -1.76670414425613347747e-04 	 4 1 3 2
     -3.65561307346533390789e-03 	 4 1 3 3
      1.72020428601518779628e-03 	 4 1 4 1
     -1.28644437850977693847e-04 	 4 1 4 2
     -5.48795869742946316842e-04 	 4 1 4 3
      5.61402815492771049138e-03 	 4 1 4 4
     -1.20351870300085478718e-03 	 4 1 5 1
     -4.18461246475419518676e-04 	 4 1 5 2
      2.71659951640285828901e-04 	 4 1 5 3
     -3.25466262589210633509e-04 	 4 1 5 4
     -4.81067003887432082659e-03 	 4 1 5 5
      5.22363442518673261328e-04 	 4 1 6 1
     -9.90719490243106756236e-05 	 4 1 6 2
     -6.55934445453780034900e-04 	 4 1 6 3
     -8.81085146652529622828e-04 	 4 1 6 4
     -2.30060622948592290215e-04 	 4 1 6 5
      6.20402303267104590634e-03 	 4 1 6 6
     -1.11022112402011882172e-03 	 4 1 7 1
      1.03549012468980039005e-03 	 4 1 7 2
      2.33825536654181439112e-04 	 4 1 7 3
      3.66969924025263086729e-05 	 4 1 7 4
      1.71396884630179991956e-04 	 4 1 7 5
     -2.03459950462057296108e-05 	 4 1 7 6
      4.25828243274611190072e-03 	 4 1 7 7
     -2.18550909920005569792e-03 	 4 1 8 1
     -2.44986420124279429510e-04 	 4 1 8 2
      2.35294546267501435317e-04 	 4 1 8 3
     -1.06912962498119574507e-03 	 4 1 8 4
      3.16917693573663997696e-04 	 4 1 8 5
     -4.91762616877744495637e-04 	 4 1 8 6
      8.53510687992278956580e-04 	 4 1 8 7
      6.50528037324883852410e-03 	 4 1 8 8
     -4.11255550671293414189e-05 	 4 2 1 1
     -2.23598804436265548171e-05 	 4 2 2 1
     -2.40014837507533749378e-03 	 4 2 2 2
     -4.67878135917955623527e-04 	 4 2 3 1
      9.22875431607490933836e-04 	 4 2 3 2
      2.31903734743455847492e-04 	 4 2 3 3
     -1.28644437850966174199e-04 	 4 2 4 1
      1.47210825472191540221e-03 	 4 2 4 2
      9.46196563389875610131e-04 	 4 2 4 3
     -4.87187836128295630178e-03 	 4 2 4 4
     -5.66708277665595562891e-04 	 4 2 5 1
      1.21980983323407860680e-03 	 4 2 5 2
      5.99824910170212088553e-04 	 4 2 5 3
      5.65918165169069717346e-04 	 4 2 5 4
     -1.79117561524247338907e-03 	 4 2 5 5
     -3.73391012382347795354e-04 	 4 2 6 1
      1.74763656371172302825e-03 	 4 2 6 2
      8.53962414008717059580e-04 	 4 2 6 3
      8.10884557766559498776e-04 	 4 2 6 4
      7.68536190276502889293e-04 	 4 2 6 5
      2.48643955765308300940e-03 	 4 2 6 6
      1.60718030279926828901e-06 	 4 2 7 1
     -1.36736509511379373746e-03 	 4 2 7 2
     -4.29758533576824733238e-04 	 4 2 7 3
     -6.64292671732082096701e-04 	 4 2 7 4
     -5.51726957723765523700e-04 	 4 2 7 5
     -6.12277242078519928596e-04 	 4 2 7 6
     -2.42176463667002613098e-04 	 4 2 7 7
     -9.11223904167167636850e-04 	 4 2 8 1
     -6.60780093919784085495e-04 	 4 2 8 2
      2.32731411639926048796e-04 	 4 2 8 3
     -3.56330959361606674791e-04 	 4 2 8 4
      1.53922798028046227230e-04 	 4 2 8 5
     -2.51776233404937192610e-04 	 4 2 8 6
      6.04572931199761449614e-04 	 4 2 8 7
      4.35768823187047721519e-04 	 4 2 8 8
     -3.54963322659530011727e-02 	 4 3 1 1
     -1.66775586200692822574e-03 	 4 3 2 1
      2.03345022592046689724e-02 	 4 3 2 2
     -6.77126844978651575013e-03 	 4 3 3 1
      3.39891176365740479287e-03 	 4 3 3 2
     -5.34382089481429817246e-02 	 4 3 3 3
     -5.48795869742943823177e-04 	 4 3 4 1
      9.46196563389879079578e-04 	 4 3 4 2
      8.65924677506627743506e-03 	 4 3 4 3
     -2.37400622244913137027e-02 	 4 3 4 4
     -6.11705404372149888492e-03 	 4 3 5 1
      7.36292165952161757614e-03 	 4 3 5 2
      5.82715620567222231108e-03 	 4 3 5 3
      2.87878142652298399384e-03 	 4 3 5 4
     -4.46703520371994414195e-02 	 4 3 5 5
     -2.26356852470392493071e-03 	 4 3 6 1
      2.27122200353483067251e-03 	 4 3 6 2
      9.65102351991979114099e-03 	 4 3 6 3
      9.78044970089547542613e-03 	 4 3 6 4
      3.84390356852521482972e-03 	 4 3 6 5
      8.82868815469188550349e-03 	 4 3 6 6
      4.69312754820990862912e-04 	 4 3 7 1
     -6.32436707976288640942e-03 	 4 3 7 2
     -2.66952729849423376837e-03 	 4 3 7 3
     -2.41108221072392023970e-03 	 4 3 7 4
     -6.76737407679856885212e-03 	 4 3 7 5
     -7.39112890967953597293e-04 	 4 3 7 6
     -3.88897617007989649870e-04 	 4 3 7 7
     -9.56608495234061509405e-03 	 4 3 8 1
     -1.35033512806262238903e-03 	 4 3 8 2
      2.55607241516156956374e-03 	 4 3 8 3
     -1.38775562035992321847e-03 	 4 3 8 4
      2.33887964709198273305e-03 	 4 3 8 5
     -2.04335466329288138743e-03 	 4 3 8 6
      7.79910657100452370596e-04 	 4 3 8 7
     -1.89302157990443864488e-02 	 4 3 8 8
      2.64757034748546338232e-01 	 4 4 1 1
      3.48162338802430028697e-03 	 4 4 2 1
      1.27690273908459356322e-01 	 4 4 2 2
      7.90642748503709788532e-03 	 4 4 3 1
     -2.95280426540681963099e-03 	 4 4 3 2
      2.20816801001109036529e-01 	 4 4 3 3
      5.61402815492760901006e-03 	 4 4 4 1
     -4.87187836128297972055e-03 	 4 4 4 2
     -2.37400622244912720693e-02 	 4 4 4 3
      4.56437413458400997879e-01 	 4 4 4 4
      1.53775430215971689596e-02 	 4 4 5 1
     -1.41844815503751765090e-02 	 4 4 5 2
     -1.05661033074556237610e-02 	 4 4 5 3
     -7.21370354413769510060e-03 	 4 4 5 4
      2.95563792670026415088e-01 	 4 4 5 5
      6.92654535718295258362e-03 	 4 4 6 1
     -6.82722843863749380422e-03 	 4 4 6 2
     -2.11384831381294380215e-02 	 4 4 6 3
     -3.54968868126834327659e-02 	 4 4 6 4
     -1.11340514496708342662e-02 	 4 4 6 5
      2.50842390637702361555e-01 	 4 4 6 6
     -5.14579826163792230370e-03 	 4 4 7 1
      6.29892545291039704369e-03 	 4 4 7 2
      5.34744520142705747484e-03 	 4 4 7 3
      1.29358754412786138011e-02 	 4 4 7 4
      1.56129713414251830583e-02 	 4 4 7 5
      1.74439574272847392269e-03 	 4 4 7 6
      1.75283212480567940350e-01 	 4 4 7 7
      2.27356078615418046029e-02 	 4 4 8 1
      1.07889644481924630234e-03 	 4 4 8 2
     -7.85876464904034822967e-03 	 4 4 8 3
     -2.16795072218191895233e-03 	 4 4 8 4
     -6.77291329975030203386e-03 	 4 4 8 5
      1.07894942277941361525e-02 	 4 4 8 6
     -5.22009552178541750764e-04 	 4 4 8 7
      2.98448795778557818270e-01 	 4 4 8 8
      4.90312191157309257283e-02 	 5 1 1 1
      1.24104923206468532176e-03 	 5 1 2 1
     -2.49650768071815742921e-02 	 5 1 2 2
      4.89167166113894068269e-03 	 5 1 3 1
     -2.34694558568702103807e-03 	 5 1 3 2
      3.42731345855370531095e-02 	 5 1 3 3
     -1.20351870300086042503e-03 	 5 1 4 1
     -5.66708277665596538673e-04 	 5 1 4 2
     -6.11705404372149628284e-03 	 5 1 4 3
      1.53775430215971117137e-02 	 5 1 4 4
      1.25161195997549132969e-02 	 5 1 5 1
     -8.12040552309956781274e-03 	 5 1 5 2
     -6.45197115598431132633e-03 	 5 1 5 3
     -3.12689895746520382658e-03 	 5 1 5 4
      7.83284078757953139416e-02 	 5 1 5 5
      1.91443715466135702501e-03 	 5 1 6 1
     -1.85568286513938720400e-03 	 5 1 6 2
     -7.22837062279493413469e-03 	 5 1 6 3
     -8.62878140807754254182e-03 	 5 1 6 4
     -4.28218436360869748186e-03 	 5 1 6 5
     -1.09020686812445356112e-02 	 5 1 6 6
      4.63854186014488244303e-04 	 5 1 7 1
      4.52634176480377296153e-03 	 5 1 7 2
      2.22253122710621125319e-03 	 5 1 7 3
      2.28548275750804384329e-03 	 5 1 7 4
      7.92620936417256713447e-03 	 5 1 7 5
      7.46377682514245315362e-04 	 5 1 7 6
     -5.01886405028033940473e-03 	 5 1 7 7
      1.17045947980194183641e-02 	 5 1 8 1
      1.12405404665402025577e-03 	 5 1 8 2
     -2.81352291131895665410e-03 	 5 1 8 3
      1.51604478259900537704e-03 	 5 1 8 4
     -2.74767604102854612336e-03 	 5 1 8 5
      2.24859594993814717462e-03 	 5 1 8 6
     -1.38258445799072635964e-03 	 5 1 8 7
      1.43802599385753557271e-02 	 5 1 8 8
     -3.63150370685077841792e-02 	 5 2 1 1
     -2.48088683592699501407e-03 	 5 2 2 1
      1.15460332726954658517e-02 	 5 2 2 2
     -5.69177646451838985253e-03 	 5 2 3 1
      3.97670930298627336996e-03 	 5 2 3 2
     -3.21298829188879850327e-02 	 5 2 3 3
     -4.18461246475423530224e-04 	 5 2 4 1
      1.21980983323407882364e-03 	 5 2 4 2
      7.36292165952162191295e-03 	 5 2 4 3
     -1.41844815503752007951e-02 	 5 2 4 4
     -8.12040552309957301691e-03 	 5 2 5 1
      1.17171201919067866082e-02 	 5 2 5 2
      6.37458733816762337931e-03 	 5 2 5 3
      3.34599484238025336388e-03 	 5 2 5 4
     -6.93846319367787955912e-02 	 5 2 5 5
     -2.42761887275829129490e-03 	 5 2 6 1
      3.71571189473152976510e-03 	 5 2 6 2
      8.99325968555257995729e-03 	 5 2 6 3
      1.07444047621969799439e-02 	 5 2 6 4
      4.88127355872282776145e-03 	 5 2 6 5
      1.21999525418153339368e-02 	 5 2 6 6
      9.75214223548206060252e-04 	 5 2 7 1
     -9.60648418954887679810e-03 	 5 2 7 2
     -2.86018723779810296950e-03 	 5 2 7 3
     -2.29759658787427644214e-03 	 5 2 7 4
     -9.37375007245445576731e-03 	 5 2 7 5
     -1.03482261587986871729e-03 	 5 2 7 6
     -4.02496068839798028238e-03 	 5 2 7 7
     -1.01049508185624536266e-02 	 5 2 8 1
     -1.97869149093819534854e-03 	 5 2 8 2
      2.41268073794274288263e-03 	 5 2 8 3
     -1.33868076730308789915e-03 	 5 2 8 4
      2.64856248400968446663e-03 	 5 2 8 5
     -1.94895834965729160271e-03 	 5 2 8 6
      1.09838506641188196969e-03 	 5 2 8 7
     -1.79286518608383731166e-02 	 5 2 8 8
     -3.49570281999091805880e-02 	 5 3 1 1
     -1.31628047142245941346e-03 	 5 3 2 1
      1.87018035072392257989e-02 	 5 3 2 2
     -5.69273498313133292925e-03 	 5 3 3 1
      2.56779481931946468309e-03 	 5 3 3 2
     -4.10100350657825740708e-02 	 5 3 3 3
      2.71659951640290762021e-04 	 5 3 4 1
      5.99824910170214040117e-04 	 5 3 4 2
      5.82715620567221970899e-03 	 5 3 4 3
     -1.05661033074556272304e-02 	 5 3 4 4
     -6.45197115598431479577e-03 	 5 3 5 1
      6.37458733816762164459e-03 	 5 3 5 2
      5.27500984692685394306e-03 	 5 3 5 3
      2.42747565191790996494e-03 	 5 3 5 4
     -5.20366099958759417698e-02 	 5 3 5 5
     -1.59687281216643961815e-03 	 5 3 6 1
      1.72555654176843615427e-03 	 5 3 6 2
      6.81928752354133468211e-03 	 5 3 6 3
      7.00202472705645749540e-03 	 5 3 6 4
      3.38267644132791717865e-03 	 5 3 6 5
      9.25325879007756618710e-03 	 5 3 6 6
     -2.13085643384828659751e-05 	 5 3 7 1
     -4.41561708021570055449e-03 	 5 3 7 2
     -2.18002746306845181928e-03 	 5 3 7 3
     -1.95903231941848849501e-03 	 5 3 7 4
     -6.02324195425386552105e-03 	 5 3 7 5
     -7.71883413551943241976e-04 	 5 3 7 6
      1.64262235923560290241e-03 	 5 3 7 7
     -8.93505035994797414123e-03 	 5 3 8 1
     -1.03445586264840246049e-03 	 5 3 8 2
      2.11916676706795604687e-03 	 5 3 8 3
     -1.26229195260753345766e-03 	 5 3 8 4
      2.15233689665581071765e-03 	 5 3 8 5
     -1.53298251460882105877e-03 	 5 3 8 6
      7.43640846060036539433e-04 	 5 3 8 7
     -1.28557358271016910350e-02 	 5 3 8 8
     -1.58235048404955780388e-02 	 5 4 1 1
     -7.65819269016356765287e-04 	 5 4 2 1
      7.73102713391434024498e-03 	 5 4 2 2
     -2.14786764562620692900e-03 	 5 4 3 1
      1.26684765741211799797e-03 	 5 4 3 2
     -1.27233377564971768953e-02 	 5 4 3 3
     -3.25466262589213072964e-04 	 5 4 4 1
      5.65918165169072753112e-04 	 5 4 4 2
      2.87878142652298616225e-03 	 5 4 4 3
     -7.21370354413772112145e-03 	 5 4 4 4
     -3.12689895746520816339e-03 	 5 4 5 1
      3.34599484238025466493e-03 	 5 4 5 2
      2.42747565191791213335e-03 	 5 4 5 3
      1.55533247952434339201e-03 	 5 4 5 4
     -2.44753467443331075570e-02 	 5 4 5 5
     -1.09977750489778061845e-03 	 5 4 6 1
      1.12463591480570657827e-03 	 5 4 6 2
      3.40324212766516826650e-03 	 5 4 6 3
      3.95502058200423826928e-03 	 5 4 6 4
      1.88822717381683389051e-03 	 5 4 6 5
      2.97069298139732672348e-03 	 5 4 6 6
      3.62852124995817070137e-04 	 5 4 7 1
     -2.43591182405334446409e-03 	 5 4 7 2
     -1.18603887986505835209e-03 	 5 4 7 3
     -1.12777880611186678145e-03 	 5 4 7 4
     -3.06575409486367026629e-03 	 5 4 7 5
     -5.35640349456512326193e-04 	 5 4 7 6
      5.73698197624939289566e-05 	 5 4 7 7
     -3.82345776841457258080e-03 	 5 4 8 1
     -4.42390002420834770741e-04 	 5 4 8 2
      9.67511403970863813687e-04 	 5 4 8 3
     -3.71754876625391490925e-04 	 5 4 8 4
      9.27543618690191383480e-04 	 5 4 8 5
     -6.53351882195406068188e-04 	 5 4 8 6
      2.23814408283128194344e-04 	 5 4 8 7
     -8.30063949654592792005e-03 	 5 4 8 8
      5.26035809691628442053e-01 	 5 5 1 1
      8.83885563494345855018e-03 	 5 5 2 1
     -9.58550599351888632516e-03 	 5 5 2 2
      4.01525569405438778614e-02 	 5 5 3 1
     -1.46712551446308119008e-02 	 5 5 3 2
      4.33293522335647440791e-01 	 5 5 3 3
     -4.81067003887431041825e-03 	 5 5 4 1
     -1.79117561524247620799e-03 	 5 5 4 2
     -4.46703520371994761140e-02 	 5 5 4 3
      2.95563792670026637133e-01 	 5 5 4 4
      7.83284078757953139416e-02 	 5 5 5 1
     -6.93846319367788788579e-02 	 5 5 5 2
     -5.20366099958759209532e-02 	 5 5 5 3
     -2.44753467443330902098e-02 	 5 5 5 4
      1.00723220855975759136e+00 	 5 5 5 5
      1.41974954356112841036e-02 	 5 5 6 1
     -9.31750999891659686947e-03 	 5 5 6 2
     -5.10084021633381706762e-02 	 5 5 6 3
     -6.01003228947572382124e-02 	 5 5 6 4
     -3.89328746203747647070e-02 	 5 5 6 5
      1.03853982582792714329e-01 	 5 5 6 6
      9.36315733116536291769e-04 	 5 5 7 1
      2.44701522239368328415e-02 	 5 5 7 2
      1.57252058250075439638e-02 	 5 5 7 3
      1.75869686441902962903e-02 	 5 5 7 4
      6.86823654791780119355e-02 	 5 5 7 5
      2.48492354333159151669e-03 	 5 5 7 6
      1.27645363070823247842e-01 	 5 5 7 7
      8.23142630830805827058e-02 	 5 5 8 1
      7.82684140662217968376e-03 	 5 5 8 2
     -1.98535036601336055406e-02 	 5 5 8 3
      7.36323657950550564816e-03 	 5 5 8 4
     -2.32564696639774512454e-02 	 5 5 8 5
      1.49564287071117969774e-02 	 5 5 8 6
     -4.80060765685419270354e-03 	 5 5 8 7
      2.98132030918477619608e-01 	 5 5 8 8
      1.25134493008978546491e-02 	 6 1 1 1
      7.28360316372424513795e-04 	 6 1 2 1
     -4.36116043080236361063e-03 	 6 1 2 2
      1.33168668085238434823e-03 	 6 1 3 1
     -9.23745135041925354881e-04 	 6 1 3 2
      7.99627153770456240711e-03 	 6 1 3 3
      5.22363442518635314252e-04 	 6 1 4 1
     -3.73391012382346927992e-04 	 6 1 4 2
     -2.26356852470390107826e-03 	 6 1 4 3
      6.92654535718289273566e-03 	 6 1 4 4
      1.91443715466134076197e-03 	 6 1 5 1
     -2.42761887275829042754e-03 	 6 1 5 2
     -1.59687281216642964349e-03 	 6 1 5 3
     -1.09977750489776522277e-03 	 6 1 5 4
      1.41974954356113326759e-02 	 6 1 5 5
      1.75515228316784057880e-03 	 6 1 6 1
     -7.34219139546517501199e-04 	 6 1 6 2
     -2.99397824725021553111e-03 	 6 1 6 3
     -3.17866451816697058452e-03 	 6 1 6 4
     -1.55953927765777869072e-03 	 6 1 6 5
      4.38034291357734394297e-04 	 6 1 6 6
     -4.38791729936255977401e-04 	 6 1 7 1
      2.05494037125774058755e-03 	 6 1 7 2
      8.22960051770015759212e-04 	 6 1 7 3
      7.11561722142180675017e-04 	 6 1 7 4
      2.07156222226235380360e-03 	 6 1 7 5
      9.94355939974066128841e-05 	 6 1 7 6
      1.77063832686492330856e-04 	 6 1 7 7
      2.31790041569920543529e-03 	 6 1 8 1
      1.03064373831418648587e-04 	 6 1 8 2
     -6.93264984680921295818e-04 	 6 1 8 3
      4.91133531071123860187e-05 	 6 1 8 4
     -5.40870696927577541448e-04 	 6 1 8 5
     -2.78860957393623279388e-04 	 6 1 8 6
     -7.66641406555113095979e-05 	 6 1 8 7
      7.11005626513275951206e-03 	 6 1 8 8
     -6.02987370364439171505e-03 	 6 2 1 1
     -6.50317450553841713834e-04 	 6 2 2 1
     -6.19136333697306931456e-04 	 6 2 2 2
     -1.62643917452297325291e-03 	 6 2 3 1
      2.07025913732315942906e-03 	 6 2 3 2
     -5.98720203331832342281e-03 	 6 2 3 3
     -9.90719490242893032882e-05 	 6 2 4 1
      1.74763656371171977565e-03 	 6 2 4 2
      2.27122200353481896312e-03 	 6 2 4 3
     -6.82722843863753023341e-03 	 6 2 4 4
     -1.85568286513938438508e-03 	 6 2 5 1
      3.71571189473152933141e-03 	 6 2 5 2
      1.72555654176843637111e-03 	 6 2 5 3
      1.12463591480570310882e-03 	 6 2 5 4
     -9.31750999891658993057e-03 	 6 2 5 5
     -7.34219139546538101040e-04 	 6 2 6 1
      5.03648227484154633465e-03 	 6 2 6 2
      3.84774742078858832117e-03 	 6 2 6 3
      4.57881938943129149916e-03 	 6 2 6 4
      2.31402270132486081317e-03 	 6 2 6 5
     -3.47289474292355754975e-03 	 6 2 6 6
      1.73305759178287653284e-04 	 6 2 7 1
     -3.79934259279063281031e-03 	 6 2 7 2
     -1.04954216936309287396e-03 	 6 2 7 3
     -1.20428207995538095326e-03 	 6 2 7 4
     -2.32924610301552025352e-03 	 6 2 7 5
     -1.79474638058201886592e-03 	 6 2 7 6
     -3.14308593929388691707e-03 	 6 2 7 7
     -3.35843412058558880851e-03 	 6 2 8 1
     -1.58968031848127824140e-03 	 6 2 8 2
      7.09964787228479663958e-04 	 6 2 8 3
     -9.56657969039485995590e-04 	 6 2 8 4
      7.20553006119298289356e-04 	 6 2 8 5
     -1.73905442434151859786e-03 	 6 2 8 6
      8.01646385273183732963e-04 	 6 2 8 7
     -4.47857357111168356834e-03 	 6 2 8 8
     -3.94044451850491250777e-02 	 6 3 1 1
     -2.18847988753607079759e-03 	 6 3 2 1
      2.59298021161046138294e-02 	 6 3 2 2
     -7.62228281947133039231e-03 	 6 3 3 1
      4.04224971633665268456e-03 	 6 3 3 2
     -5.87026805506665888545e-02 	 6 3 3 3
     -6.55934445453753905628e-04 	 6 3 4 1
      8.53962414008717168000e-04 	 6 3 4 2
      9.65102351991977899792e-03 	 6 3 4 3
     -2.11384831381294310826e-02 	 6 3 4 4
     -7.22837062279492459371e-03 	 6 3 5 1
      8.99325968555257822257e-03 	 6 3 5 2
      6.81928752354132947794e-03 	 6 3 5 3
      3.40324212766516046025e-03 	 6 3 5 4
     -5.10084021633381984318e-02 	 6 3 5 5
     -2.99397824725022377104e-03 	 6 3 6 1
      3.84774742078858051492e-03 	 6 3 6 2
      1.28993356906584207000e-02 	 6 3 6 3
      1.35963488671364662180e-02 	 6 3 6 4
      5.31570633986143403771e-03 	 6 3 6 5
     -2.14826827841570894284e-05 	 6 3 6 6
      7.69526167906097098050e-04 	 6 3 7 1
     -7.81370212853339796144e-03 	 6 3 7 2
     -3.22532373047872480964e-03 	 6 3 7 3
     -2.48742240216114117793e-03 	 6 3 7 4
     -8.16773746922412266502e-03 	 6 3 7 5
     -1.48539183139769328038e-03 	 6 3 7 6
      1.40228891358791995722e-03 	 6 3 7 7
     -1.09134227952576538800e-02 	 6 3 8 1
     -1.39985559781764410878e-03 	 6 3 8 2
      2.81487258561504164953e-03 	 6 3 8 3
     -1.86282169997356410185e-03 	 6 3 8 4
      2.66726291503224886142e-03 	 6 3 8 5
     -2.75738349902680379006e-03 	 6 3 8 6
      7.17334630064883540385e-04 	 6 3 8 7
     -1.94180799837513490269e-02 	 6 3 8 8
     -3.92757959898425296208e-02 	 6 4 1 1
     -2.51998182625854435374e-03 	 6 4 2 1
      3.13370655017311677826e-02 	 6 4 2 2
     -6.62949582565167117032e-03 	 6 4 3 1
      3.65595530325099745891e-03 	 6 4 3 2
     -3.49724428215593199920e-02 	 6 4 3 3
     -8.81085146652494169417e-04 	 6 4 4 1
      8.10884557766587688032e-04 	 6 4 4 2
      9.78044970089545981362e-03 	 6 4 4 3
     -3.54968868126834327659e-02 	 6 4 4 4
     -8.62878140807754948072e-03 	 6 4 5 1
      1.07444047621969747397e-02 	 6 4 5 2
      7.00202472705645749540e-03 	 6 4 5 3
      3.95502058200421051370e-03 	 6 4 5 4
     -6.01003228947572867846e-02 	 6 4 5 5
     -3.17866451816694716576e-03 	 6 4 6 1
      4.57881938943125333524e-03 	 6 4 6 2
      1.35963488671364436666e-02 	 6 4 6 3
      2.19562275668518658289e-02 	 6 4 6 4
      6.24827896953103131827e-03 	 6 4 6 5
     -2.52900695763171902419e-03 	 6 4 6 6
      1.42971369572214199693e-03 	 6 4 7 1
     -9.09237928556420708925e-03 	 6 4 7 2
     -3.37179868773873365334e-03 	 6 4 7 3
     -3.08021408193783711310e-03 	 6 4 7 4
     -9.71317668877886945811e-03 	 6 4 7 5
     -1.82028061950611119886e-03 	 6 4 7 6
      3.94632900044436345233e-03 	 6 4 7 7
     -1.23740852289126301161e-02 	 6 4 8 1
     -1.43287932033399388956e-03 	 6 4 8 2
      2.98977122103424256677e-03 	 6 4 8 3
     -1.33099037962112814668e-03 	 6 4 8 4
      3.00249648578133866358e-03 	 6 4 8 5
     -3.67922372405034368154e-03 	 6 4 8 6
      1.35739124565083984011e-03 	 6 4 8 7
     -2.57910178981668007647e-02 	 6 4 8 8
     -1.83513150807812497334e-02 	 6 5 1 1
     -1.01776839100837157223e-03 	 6 5 2 1
      1.35875679533423131262e-02 	 6 5 2 2
     -2.86861646764439461033e-03 	 6 5 3 1
      1.69204606344046382116e-03 	 6 5 3 2
     -1.59373122303675604505e-02 	 6 5 3 3
     -2.30060622948564263588e-04 	 6 5 4 1
      7.68536190276501913511e-04 	 6 5 4 2
      3.84390356852519834985e-03 	 6 5 4 3
     -1.11340514496708099801e-02 	 6 5 4 4
     -4.28218436360868447144e-03 	 6 5 5 1
      4.88127355872282515936e-03 	 6 5 5 2
      3.38267644132791110712e-03 	 6 5 5 3
      1.88822717381682434953e-03 	 6 5 5 4
     -3.89328746203747785848e-02 	 6 5 5 5
     -1.55953927765778432857e-03 	 6 5 6 1
      2.31402270132485604268e-03 	 6 5 6 2
      5.31570633986143750715e-03 	 6 5 6 3
      6.24827896953105560440e-03 	 6 5 6 4
      3.27837605096525583348e-03 	 6 5 6 5
     -6.64937144901803006344e-04 	 6 5 6 6
      3.48045068383320875885e-04 	 6 5 7 1
     -3.17112232821575466477e-03 	 6 5 7 2
     -1.51573005863426505009e-03 	 6 5 7 3
     -1.44852818701658855524e-03 	 6 5 7 4
     -4.50208034838182370729e-03 	 6 5 7 5
     -1.09747540482096786300e-03 	 6 5 7 6
      2.54670225197709031509e-03 	 6 5 7 7
     -5.11802668145721825765e-03 	 6 5 8 1
     -5.51634910099165149192e-04 	 6 5 8 2
      1.25954704480648986553e-03 	 6 5 8 3
     -8.54647790817116589750e-04 	 6 5 8 4
      1.38740054502721997520e-03 	 6 5 8 5
     -1.26854478013807298736e-03 	 6 5 8 6
      4.46735075272469001062e-04 	 6 5 8 7
     -8.57032748558707313524e-03 	 6 5 8 8
      1.36172938731873804930e-01 	 6 6 1 1
     -7.54620070259666691354e-04 	 6 6 2 1
      2.17692157823232201874e-01 	 6 6 2 2
     -1.21149252310997247728e-02 	 6 6 3 1
      6.27397749038157998697e-03 	 6 6 3 2
      1.03820712982992641171e-01 	 6 6 3 3
      6.20402303267100253825e-03 	 6 6 4 1
      2.48643955765307346842e-03 	 6 6 4 2
      8.82868815469188723821e-03 	 6 6 4 3
      2.50842390637702028489e-01 	 6 6 4 4
     -1.09020686812445685709e-02 	 6 6 5 1
      1.21999525418153183243e-02 	 6 6 5 2
      9.25325879007756792183e-03 	 6 6 5 3
      2.97069298139734060127e-03 	 6 6 5 4
      1.03853982582792797595e-01 	 6 6 5 5
      4.38034291357740032148e-04 	 6 6 6 1
     -3.47289474292353846779e-03 	 6 6 6 2
     -2.14826827842086974518e-05 	 6 6 6 3
     -2.52900695763184132220e-03 	 6 6 6 4
     -6.64937144901798669536e-04 	 6 6 6 5
      3.81217852391051825744e-01 	 6 6 6 6
     -5.43849634077495786011e-03 	 6 6 7 1
     -1.37120177316344682428e-02 	 6 6 7 2
     -2.61582085681375496600e-03 	 6 6 7 3
     -1.83955525722190923327e-03 	 6 6 7 4
     -9.28663352947210751775e-03 	 6 6 7 5
      2.90269766185759616264e-03 	 6 6 7 6
      1.73442114783614376172e-01 	 6 6 7 7
     -2.42160910097861253876e-02 	 6 6 8 1
     -6.34649646333519147634e-03 	 6 6 8 2
      3.49710152212758191084e-03 	 6 6 8 3
     -7.88658277570788296407e-03 	 6 6 8 4
      4.17625416875762583285e-03 	 6 6 8 5
      2.03681931301658014632e-03 	 6 6 8 6
      8.49183058224164087624e-03 	 6 6 8 7
      1.91843240627998068426e-01 	 6 6 8 8
      3.71943065145222302725e-03 	 7 1 1 1
     -5.88428546858582395516e-04 	 7 1 2 1
     -5.24877224931917171769e-03 	 7 1 2 2
      9.40065751703949539948e-04 	 7 1 3 1
      3.42224588419266784189e-04 	 7 1 3 2
      2.90122061278972470655e-03 	 7 1 3 3
     -1.11022112402010299237e-03 	 7 1 4 1
      1.60718030281015605051e-06 	 7 1 4 2
      4.69312754820988206617e-04 	 7 1 4 3
     -5.14579826163797521277e-03 	 7 1 4 4
      4.63854186014486184319e-04 	 7 1 5 1
      9.75214223548205409731e-04 	 7 1 5 2
     -2.13085643384802096798e-05 	 7 1 5 3
      3.62852124995812570698e-04 	 7 1 5 4
      9.36315733116536725450e-04 	 7 1 5 5
     -4.38791729936297014453e-04 	 7 1 6 1
      1.73305759178293318241e-04 	 7 1 6 2
      7.69526167906118673673e-04 	 7 1 6 3
      1.42971369572217040303e-03 	 7 1 6 4
      3.48045068383347655679e-04 	 7 1 6 5
     -5.43849634077498127888e-03 	 7 1 6 6
      1.74131382674841406200e-03 	 7 1 7 1
     -1.08625949047741021496e-03 	 7 1 7 2
     -4.36451821893112622275e-04 	 7 1 7 3
     -1.43367250130793449318e-04 	 7 1 7 4
     -8.60327487808797619281e-04 	 7 1 7 5
     -1.55574428458651084191e-04 	 7 1 7 6
     -5.57770788922549737993e-03 	 7 1 7 7
      1.73709267384477552762e-03 	 7 1 8 1
      4.44490051664298295355e-04 	 7 1 8 2
     -2.00532404633816481107e-04 	 7 1 8 3
      7.95597412257318878370e-04 	 7 1 8 4
     -1.16849683550507922646e-04 	 7 1 8 5
      1.64511089168636583319e-04 	 7 1 8 6
     -1.04920305394852670690e-03 	 7 1 8 7
     -7.34260286373730492598e-03 	 7 1 8 8
      2.13531721244685016026e-02 	 7 2 1 1
      2.03835323109540379055e-03 	 7 2 2 1
     -2.59142452677607691008e-03 	 7 2 2 2
      4.69811650764987570605e-03 	 7 2 3 1
     -3.80963734628383607350e-03 	 7 2 3 2
      2.30415999201383780992e-02 	 7 2 3 3
      1.03549012468980212477e-03 	 7 2 4 1
     -1.36736509511379699007e-03 	 7 2 4 2
     -6.32436707976288640942e-03 	 7 2 4 3
      6.29892545291040224786e-03 	 7 2 4 4
      4.52634176480377729834e-03 	 7 2 5 1
     -9.60648418954887159393e-03 	 7 2 5 2
     -4.41561708021570055449e-03 	 7 2 5 3
     -2.43591182405333839256e-03 	 7 2 5 4
      2.44701522239368293721e-02 	 7 2 5 5
      2.05494037125769461738e-03 	 7 2 6 1
     -3.79934259279064755546e-03 	 7 2 6 2
     -7.81370212853338581838e-03 	 7 2 6 3
     -9.09237928556416892534e-03 	 7 2 6 4
     -3.17112232821573601649e-03 	 7 2 6 5
     -1.37120177316344647733e-02 	 7 2 6 6
     -1.08625949047741802121e-03 	 7 2 7 1
      1.57411527582902374678e-02 	 7 2 7 2
      2.42185333623091449129e-03 	 7 2 7 3
      1.97559951119316611415e-03 	 7 2 7 4
      6.86604466472992124720e-03 	 7 2 7 5
      7.48941431876861893335e-04 	 7 2 7 6
      1.63554677183269173146e-02 	 7 2 7 7
      7.67699595665794366078e-03 	 7 2 8 1
      2.41166981296771307935e-03 	 7 2 8 2
     -1.74257089772524497925e-03 	 7 2 8 3
      1.55881719784351597743e-03 	 7 2 8 4
     -1.80877260709764054597e-03 	 7 2 8 5
      1.35442190763258038869e-03 	 7 2 8 6
     -2.94025783336490783779e-04 	 7 2 8 7
      1.71290048504403949470e-02 	 7 2 8 8
      1.41143393849195771667e-02 	 7 3 1 1
      8.88597851256726217750e-04 	 7 3 2 1
     -6.88518545270611331127e-03 	 7 3 2 2
      2.47528318366691327257e-03 	 7 3 3 1
     -1.35885847301884924755e-03 	 7 3 3 2
      1.69294887939984740888e-02 	 7 3 3 3
      2.33825536654172657074e-04 	 7 3 4 1
     -4.29758533576833352645e-04 	 7 3 4 2
     -2.66952729849423246733e-03 	 7 3 4 3
      5.34744520142709130195e-03 	 7 3 4 4
      2.22253122710621125319e-03 	 7 3 5 1
     -2.86018723779810166846e-03 	 7 3 5 2
     -2.18002746306845355401e-03 	 7 3 5 3
     -1.18603887986505618368e-03 	 7 3 5 4
      1.57252058250075474333e-02 	 7 3 5 5
      8.22960051770041346383e-04 	 7 3 6 1
     -1.04954216936309287396e-03 	 7 3 6 2
     -3.22532373047873912111e-03 	 7 3 6 3
     -3.37179868773875273530e-03 	 7 3 6 4
     -1.51573005863428174680e-03 	 7 3 6 5
     -2.61582085681373935349e-03 	 7 3 6 6
     -4.36451821893107743365e-04 	 7 3 7 1
      2.42185333623092316491e-03 	 7 3 7 2
      1.31927472619605516690e-03 	 7 3 7 3
      1.02263665733607180333e-03 	 7 3 7 4
      2.67153684921822825310e-03 	 7 3 7 5
      6.21892794205648703418e-04 	 7 3 7 6
      9.56979792843469317075e-04 	 7 3 7 7
      3.37413184523589412822e-03 	 7 3 8 1
      3.51487730546069213240e-04 	 7 3 8 2
     -7.95244777889551673553e-04 	 7 3 8 3
      4.31231228670996653493e-04 	 7 3 8 4
     -8.66679737549705744848e-04 	 7 3 8 5
      6.15651651124606642991e-04 	 7 3 8 6
     -8.36792071323639235570e-05 	 7 3 8 7
      7.47371291692576749516e-03 	 7 3 8 8
      1.39601852075914301121e-02 	 7 4 1 1
      5.92809819746322602674e-04 	 7 4 2 1
     -5.87863836112755954594e-03 	 7 4 2 2
      1.96119838462205289126e-03 	 7 4 3 1
     -1.10101447638442278068e-03 	 7 4 3 2
      1.28875225005465506023e-02 	 7 4 3 3
      3.66969924025402203420e-05 	 7 4 4 1
     -6.64292671732077109371e-04 	 7 4 4 2
     -2.41108221072392631124e-03 	 7 4 4 3
      1.29358754412786658428e-02 	 7 4 4 4
      2.28548275750803213391e-03 	 7 4 5 1
     -2.29759658787427817686e-03 	 7 4 5 2
     -1.95903231941848849501e-03 	 7 4 5 3
     -1.12777880611186266148e-03 	 7 4 5 4
      1.75869686441903309848e-02 	 7 4 5 5
      7.11561722142220790498e-04 	 7 4 6 1
     -1.20428207995539266265e-03 	 7 4 6 2
     -2.48742240216115895884e-03 	 7 4 6 3
     -3.08021408193789782842e-03 	 7 4 6 4
     -1.44852818701660893824e-03 	 7 4 6 5
     -1.83955525722182553286e-03 	 7 4 6 6
     -1.43367250130794804570e-04 	 7 4 7 1
      1.97559951119318216034e-03 	 7 4 7 2
      1.02263665733607700750e-03 	 7 4 7 3
      2.18723703231494181684e-03 	 7 4 7 4
      2.49461472311499586618e-03 	 7 4 7 5
      7.37883380850660195241e-04 	 7 4 7 6
      7.71861906845278111788e-03 	 7 4 7 7
      4.57254025071149317050e-03 	 7 4 8 1
      8.81836778630357663589e-04 	 7 4 8 2
     -1.14499885507214453628e-03 	 7 4 8 3
      2.33060497315667916433e-04 	 7 4 8 4
     -1.15949717669296820111e-03 	 7 4 8 5
      1.09624103728533364363e-03 	 7 4 8 6
     -1.53379349241598785143e-05 	 7 4 8 7
      1.54531508867628650933e-02 	 7 4 8 8
      3.68600544837996493830e-02 	 7 5 1 1
      1.98160522591028613604e-03 	 7 5 2 1
     -2.08238104944935657759e-02 	 7 5 2 2
      5.42035341937640614829e-03 	 7 5 3 1
     -2.96186354765233658334e-03 	 7 5 3 2
      3.30344218799251201912e-02 	 7 5 3 3
      1.71396884630171508074e-04 	 7 5 4 1
     -5.51726957723771920493e-04 	 7 5 4 2
     -6.76737407679856885212e-03 	 7 5 4 3
      1.56129713414251830583e-02 	 7 5 4 4
      7.92620936417257060391e-03 	 7 5 5 1
     -9.37375007245445576731e-03 	 7 5 5 2
     -6.02324195425386552105e-03 	 7 5 5 3
     -3.06575409486366592948e-03 	 7 5 5 4
      6.86823654791779980577e-02 	 7 5 5 5
      2.07156222226238025813e-03 	 7 5 6 1
     -2.32924610301551895247e-03 	 7 5 6 2
     -8.16773746922413307336e-03 	 7 5 6 3
     -9.71317668877888160117e-03 	 7 5 6 4
     -4.50208034838184105453e-03 	 7 5 6 5
     -9.28663352947210925248e-03 	 7 5 6 6
     -8.60327487808794149834e-04 	 7 5 7 1
      6.86604466472993512499e-03 	 7 5 7 2
      2.67153684921822912046e-03 	 7 5 7 3
      2.49461472311499066201e-03 	 7 5 7 4
      9.13853253700010886851e-03 	 7 5 7 5
      1.17134041550155014802e-03 	 7 5 7 6
      9.19235594806335626350e-03 	 7 5 7 7
      9.92222059538749000251e-03 	 7 5 8 1
      1.48907170851998726935e-03 	 7 5 8 2
     -2.39086735123894382482e-03 	 7 5 8 3
      1.44223080515471814567e-03 	 7 5 8 4
     -2.68810686984011747158e-03 	 7 5 8 5
      2.00761693485157358477e-03 	 7 5 8 6
     -7.90032722583985675541e-04 	 7 5 8 7
      1.95906291264234221072e-02 	 7 5 8 8
      1.24725196862164470005e-03 	 7 6 1 1
      3.96995412514035601621e-04 	 7 6 2 1
     -3.86020535879441975546e-03 	 7 6 2 2
      6.92955571205863297968e-04 	 7 6 3 1
     -7.82932500959694697810e-04 	 7 6 3 2
      2.30000955649767779496e-03 	 7 6 3 3
     -2.03459950462191906584e-05 	 7 6 4 1
     -6.12277242078524590665e-04 	 7 6 4 2
     -7.39112890967949694165e-04 	 7 6 4 3
      1.74439574272849517306e-03 	 7 6 4 4
      7.46377682514251603735e-04 	 7 6 5 1
     -1.03482261587986026051e-03 	 7 6 5 2
     -7.71883413551944217758e-04 	 7 6 5 3
     -5.35640349456511241991e-04 	 7 6 5 4
      2.48492354333158414412e-03 	 7 6 5 5
      9.94355939973897806454e-05 	 7 6 6 1
     -1.79474638058200585550e-03 	 7 6 6 2
     -1.48539183139768308888e-03 	 7 6 6 3
     -1.82028061950609862212e-03 	 7 6 6 4
     -1.09747540482095962307e-03 	 7 6 6 5
      2.90269766185753718205e-03 	 7 6 6 6
     -1.55574428458635363260e-04 	 7 6 7 1
      7.48941431876864495421e-04 	 7 6 7 2
      6.21892794205640571902e-04 	 7 6 7 3
      7.37883380850641655384e-04 	 7 6 7 4
      1.17134041550154060704e-03 	 7 6 7 5
      1.50291185733213736135e-03 	 7 6 7 6
      3.92422423151975348354e-03 	 7 6 7 7
      1.22824014278825194291e-03 	 7 6 8 1
      2.45963992588023197625e-04 	 7 6 8 2
     -2.32368294490757214569e-04 	 7 6 8 3
      6.84618814050789352768e-04 	 7 6 8 4
     -3.18403901991502248387e-04 	 7 6 8 5
      7.55707846345883560435e-04 	 7 6 8 6
     -3.34604524313522838728e-04 	 7 6 8 7
      1.27722582549982029837e-04 	 7 6 8 8
      1.80196017361626048547e-01 	 7 7 1 1
      2.64936633311262320981e-03 	 7 7 2 1
      2.64026626296124222737e-01 	 7 7 2 2
     -1.65242006778409337292e-04 	 7 7 3 1
     -2.82923695759388716189e-03 	 7 7 3 2
      1.64395290329833493326e-01 	 7 7 3 3
      4.25828243274610582919e-03 	 7 7 4 1
     -2.42176463667027007647e-04 	 7 7 4 2
     -3.88897617007967315306e-04 	 7 7 4 3
      1.75283212480567773817e-01 	 7 7 4 4
     -5.01886405028035241516e-03 	 7 7 5 1
     -4.02496068839801324213e-03 	 7 7 5 2
      1.64262235923561482863e-03 	 7 7 5 3
      5.73698197625076983241e-05 	 7 7 5 4
      1.27645363070823331109e-01 	 7 7 5 5
      1.77063832686417737747e-04 	 7 7 6 1
     -3.14308593929387434032e-03 	 7 7 6 2
      1.40228891358794099074e-03 	 7 7 6 3
      3.94632900044439814680e-03 	 7 7 6 4
      2.54670225197711633594e-03 	 7 7 6 5
      1.73442114783614237394e-01 	 7 7 6 6
     -5.57770788922551732925e-03 	 7 7 7 1
      1.63554677183270005814e-02 	 7 7 7 2
      9.56979792843461727660e-04 	 7 7 7 3
      7.71861906845276030120e-03 	 7 7 7 4
      9.19235594806333544682e-03 	 7 7 7 5
      3.92422423151976302452e-03 	 7 7 7 6
      4.14295632041721595407e-01 	 7 7 7 7
      5.75960018802266094512e-04 	 7 7 8 1
      6.74633171419557631926e-03 	 7 7 8 2
     -9.57720280956080027845e-04 	 7 7 8 3
     -5.72754253168581990013e-04 	 7 7 8 4
     -2.16081898600293392798e-03 	 7 7 8 5
     -1.25144329730512158041e-03 	 7 7 8 6
      4.99522038267042473025e-03 	 7 7 8 7
      2.57532640625293351988e-01 	 7 7 8 8
      8.38804387675654850032e-02 	 8 1 1 1
      1.81292035814710743996e-03 	 8 1 2 1
     -4.13585548837943628442e-02 	 8 1 2 2
      1.03252636291250900202e-02 	 8 1 3 1
     -3.63784193958189595863e-03 	 8 1 3 2
      6.22968489466981800717e-02 	 8 1 3 3
     -2.18550909920004008541e-03 	 8 1 4 1
     -9.11223904167182815680e-04 	 8 1 4 2
     -9.56608495234062550239e-03 	 8 1 4 3
      2.27356078615417456223e-02 	 8 1 4 4
      1.17045947980194513238e-02 	 8 1 5 1
     -1.01049508185624432183e-02 	 8 1 5 2
     -8.93505035994799669263e-03 	 8 1 5 3
     -3.82345776841458949435e-03 	 8 1 5 4
      8.23142630830804716835e-02 	 8 1 5 5
      2.31790041569923882872e-03 	 8 1 6 1
     -3.35843412058562003353e-03 	 8 1 6 2
     -1.09134227952576677578e-02 	 8 1 6 3
     -1.23740852289126613411e-02 	 8 1 6 4
     -5.11802668145724601323e-03 	 8 1 6 5
     -2.42160910097860664070e-02 	 8 1 6 6
      1.73709267384474256787e-03 	 8 1 7 1
      7.67699595665797575317e-03 	 8 1 7 2
      3.37413184523592275116e-03 	 8 1 7 3
      4.57254025071150704829e-03 	 8 1 7 4
      9.92222059538751255392e-03 	 8 1 7 5
      1.22824014278825389447e-03 	 8 1 7 6
      5.75960018802295584811e-04 	 8 1 7 7
      2.85409542327189555411e-02 	 8 1 8 1
      3.97389136955870157786e-03 	 8 1 8 2
     -5.78865791811007321388e-03 	 8 1 8 3
      5.19254217054139835530e-03 	 8 1 8 4
     -5.84913823580263288193e-03 	 8 1 8 5
      4.88316187057480886879e-03 	 8 1 8 6
     -4.25854373325897875985e-03 	 8 1 8 7
      4.19505181490966300162e-02 	 8 1 8 8
      7.32815743962750981710e-03 	 8 2 1 1
     -5.04269090291611541896e-04 	 8 2 2 1
      7.86486493087624419923e-04 	 8 2 2 2
      1.46811852278583157907e-03 	 8 2 3 1
     -7.76274105118692804572e-04 	 8 2 3 2
      7.49442692477736427392e-03 	 8 2 3 3
     -2.44986420124286314193e-04 	 8 2 4 1
     -6.60780093919808805304e-04 	 8 2 4 2
     -1.35033512806262499112e-03 	 8 2 4 3
      1.07889644481929530828e-03 	 8 2 4 4
      1.12405404665401722000e-03 	 8 2 5 1
     -1.97869149093819491486e-03 	 8 2 5 2
     -1.03445586264840289417e-03 	 8 2 5 3
     -4.42390002420840408592e-04 	 8 2 5 4
      7.82684140662216060180e-03 	 8 2 5 5
      1.03064373831422592372e-04 	 8 2 6 1
     -1.58968031848127216987e-03 	 8 2 6 2
     -1.39985559781764627718e-03 	 8 2 6 3
     -1.43287932033400169582e-03 	 8 2 6 4
     -5.51634910099167100755e-04 	 8 2 6 5
     -6.34649646333522617081e-03 	 8 2 6 6
      4.44490051664295096959e-04 	 8 2 7 1
      2.41166981296781325964e-03 	 8 2 7 2
      3.51487730546083524709e-04 	 8 2 7 3
      8.81836778630333485880e-04 	 8 2 7 4
      1.48907170852000374922e-03 	 8 2 7 5
      2.45963992588022492894e-04 	 8 2 7 6
      6.74633171419575846522e-03 	 8 2 7 7
      3.97389136955872933343e-03 	 8 2 8 1
      2.45619111846395211940e-03 	 8 2 8 2
     -8.52683087424957811273e-04 	 8 2 8 3
      1.18911281731520334509e-03 	 8 2 8 4
     -8.07827337524919474564e-04 	 8 2 8 5
      8.72762687910678199195e-04 	 8 2 8 6
     -3.34829920841222259450e-04 	 8 2 8 7
      8.72691955766575350184e-03 	 8 2 8 8
     -1.60793963477638829351e-02 	 8 3 1 1
     -3.98910404929295431091e-04 	 8 3 2 1
      8.54929966347727811338e-03 	 8 3 2 2
     -2.35131351262686701109e-03 	 8 3 3 1
      9.84274650082287740072e-04 	 8 3 3 2
     -1.77582520910792504565e-02 	 8 3 3 3
      2.35294546267489996984e-04 	 8 3 4 1
      2.32731411639928488250e-04 	 8 3 4 2
      2.55607241516157390054e-03 	 8 3 4 3
     -7.85876464904032220882e-03 	 8 3 4 4
     -2.81352291131896923085e-03 	 8 3 5 1
      2.41268073794274201527e-03 	 8 3 5 2
      2.11916676706796602153e-03 	 8 3 5 3
      9.67511403970869234697e-04 	 8 3 5 4
     -1.98535036601335881934e-02 	 8 3 5 5
     -6.93264984680940919877e-04 	 8 3 6 1
      7.09964787228491590182e-04 	 8 3 6 2
      2.81487258561505249155e-03 	 8 3 6 3
      2.98977122103424603622e-03 	 8 3 6 4
      1.25954704480650461068e-03 	 8 3 6 5
      3.49710152212755458895e-03 	 8 3 6 6
     -2.00532404633799133872e-04 	 8 3 7 1
     -1.74257089772524324453e-03 	 8 3 7 2
     -7.95244777889562081893e-04 	 8 3 7 3
     -1.14499885507216708769e-03 	 8 3 7 4
     -2.39086735123895423316e-03 	 8 3 7 5
     -2.32368294490752173029e-04 	 8 3 7 6
     -9.57720280956089351984e-04 	 8 3 7 7
     -5.78865791811007147916e-03 	 8 3 8 1
     -8.52683087424956943912e-04 	 8 3 8 2
      1.60608655745723125953e-03 	 8 3 8 3
     -8.50179344582083088358e-04 	 8 3 8 4
      1.39471176881930843117e-03 	 8 3 8 5
     -1.03513393770796003832e-03 	 8 3 8 6
      8.99553231983730820776e-04 	 8 3 8 7
     -1.29442699729638358019e-02 	 8 3 8 8
      4.94354960115081076139e-03 	 8 4 1 1
      1.94297432126200504427e-04 	 8 4 2 1
     -1.12643681324804574573e-02 	 8 4 2 2
      1.86462588882543248842e-03 	 8 4 3 1
     -6.08804738534415162965e-04 	 8 4 3 2
      7.80246711469524158178e-03 	 8 4 3 3
     -1.06912962498123325847e-03 	 8 4 4 1
     -3.56330959361589056505e-04 	 8 4 4 2
     -1.38775562035990240178e-03 	 8 4 4 3
     -2.16795072218197966765e-03 	 8 4 4 4
      1.51604478259897024889e-03 	 8 4 5 1
     -1.33868076730307315400e-03 	 8 4 5 2
     -1.26229195260751372518e-03 	 8 4 5 3
     -3.71754876625379293651e-04 	 8 4 5 4
      7.36323657950551779122e-03 	 8 4 5 5
      4.91133531070754960398e-05 	 8 4 6 1
     -9.56657969039447723253e-04 	 8 4 6 2
     -1.86282169997353743048e-03 	 8 4 6 3
     -1.33099037962102623167e-03 	 8 4 6 4
     -8.54647790817090785738e-04 	 8 4 6 5
     -7.88658277570806684476e-03 	 8 4 6 6
      7.95597412257342622398e-04 	 8 4 7 1
      1.55881719784336982698e-03 	 8 4 7 2
      4.31231228670966729513e-04 	 8 4 7 3
      2.33060497315685128143e-04 	 8 4 7 4
      1.44223080515468887221e-03 	 8 4 7 5
      6.84618814050761597192e-04 	 8 4 7 6
     -5.72754253168828862848e-04 	 8 4 7 7
      5.19254217054135151777e-03 	 8 4 8 1
      1.18911281731523066699e-03 	 8 4 8 2
     -8.50179344582072680017e-04 	 8 4 8 3
      5.68336988366188299721e-03 	 8 4 8 4
     -1.14814317718732981921e-03 	 8 4 8 5
      5.48436994247128006136e-04 	 8 4 8 6
      2.51771955254816463474e-04 	 8 4 8 7
     -1.31807169553132706372e-03 	 8 4 8 8
     -1.63078854777797127573e-02 	 8 5 1 1
     -5.71789259749388512413e-04 	 8 5 2 1
      8.02788673091262700021e-03 	 8 5 2 2
     -2.49408170184978357498e-03 	 8 5 3 1
      8.93695833098795801644e-04 	 8 5 3 2
     -1.49606835965429146862e-02 	 8 5 3 3
      3.16917693573654456717e-04 	 8 5 4 1
      1.53922798028048395634e-04 	 8 5 4 2
      2.33887964709198793722e-03 	 8 5 4 3
     -6.77291329975027774773e-03 	 8 5 4 4
     -2.74767604102856043483e-03 	 8 5 5 1
      2.64856248400968143086e-03 	 8 5 5 2
      2.15233689665581939127e-03 	 8 5 5 3
      9.27543618690196479230e-04 	 8 5 5 4
     -2.32564696639774338982e-02 	 8 5 5 5
     -5.40870696927602261257e-04 	 8 5 6 1
      7.20553006119309998739e-04 	 8 5 6 2
      2.66726291503226230553e-03 	 8 5 6 3
      3.00249648578135037297e-03 	 8 5 6 4
      1.38740054502723753928e-03 	 8 5 6 5
      4.17625416875759200575e-03 	 8 5 6 6
     -1.16849683550492147504e-04 	 8 5 7 1
     -1.80877260709764184701e-03 	 8 5 7 2
     -8.66679737549716586870e-04 	 8 5 7 3
     -1.15949717669299010199e-03 	 8 5 7 4
     -2.68810686984012701256e-03 	 8 5 7 5
     -3.18403901991501272605e-04 	 8 5 7 6
     -2.16081898600295257626e-03 	 8 5 7 7
     -5.84913823580264068819e-03 	 8 5 8 1
     -8.07827337524916547218e-04 	 8 5 8 2
      1.39471176881931103325e-03 	 8 5 8 3
     -1.14814317718734586540e-03 	 8 5 8 4
      1.63782382083846973428e-03 	 8 5 8 5
     -1.09746652407300597856e-03 	 8 5 8 6
      6.12878091415456661972e-04 	 8 5 8 7
     -1.30549566563581791179e-02 	 8 5 8 8
      1.07800062367065102586e-02 	 8 6 1 1
      1.84588069279704330462e-04 	 8 6 2 1
     -1.00212085669182313086e-02 	 8 6 2 2
      1.50823628489288969964e-03 	 8 6 3 1
     -6.21047612965157477989e-04 	 8 6 3 2
      9.53948041811226304931e-03 	 8 6 3 3
     -4.91762616877728124185e-04 	 8 6 4 1
     -2.51776233404955244576e-04 	 8 6 4 2
     -2.04335466329288225479e-03 	 8 6 4 3
      1.07894942277941378872e-02 	 8 6 4 4
      2.24859594993815584824e-03 	 8 6 5 1
     -1.94895834965730634786e-03 	 8 6 5 2
     -1.53298251460882387770e-03 	 8 6 5 3
     -6.53351882195406068188e-04 	 8 6 5 4
      1.49564287071117709566e-02 	 8 6 5 5
     -2.78860957393597800637e-04 	 8 6 6 1
     -1.73905442434154613660e-03 	 8 6 6 2
     -2.75738349902682417306e-03 	 8 6 6 3
     -3.67922372405037230447e-03 	 8 6 6 4
     -1.26854478013809337036e-03 	 8 6 6 5
      2.03681931301669897488e-03 	 8 6 6 6
      1.64511089168629536005e-04 	 8 6 7 1
      1.35442190763264674186e-03 	 8 6 7 2
      6.15651651124610546119e-04 	 8 6 7 3
      1.09624103728534253409e-03 	 8 6 7 4
      2.00761693485158095734e-03 	 8 6 7 5
      7.55707846345885511999e-04 	 8 6 7 6
     -1.25144329730501381072e-03 	 8 6 7 7
      4.88316187057480713407e-03 	 8 6 8 1
      8.72762687910633963746e-04 	 8 6 8 2
     -1.03513393770794854577e-03 	 8 6 8 3
      5.48436994247085505411e-04 	 8 6 8 4
     -1.09746652407299882283e-03 	 8 6 8 5
      2.71614605368601614785e-03 	 8 6 8 6
     -1.13947678949429366882e-03 	 8 6 8 7
      1.03903338857981655807e-02 	 8 6 8 8
     -1.34458103886385751946e-03 	 8 7 1 1
      1.55686422118857161617e-04 	 8 7 2 1
      8.16782803895639217262e-03 	 8 7 2 2
     -7.88454797894484814107e-04 	 8 7 3 1
      4.30256474396227875899e-04 	 8 7 3 2
     -7.96674160103104530249e-04 	 8 7 3 3
      8.53510687992308988981e-04 	 8 7 4 1
      6.04572931199732501416e-04 	 8 7 4 2
      7.79910657100415507723e-04 	 8 7 4 3
     -5.22009552178457616675e-04 	 8 7 4 4
     -1.38258445799070749452e-03 	 8 7 5 1
      1.09838506641187416343e-03 	 8 7 5 2
      7.43640846060019734300e-04 	 8 7 5 3
      2.23814408283108028184e-04 	 8 7 5 4
     -4.80060765685417709103e-03 	 8 7 5 5
     -7.66641406554919701416e-05 	 8 7 6 1
      8.01646385273173324622e-04 	 8 7 6 2
      7.17334630064873674145e-04 	 8 7 6 3
      1.35739124565076611437e-03 	 8 7 6 4
      4.46735075272459839554e-04 	 8 7 6 5
      8.49183058224166863182e-03 	 8 7 6 6
     -1.04920305394854470465e-03 	 8 7 7 1
     -2.94025783336335580238e-04 	 8 7 7 2
     -8.36792071323288902743e-05 	 8 7 7 3
     -1.53379349241800446747e-05 	 8 7 7 4
     -7.90032722583951414752e-04 	 8 7 7 5
     -3.34604524313522188207e-04 	 8 7 7 6
      4.99522038267072310269e-03 	 8 7 7 7
     -4.25854373325888768687e-03 	 8 7 8 1
     -3.34829920841220091045e-04 	 8 7 8 2
      8.99553231983708160950e-04 	 8 7 8 3
      2.51771955254760193381e-04 	 8 7 8 4
      6.12878091415428255875e-04 	 8 7 8 5
     -1.13947678949422709881e-03 	 8 7 8 6
      5.51860683682290319163e-03 	 8 7 8 7
      3.01453106591521814359e-03 	 8 7 8 8
      3.36393345622620243418e-01 	 8 8 1 1
      6.16445477091640339773e-03 	 8 8 2 1
      1.60190549782448121707e-01 	 8 8 2 2
      1.18356557718446754601e-02 	 8 8 3 1
     -5.83840409682521901263e-03 	 8 8 3 2
      2.61177707713212803320e-01 	 8 8 3 3
      6.50528037324882204423e-03 	 8 8 4 1
      4.35768823187080030744e-04 	 8 8 4 2
     -1.89302157990443691016e-02 	 8 8 4 3
      2.98448795778558317870e-01 	 8 8 4 4
      1.43802599385753158284e-02 	 8 8 5 1
     -1.79286518608383557694e-02 	 8 8 5 2
     -1.28557358271016667489e-02 	 8 8 5 3
     -8.30063949654591230753e-03 	 8 8 5 4
      2.98132030918477786141e-01 	 8 8 5 5
      7.11005626513270747036e-03 	 8 8 6 1
     -4.47857357111164627178e-03 	 8 8 6 2
     -1.94180799837513073935e-02 	 8 8 6 3
     -2.57910178981666932119e-02 	 8 8 6 4
     -8.57032748558702282826e-03 	 8 8 6 5
      1.91843240627997957404e-01 	 8 8 6 6
     -7.34260286373731793641e-03 	 8 8 7 1
      1.71290048504402561691e-02 	 8 8 7 2
      7.47371291692571632082e-03 	 8 8 7 3
      1.54531508867628755016e-02 	 8 8 7 4
      1.95906291264233908822e-02 	 8 8 7 5
      1.27722582549977042507e-04 	 8 8 7 6
      2.57532640625293185455e-01 	 8 8 7 7
      4.19505181490966091995e-02 	 8 8 8 1
      8.72691955766584197274e-03 	 8 8 8 2
     -1.29442699729638392714e-02 	 8 8 8 3
     -1.31807169553146237215e-03 	 8 8 8 4
     -1.30549566563581756484e-02 	 8 8 8 5
      1.03903338857982002752e-02 	 8 8 8 6
      3.01453106591549786775e-03 	 8 8 8 7
      4.68788634042432372784e-01 	 8 8 8 8
     -3.06903601110435042543e+00 	 1 1 0 0
     -3.70977452059132947748e-02 	 1 2 0 0
     -3.21440587200679417368e-01 	 1 3 0 0
     -3.06882123424537418821e-02 	 1 4 0 0
     -3.44257233433792386723e-01 	 1 5 0 0
     -5.22378234963440102323e-02 	 1 6 0 0
      3.44550360217091011794e-02 	 1 7 0 0
     -3.85778923030672904471e-01 	 1 8 0 0
     -3.70977452059176870947e-02 	 2 1 0 0
     -1.15137095196693972632e+00 	 2 2 0 0
      6.10832312810567282235e-02 	 2 3 0 0
      7.51577263323656950822e-03 	 2 4 0 0
      1.65233513433987233565e-01 	 2 5 0 0
      5.33146900957282149358e-02 	 2 6 0 0
      3.22031791393531108270e-02 	 2 7 0 0
     -5.14963784708156804837e-02 	 2 8 0 0
     -3.21440587200676919366e-01 	 3 1 0 0
      6.10832312810714456175e-02 	 3 2 0 0
     -2.92561809583046628092e+00 	 3 3 0 0
      1.50223201479057738572e-01 	 3 4 0 0
      1.68457049010629744679e-01 	 3 5 0 0
      1.81337921726801715172e-01 	 3 6 0 0
     -8.15120494767716252671e-02 	 3 7 0 0
      9.68875076393795331420e-02 	 3 8 0 0
     -3.06882123424532041178e-02 	 4 1 0 0
      7.51577263323760947494e-03 	 4 2 0 0
      1.50223201479038059869e-01 	 4 3 0 0
     -2.19557307979159688216e+00 	 4 4 0 0
      8.68001935923352341273e-02 	 4 5 0 0
      3.96460778023118368130e-02 	 4 6 0 0
     -1.02634052326656663445e-01 	 4 7 0 0
      1.47035938255107911932e-01 	 4 8 0 0
     -3.44257233433772125153e-01 	 5 1 0 0
      1.65233513434015710786e-01 	 5 2 0 0
      1.68457049010639209330e-01 	 5 3 0 0
      8.68001935923300854681e-02 	 5 4 0 0
     -3.21879006902578401750e+00 	 5 5 0 0
      8.81106509253931496906e-02 	 5 6 0 0
     -1.57425839424588237536e-01 	 5 7 0 0
      1.00808729969241298030e-01 	 5 8 0 0
     -5.22378234963504772814e-02 	 6 1 0 0
      5.33146900957162175883e-02 	 6 2 0 0
      1.81337921726803685818e-01 	 6 3 0 0
      3.96460778023319110330e-02 	 6 4 0 0
      8.81106509254090536354e-02 	 6 5 0 0
     -1.51520956625416958197e+00 	 6 6 0 0
     -1.60195946999184754556e-02 	 6 7 0 0
     -6.22771259293531942447e-02 	 6 8 0 0
      3.44550360217084766790e-02 	 7 1 0 0
      3.22031791393717140015e-02 	 7 2 0 0
     -8.15120494767728465124e-02 	 7 3 0 0
     -1.02634052326651584175e-01 	 7 4 0 0
     -1.57425839424596064609e-01 	 7 5 0 0
     -1.60195946999185205584e-02 	 7 6 0 0
     -1.76738085456163518394e+00 	 7 7 0 0
     -1.61044495866341869084e-01 	 7 8 0 0
     -3.85778923030719700371e-01 	 8 1 0 0
     -5.14963784708076521834e-02 	 8 2 0 0
      9.68875076393936607300e-02 	 8 3 0 0
      1.47035938255079545733e-01 	 8 4 0 0
      1.00808729969239882496e-01 	 8 5 0 0
     -6.22771259293527987277e-02 	 8 6 0 0
     -1.61044495866310394261e-01 	 8 7 0 0
     -2.39170911047137701999e+00 	 8 8 0 0
     -2.99249470890960310498e+03 	 0 0 0 0
