&FCI NORB=8,NELEC=0,MS2=0
ORBSYM=1,1,1,1,
ISYM=1,
/
      6.12702460036932849974e-01 	 1 1 1 1
     -5.64434049552339257849e-03 	 1 1 2 1
      1.66736494678071500708e-01 	 1 1 2 2
      4.23439180322005871704e-03 	 1 1 3 1
      4.13498190312052186449e-04 	 1 1 3 2
      3.26461973797721516366e-01 	 1 1 3 3
     -4.75716765968474883386e-02 	 1 1 4 1
     -7.30847651620085067559e-03 	 1 1 4 2
     -9.57906039078944802900e-03 	 1 1 4 3
      2.34195084045255880190e-01 	 1 1 4 4
      8.83727962337626203604e-03 	 1 1 5 1
      5.73043276461486505990e-03 	 1 1 5 2
      8.93986848447558650477e-03 	 1 1 5 3
      2.44732425221918931113e-02 	 1 1 5 4
      1.74979900091075862845e-01 	 1 1 5 5
     -3.71337601470553106686e-03 	 1 1 6 1
     -2.79817597750736495044e-03 	 1 1 6 2
      1.47162990379777706279e-02 	 1 1 6 3
      1.17929398028197383180e-02 	 1 1 6 4
     -1.16414461513113260543e-02 	 1 1 6 5
      3.26234522320744790846e-01 	 1 1 6 6
      1.92360802628233178158e-02 	 1 1 7 1
      8.16095630384938708346e-03 	 1 1 7 2
     -2.79584271983134230802e-03 	 1 1 7 3
      3.35365723289279349731e-03 	 1 1 7 4
      2.12958126910793360195e-03 	 1 1 7 5
     -1.08392366793597853640e-03 	 1 1 7 6
      1.34649708216013769269e-01 	 1 1 7 7
      8.07638834307439039406e-03 	 1 1 8 1
      4.90967555988061198774e-03 	 1 1 8 2
      1.30927236231280774703e-02 	 1 1 8 3
      2.22731476814854584267e-02 	 1 1 8 4
     -1.02511753804867790851e-04 	 1 1 8 5
     -1.14609056284528595948e-02 	 1 1 8 6
      7.08118808508935524554e-03 	 1 1 8 7
      1.83923616349897012245e-01 	 1 1 8 8
     -5.64434049552338910904e-03 	 2 1 1 1
      1.53844055832510085563e-03 	 2 1 2 1
     -3.00465383721746194870e-03 	 2 1 2 2
     -2.16077823864553711418e-04 	 2 1 3 1
     -1.35806125311100018335e-04 	 2 1 3 2
     -2.78546630498472140222e-03 	 2 1 3 3
      3.73452411269546713252e-04 	 2 1 4 1
      8.32316135238023624594e-04 	 2 1 4 2
      1.12278689656165737401e-04 	 2 1 4 3
     -3.00456230910657725794e-03 	 2 1 4 4
      4.34231040599065596600e-04 	 2 1 5 1
     -1.26346632592611539652e-04 	 2 1 5 2
     -3.07988950966097121075e-05 	 2 1 5 3
     -1.00236856777712613213e-04 	 2 1 5 4
     -2.09646197306485090189e-03 	 2 1 5 5
      2.11226276761562330479e-04 	 2 1 6 1
      1.49397782397354673923e-04 	 2 1 6 2
     -1.26566094137870073510e-04 	 2 1 6 3
     -4.91884239633868895758e-05 	 2 1 6 4
     -6.58677700357990489929e-06 	 2 1 6 5
     -3.30308799985108529629e-03 	 2 1 6 6
     -5.69481313064316201837e-05 	 2 1 7 1
     -1.00838378365239889761e-03 	 2 1 7 2
      2.82439442346663961182e-04 	 2 1 7 3
      1.79417690973160003001e-04 	 2 1 7 4
     -1.23686209986278251643e-04 	 2 1 7 5
     -1.37073697424505306980e-04 	 2 1 7 6
     -2.93771424916404845853e-03 	 2 1 7 7
      1.95998477255903650208e-04 	 2 1 8 1
     -3.63532171654649277365e-04 	 2 1 8 2
     -4.51561619746787968731e-04 	 2 1 8 3
     -3.36213231263430580281e-04 	 2 1 8 4
     -1.11536990750344419763e-04 	 2 1 8 5
      2.28476162694852787723e-04 	 2 1 8 6
     -4.13498202811563486583e-04 	 2 1 8 7
     -2.98296843732098618598e-03 	 2 1 8 8
      1.66736494678071722753e-01 	 2 2 1 1
     -3.00465383721743419312e-03 	 2 2 2 1
      2.96708373656371149352e-01 	 2 2 2 2
      3.86079261362929347136e-04 	 2 2 3 1
     -2.12998654523684910478e-03 	 2 2 3 2
      1.45920699265953773827e-01 	 2 2 3 3
      6.47015807246676625392e-03 	 2 2 4 1
     -9.31297082322434140178e-03 	 2 2 4 2
      3.78107553411420821768e-03 	 2 2 4 3
      2.27279719081462050490e-01 	 2 2 4 4
     -5.11579813521016030231e-03 	 2 2 5 1
      4.93138911946901497413e-03 	 2 2 5 2
     -5.49249135221212964053e-03 	 2 2 5 3
     -7.77053511659708730924e-03 	 2 2 5 4
      2.27718995541353524947e-01 	 2 2 5 5
     -1.62771271974542701237e-03 	 2 2 6 1
     -2.64235812985541551612e-03 	 2 2 6 2
     -4.95191058598280515329e-03 	 2 2 6 3
     -6.36585140256367039424e-03 	 2 2 6 4
      5.65512361444860545828e-03 	 2 2 6 5
      1.49427022045285573526e-01 	 2 2 6 6
     -3.29845920612658336304e-03 	 2 2 7 1
      2.04471443408701806024e-03 	 2 2 7 2
     -2.68631428749069485484e-03 	 2 2 7 3
     -8.46739234499899878772e-03 	 2 2 7 4
     -5.87195562351527965486e-04 	 2 2 7 5
      3.43840681557139359395e-03 	 2 2 7 6
      2.51814179615473032747e-01 	 2 2 7 7
     -2.95658909015015548827e-03 	 2 2 8 1
     -2.26508160377837848305e-04 	 2 2 8 2
      5.87154113040825719610e-05 	 2 2 8 3
     -2.26480398712589590937e-03 	 2 2 8 4
      3.07949788819242720878e-03 	 2 2 8 5
      4.38391712335617876606e-03 	 2 2 8 6
      7.58326091060484899081e-03 	 2 2 8 7
      2.27572082148604193375e-01 	 2 2 8 8
      4.23439180321999106282e-03 	 3 1 1 1
     -2.16077823864551434594e-04 	 3 1 2 1
      3.86079261362948320674e-04 	 3 1 2 2
      4.38559775434315280568e-03 	 3 1 3 1
      3.40848911535410236187e-04 	 3 1 3 2
      1.11968506368345047802e-02 	 3 1 3 3
     -1.28044108111942313722e-04 	 3 1 4 1
      4.81441492714575561013e-04 	 3 1 4 2
     -2.22474960058348831008e-04 	 3 1 4 3
      2.35945804654205714204e-03 	 3 1 4 4
      5.21908328620186798968e-04 	 3 1 5 1
     -3.65253886380210611093e-04 	 3 1 5 2
      6.41233918571371261028e-04 	 3 1 5 3
     -1.79355427565929242267e-04 	 3 1 5 4
      3.57476441704570289948e-03 	 3 1 5 5
      1.13182868194094759205e-03 	 3 1 6 1
     -1.47417150931343867749e-04 	 3 1 6 2
      6.01989275818103314157e-04 	 3 1 6 3
     -7.59655851315871669116e-04 	 3 1 6 4
      1.57909421186300052108e-04 	 3 1 6 5
     -1.61536112254113679680e-03 	 3 1 6 6
      2.22393104309587534735e-04 	 3 1 7 1
      2.82900283814881961172e-04 	 3 1 7 2
      3.53326497492136423008e-06 	 3 1 7 3
     -1.91036195715957524610e-04 	 3 1 7 4
     -3.38963572139512782496e-05 	 3 1 7 5
      3.89118527881739497461e-04 	 3 1 7 6
      7.37265350753346909024e-04 	 3 1 7 7
     -2.02902675815114295725e-04 	 3 1 8 1
     -3.67392254490553544534e-05 	 3 1 8 2
      4.40429552859290839636e-04 	 3 1 8 3
     -5.73528219530138440654e-04 	 3 1 8 4
      3.89723064064259562198e-04 	 3 1 8 5
      4.01838671409151973295e-04 	 3 1 8 6
      3.20552076942708216636e-04 	 3 1 8 7
      3.73968043033093765996e-04 	 3 1 8 8
      4.13498190312071268408e-04 	 3 2 1 1
     -1.35806125311099096763e-04 	 3 2 2 1
     -2.12998654523684693637e-03 	 3 2 2 2
      3.40848911535405194647e-04 	 3 2 3 1
      1.74679176540049009222e-03 	 3 2 3 2
      5.05740833755005409628e-03 	 3 2 3 3
      9.09505653566979141867e-05 	 3 2 4 1
      6.68396948055738327442e-04 	 3 2 4 2
      2.66644721022766195088e-04 	 3 2 4 3
      4.84530124454240639000e-04 	 3 2 4 4
      2.48167126531894558330e-05 	 3 2 5 1
     -8.48497993633848951456e-04 	 3 2 5 2
      2.22159166550901879819e-04 	 3 2 5 3
     -8.99599806986435199252e-04 	 3 2 5 4
      1.60197500131476194135e-03 	 3 2 5 5
     -9.51788719249349113912e-05 	 3 2 6 1
     -5.12496424285666368065e-04 	 3 2 6 2
      2.64568991383509375618e-04 	 3 2 6 3
     -5.53375408078277813972e-04 	 3 2 6 4
      2.06193079010030312116e-04 	 3 2 6 5
     -3.35937493761451558272e-04 	 3 2 6 6
      2.58338531691729427365e-04 	 3 2 7 1
      3.36348091671564584839e-04 	 3 2 7 2
      2.70573097632430920826e-04 	 3 2 7 3
      4.67282006491510145275e-04 	 3 2 7 4
     -1.51300831304546459007e-04 	 3 2 7 5
      1.91007776591124831152e-05 	 3 2 7 6
      1.66454616076631804755e-03 	 3 2 7 7
     -4.57395861338403685210e-04 	 3 2 8 1
     -2.84388809780166697521e-04 	 3 2 8 2
     -1.68684653252150208421e-04 	 3 2 8 3
     -1.57872989862760555735e-03 	 3 2 8 4
      1.45275868953549327665e-04 	 3 2 8 5
      1.89997295374358263426e-04 	 3 2 8 6
     -3.05158584762865985746e-04 	 3 2 8 7
     -8.74341893802977210975e-04 	 3 2 8 8
      3.26461973797721349833e-01 	 3 3 1 1
     -2.78546630498473658105e-03 	 3 3 2 1
      1.45920699265953746071e-01 	 3 3 2 2
      1.11968506368344111052e-02 	 3 3 3 1
      5.05740833755005409628e-03 	 3 3 3 2
      6.63059059901488945243e-01 	 3 3 3 3
     -2.11819836337028000184e-02 	 3 3 4 1
     -4.45047824264427349661e-03 	 3 3 4 2
     -2.07325173465324856525e-02 	 3 3 4 3
      1.77171657951769812023e-01 	 3 3 4 4
      6.87465791233497248991e-03 	 3 3 5 1
      3.48121857202176058707e-03 	 3 3 5 2
      1.97396902529597614850e-02 	 3 3 5 3
      1.44500016304238594611e-02 	 3 3 5 4
      1.59270684849555838047e-01 	 3 3 5 5
      1.34445322148334686467e-03 	 3 3 6 1
     -1.49916081569296871442e-03 	 3 3 6 2
      1.67277490013581671413e-02 	 3 3 6 3
      4.08574146787980992113e-03 	 3 3 6 4
     -6.89944975446655107271e-03 	 3 3 6 5
      2.11074074538925071653e-01 	 3 3 6 6
      8.06028248142939482412e-03 	 3 3 7 1
      7.11455982144985898952e-03 	 3 3 7 2
     -4.80266723277612220949e-03 	 3 3 7 3
      1.74872232192585215851e-04 	 3 3 7 4
     -5.76852600373121523667e-05 	 3 3 7 5
      6.79246783291082489517e-04 	 3 3 7 6
      1.17779118572431590328e-01 	 3 3 7 7
      2.48741284281733636419e-03 	 3 3 8 1
      4.49743362967905922767e-03 	 3 3 8 2
      2.99569707276435455434e-02 	 3 3 8 3
      1.06489983140783117666e-02 	 3 3 8 4
      9.11701435629663965200e-04 	 3 3 8 5
     -4.45134376343822146110e-03 	 3 3 8 6
      5.15152053024982552881e-03 	 3 3 8 7
      1.44808279593826583209e-01 	 3 3 8 8
     -4.75716765968474189497e-02 	 4 1 1 1
      3.73452411269531263371e-04 	 4 1 2 1
      6.47015807246675758030e-03 	 4 1 2 2
     -1.28044108111950770499e-04 	 4 1 3 1
      9.09505653566931572497e-05 	 4 1 3 2
     -2.11819836337028589990e-02 	 4 1 3 3
      1.02075461139908181540e-02 	 4 1 4 1
      1.68918040490587508320e-03 	 4 1 4 2
      2.76099926203473688274e-03 	 4 1 4 3
     -1.53977617699429317200e-02 	 4 1 4 4
     -5.78422654178944940957e-04 	 4 1 5 1
     -1.09482882404000675045e-03 	 4 1 5 2
     -1.71652957922037462980e-03 	 4 1 5 3
     -7.52274830247591768523e-03 	 4 1 5 4
      2.23716169849367055300e-03 	 4 1 5 5
     -8.07723532400544066046e-06 	 4 1 6 1
     -1.03152406541099210557e-04 	 4 1 6 2
     -2.11862166598642638268e-03 	 4 1 6 3
     -3.83994345828992398109e-03 	 4 1 6 4
      2.09677180232589093281e-03 	 4 1 6 5
     -2.02891087244696059766e-02 	 4 1 6 6
     -2.04990284938264726369e-03 	 4 1 7 1
     -1.48187554153428866811e-03 	 4 1 7 2
      1.44116451986671655636e-04 	 4 1 7 3
     -3.30926554150376200578e-03 	 4 1 7 4
     -5.67493773640086749191e-04 	 4 1 7 5
      5.37608182575510231901e-04 	 4 1 7 6
      1.12524823943529177911e-02 	 4 1 7 7
     -7.29744395608957754570e-05 	 4 1 8 1
     -1.10341290613647727975e-03 	 4 1 8 2
     -2.09258680348494005216e-03 	 4 1 8 3
     -7.22568238743292144688e-03 	 4 1 8 4
      1.35777829236823359589e-03 	 4 1 8 5
      2.34514248083922535390e-03 	 4 1 8 6
     -3.94394915524566482684e-04 	 4 1 8 7
     -2.02130910927073373373e-03 	 4 1 8 8
     -7.30847651620086455337e-03 	 4 2 1 1
      8.32316135238022323552e-04 	 4 2 2 1
     -9.31297082322436395319e-03 	 4 2 2 2
      4.81441492714568567909e-04 	 4 2 3 1
      6.68396948055741254788e-04 	 4 2 3 2
     -4.45047824264428303759e-03 	 4 2 3 3
      1.68918040490588570839e-03 	 4 2 4 1
      1.02000415195796310247e-02 	 4 2 4 2
      1.70433496378707537849e-03 	 4 2 4 3
     -2.62648774606801926196e-03 	 4 2 4 4
     -2.39184602958827919033e-04 	 4 2 5 1
     -3.97146227881327567449e-03 	 4 2 5 2
     -5.61723356232972565773e-04 	 4 2 5 3
     -3.17302913547394668456e-03 	 4 2 5 4
      4.43890671575823160533e-03 	 4 2 5 5
     -6.15023962403158167001e-04 	 4 2 6 1
     -5.16991920500400252252e-04 	 4 2 6 2
     -5.82372294274772790007e-04 	 4 2 6 3
     -3.20156466951330336349e-03 	 4 2 6 4
      1.53484968976253313699e-03 	 4 2 6 5
     -5.03399243302972681374e-03 	 4 2 6 6
     -1.84161302704314834783e-04 	 4 2 7 1
     -1.49792774531311311849e-03 	 4 2 7 2
     -4.31600929850844354085e-04 	 4 2 7 3
     -1.79684990262044897227e-03 	 4 2 7 4
      1.05252636462615535833e-04 	 4 2 7 5
      1.30453794546684493337e-03 	 4 2 7 6
      1.02047174241449338863e-03 	 4 2 7 7
     -1.21446023915569708759e-03 	 4 2 8 1
     -1.02688401610074859886e-03 	 4 2 8 2
     -1.96346918982368825665e-03 	 4 2 8 3
     -5.30912938292259824896e-03 	 4 2 8 4
      3.93500207108530772326e-03 	 4 2 8 5
      2.13614316114735421082e-03 	 4 2 8 6
      1.33687253968488967658e-03 	 4 2 8 7
     -6.60480655714743621759e-03 	 4 2 8 8
     -9.57906039078945149845e-03 	 4 3 1 1
      1.12278689656172323929e-04 	 4 3 2 1
      3.78107553411419520725e-03 	 4 3 2 2
     -2.22474960058339588185e-04 	 4 3 3 1
      2.66644721022770477686e-04 	 4 3 3 2
     -2.07325173465324821831e-02 	 4 3 3 3
      2.76099926203474555636e-03 	 4 3 4 1
      1.70433496378707386061e-03 	 4 3 4 2
      2.92916045502282030091e-03 	 4 3 4 3
     -3.81869832126967203439e-03 	 4 3 4 4
     -6.16376700916649558799e-04 	 4 3 5 1
     -1.17136988701209638145e-03 	 4 3 5 2
     -1.43180101900736503340e-03 	 4 3 5 3
     -4.51834966995086524666e-03 	 4 3 5 4
      4.19261874532373020330e-03 	 4 3 5 5
     -5.46421601550716958852e-04 	 4 3 6 1
     -3.01656176602969471490e-04 	 4 3 6 2
     -8.72431564459718992578e-04 	 4 3 6 3
     -2.58210404578335843764e-03 	 4 3 6 4
      1.23244714868204433694e-03 	 4 3 6 5
     -3.74964537646730071072e-03 	 4 3 6 6
     -3.25732053342994373486e-04 	 4 3 7 1
     -5.22919966814295884144e-04 	 4 3 7 2
      2.91188292412770813669e-04 	 4 3 7 3
     -1.02224148862847656095e-03 	 4 3 7 4
     -7.57991007899102555920e-05 	 4 3 7 5
      3.22791225744594465277e-04 	 4 3 7 6
      8.08931943739242716174e-03 	 4 3 7 7
     -7.34367788113808464892e-04 	 4 3 8 1
     -1.15501126475191836368e-03 	 4 3 8 2
     -2.23657027529310624414e-03 	 4 3 8 3
     -4.82676401017162297336e-03 	 4 3 8 4
      1.16530338118125292336e-03 	 4 3 8 5
      1.05190748089979821053e-03 	 4 3 8 6
     -4.17667644915758530001e-04 	 4 3 8 7
      2.08177817150493986442e-03 	 4 3 8 8
      2.34195084045256018968e-01 	 4 4 1 1
     -3.00456230910658506419e-03 	 4 4 2 1
      2.27279719081462133756e-01 	 4 4 2 2
      2.35945804654206408094e-03 	 4 4 3 1
      4.84530124454216515502e-04 	 4 4 3 2
      1.77171657951769645489e-01 	 4 4 3 3
     -1.53977617699430635589e-02 	 4 4 4 1
     -2.62648774606797199074e-03 	 4 4 4 2
     -3.81869832126965338612e-03 	 4 4 4 3
      3.19536157231928796829e-01 	 4 4 4 4
     -3.36734437947089392321e-03 	 4 4 5 1
      8.19378909312514229664e-04 	 4 4 5 2
     -1.31754899516474920096e-03 	 4 4 5 3
      2.27645649407650640939e-02 	 4 4 5 4
      2.47803586509675599636e-01 	 4 4 5 5
     -3.47002678718816987002e-03 	 4 4 6 1
     -2.72694991814180194914e-03 	 4 4 6 2
     -2.29047131363041382712e-03 	 4 4 6 3
      2.68960078599252269335e-03 	 4 4 6 4
      1.42094069980826351492e-03 	 4 4 6 5
      1.78570236601635790041e-01 	 4 4 6 6
     -1.08852449769298014609e-03 	 4 4 7 1
      5.54552744867153370179e-03 	 4 4 7 2
     -3.74601624085320068086e-03 	 4 4 7 3
      4.51904733026199743190e-03 	 4 4 7 4
     -7.13618731988751578074e-04 	 4 4 7 5
      5.71347563717799090260e-03 	 4 4 7 6
      2.05899117839983353262e-01 	 4 4 7 7
     -6.63802380497994712338e-03 	 4 4 8 1
      9.98647519809786870376e-04 	 4 4 8 2
      1.28305610837521383467e-03 	 4 4 8 3
      1.45548800508785193542e-02 	 4 4 8 4
      9.67815918734021710459e-04 	 4 4 8 5
      2.20507295810689740029e-03 	 4 4 8 6
      9.02471549144832733969e-03 	 4 4 8 7
      2.42638716950358684921e-01 	 4 4 8 8
      8.83727962337630019996e-03 	 5 1 1 1
      4.34231040599059470858e-04 	 5 1 2 1
     -5.11579813521016030231e-03 	 5 1 2 2
      5.21908328620190268415e-04 	 5 1 3 1
      2.48167126531960593018e-05 	 5 1 3 2
      6.87465791233494820378e-03 	 5 1 3 3
     -5.78422654178955891399e-04 	 5 1 4 1
     -2.39184602958841146299e-04 	 5 1 4 2
     -6.16376700916639909400e-04 	 5 1 4 3
     -3.36734437947084448359e-03 	 5 1 4 4
      2.11817642910269807871e-03 	 5 1 5 1
      4.03646869619018143754e-04 	 5 1 5 2
      1.29687839434219540601e-03 	 5 1 5 3
      3.37620383722237946134e-03 	 5 1 5 4
      2.60712954353986125361e-03 	 5 1 5 5
     -9.94713567026238965974e-06 	 5 1 6 1
      1.55214155714389036777e-04 	 5 1 6 2
      6.92360907868118185225e-04 	 5 1 6 3
      5.45738794233381033401e-04 	 5 1 6 4
     -1.91784161490547006533e-03 	 5 1 6 5
      2.96514531517010331702e-03 	 5 1 6 6
      6.55508034425523913695e-04 	 5 1 7 1
      1.85410243681556760002e-04 	 5 1 7 2
      1.80786498839131921186e-04 	 5 1 7 3
      2.03696109088804161490e-04 	 5 1 7 4
     -1.03815104796713564977e-03 	 5 1 7 5
     -1.68265914155961502762e-04 	 5 1 7 6
     -8.02852120716771901210e-03 	 5 1 7 7
      7.68628932342504240204e-04 	 5 1 8 1
      3.80057006332986486649e-04 	 5 1 8 2
      4.56097066547689810809e-04 	 5 1 8 3
      8.41670383280565905827e-04 	 5 1 8 4
     -1.52977578696570585409e-03 	 5 1 8 5
     -5.86796460241203543876e-04 	 5 1 8 6
     -4.83172351912035890308e-04 	 5 1 8 7
     -3.91859879301204461904e-03 	 5 1 8 8
      5.73043276461483556961e-03 	 5 2 1 1
     -1.26346632592609533878e-04 	 5 2 2 1
      4.93138911946900890260e-03 	 5 2 2 2
     -3.65253886380191149664e-04 	 5 2 3 1
     -8.48497993633838543115e-04 	 5 2 3 2
      3.48121857202171852003e-03 	 5 2 3 3
     -1.09482882404002995237e-03 	 5 2 4 1
     -3.97146227881326960296e-03 	 5 2 4 2
     -1.17136988701208228682e-03 	 5 2 4 3
      8.19378909312489726695e-04 	 5 2 4 4
      4.03646869619032238382e-04 	 5 2 5 1
      7.61507233522987648372e-03 	 5 2 5 2
      4.65706970193530687182e-04 	 5 2 5 3
      3.37378956318435709039e-03 	 5 2 5 4
     -1.62313397389425443165e-03 	 5 2 5 5
      4.12173070735099417432e-04 	 5 2 6 1
      9.70629688934613438743e-04 	 5 2 6 2
      4.31949043687931575827e-04 	 5 2 6 3
      2.37855503700784565169e-03 	 5 2 6 4
     -1.26565140891926543494e-03 	 5 2 6 5
      4.79946984703365133601e-03 	 5 2 6 6
     -3.21284152423956047935e-05 	 5 2 7 1
      1.17959288881992513560e-03 	 5 2 7 2
      4.43706792769445993070e-04 	 5 2 7 3
      2.02187764934576167178e-03 	 5 2 7 4
      1.95813847139109786918e-04 	 5 2 7 5
     -8.73698334797032229344e-04 	 5 2 7 6
     -4.31407527288655363775e-04 	 5 2 7 7
      9.01198984977031767804e-04 	 5 2 8 1
      1.40728073491461235824e-03 	 5 2 8 2
      1.12039233794466487615e-03 	 5 2 8 3
      4.06622203976445082546e-03 	 5 2 8 4
     -2.50000831561971153388e-03 	 5 2 8 5
     -1.51680302966559392777e-03 	 5 2 8 6
     -9.12706996445045832221e-04 	 5 2 8 7
      6.42187574711827833390e-03 	 5 2 8 8
      8.93986848447555874919e-03 	 5 3 1 1
     -3.07988950966073742966e-05 	 5 3 2 1
     -5.49249135221213224262e-03 	 5 3 2 2
      6.41233918571374188373e-04 	 5 3 3 1
      2.22159166550899169314e-04 	 5 3 3 2
      1.97396902529597753628e-02 	 5 3 3 3
     -1.71652957922036920879e-03 	 5 3 4 1
     -5.61723356232962699533e-04 	 5 3 4 2
     -1.43180101900736590076e-03 	 5 3 4 3
     -1.31754899516476633135e-03 	 5 3 4 4
      1.29687839434220473014e-03 	 5 3 5 1
      4.65706970193541691834e-04 	 5 3 5 2
      1.97453418306821337769e-03 	 5 3 5 3
      3.65432738066652062353e-03 	 5 3 5 4
      1.02323362254687333893e-03 	 5 3 5 5
      2.36413218918624128866e-04 	 5 3 6 1
      9.52445196081140886329e-05 	 5 3 6 2
      9.84242440215078121662e-04 	 5 3 6 3
      7.91182560064633208508e-04 	 5 3 6 4
     -1.78578137575255814842e-03 	 5 3 6 5
      3.27595239279272927579e-03 	 5 3 6 6
      4.42098098972641532535e-04 	 5 3 7 1
      3.71509881824117914242e-04 	 5 3 7 2
     -9.82468365469625414888e-05 	 5 3 7 3
      8.21986279506242532725e-05 	 5 3 7 4
     -7.55859978634058774297e-04 	 5 3 7 5
     -7.20531915817818882294e-05 	 5 3 7 6
     -7.59759229630933494160e-03 	 5 3 7 7
      3.57401587599582681431e-04 	 5 3 8 1
      5.91808659292336960989e-04 	 5 3 8 2
      1.30356350364990605621e-03 	 5 3 8 3
      1.76822619043926583179e-03 	 5 3 8 4
     -1.02305739844793367778e-03 	 5 3 8 5
     -5.74119660361926487449e-04 	 5 3 8 6
      7.82558259120277763211e-05 	 5 3 8 7
     -4.89413826200044577847e-03 	 5 3 8 8
      2.44732425221919763780e-02 	 5 4 1 1
     -1.00236856777727222838e-04 	 5 4 2 1
     -7.77053511659711679954e-03 	 5 4 2 2
     -1.79355427565923631521e-04 	 5 4 3 1
     -8.99599806986439861321e-04 	 5 4 3 2
      1.44500016304238004805e-02 	 5 4 3 3
     -7.52274830247592202204e-03 	 5 4 4 1
     -3.17302913547397921062e-03 	 5 4 4 2
     -4.51834966995086437930e-03 	 5 4 4 3
      2.27645649407652410356e-02 	 5 4 4 4
      3.37620383722237122140e-03 	 5 4 5 1
      3.37378956318437703971e-03 	 5 4 5 2
      3.65432738066651845513e-03 	 5 4 5 3
      2.21786044368771188828e-02 	 5 4 5 4
      1.28676562152227631081e-02 	 5 4 5 5
      3.74402238220427146750e-05 	 5 4 6 1
      8.49822009065113971246e-04 	 5 4 6 2
      1.22600585607506354889e-03 	 5 4 6 3
      5.68002672839500784979e-03 	 5 4 6 4
     -6.17513677174353313448e-03 	 5 4 6 5
      1.28870124520032870025e-02 	 5 4 6 6
      1.15191115966753359940e-04 	 5 4 7 1
      1.99777450204109870147e-03 	 5 4 7 2
     -3.46617122893721259919e-04 	 5 4 7 3
      2.70337268847451166892e-03 	 5 4 7 4
     -2.13667606638122788490e-03 	 5 4 7 5
      1.02197289898039734559e-04 	 5 4 7 6
     -2.15308528612106649114e-02 	 5 4 7 7
      1.03191157883814380557e-03 	 5 4 8 1
      2.97889905881459915449e-03 	 5 4 8 2
      3.13239777581465587974e-03 	 5 4 8 3
      1.14273570539866267670e-02 	 5 4 8 4
     -5.51107987956435223242e-03 	 5 4 8 5
     -2.96651010639163671342e-03 	 5 4 8 6
      3.91059938653594220577e-04 	 5 4 8 7
      6.55011365827734819839e-03 	 5 4 8 8
      1.74979900091076057134e-01 	 5 5 1 1
     -2.09646197306486608072e-03 	 5 5 2 1
      2.27718995541353663725e-01 	 5 5 2 2
      3.57476441704566777133e-03 	 5 5 3 1
      1.60197500131474719620e-03 	 5 5 3 2
      1.59270684849555754781e-01 	 5 5 3 3
      2.23716169849377680481e-03 	 5 5 4 1
      4.43890671575813272609e-03 	 5 5 4 2
      4.19261874532368943730e-03 	 5 5 4 3
      2.47803586509675821681e-01 	 5 5 4 4
      2.60712954353980010461e-03 	 5 5 5 1
     -1.62313397389427026100e-03 	 5 5 5 2
      1.02323362254690391343e-03 	 5 5 5 3
      1.28676562152226867802e-02 	 5 5 5 4
      2.95739738223000425688e-01 	 5 5 5 5
     -3.82315333997417438824e-03 	 5 5 6 1
     -3.37496055951454643901e-03 	 5 5 6 2
     -4.06520984430445379149e-03 	 5 5 6 3
     -1.11786671841224774515e-02 	 5 5 6 4
     -2.57113645388540963330e-03 	 5 5 6 5
      1.43610732348766728661e-01 	 5 5 6 6
     -2.63059837794368551328e-03 	 5 5 7 1
      4.16119081383781782429e-03 	 5 5 7 2
     -4.18529827658530029222e-03 	 5 5 7 3
     -9.45178508191616729983e-03 	 5 5 7 4
     -8.91966412031596281307e-03 	 5 5 7 5
      7.49363974681550599338e-03 	 5 5 7 6
      2.17569882456308261176e-01 	 5 5 7 7
     -7.32492045514943589113e-03 	 5 5 8 1
      8.20902088657118195192e-04 	 5 5 8 2
     -3.06421405974083294055e-03 	 5 5 8 3
     -7.41477322120181071147e-03 	 5 5 8 4
      3.12948173987140669181e-03 	 5 5 8 5
      7.27725366537148015550e-03 	 5 5 8 6
      9.79750690814158026187e-03 	 5 5 8 7
      2.01849820310172317628e-01 	 5 5 8 8
     -3.71337601470557573599e-03 	 6 1 1 1
      2.11226276761554442908e-04 	 6 1 2 1
     -1.62771271974542441029e-03 	 6 1 2 2
      1.13182868194095539831e-03 	 6 1 3 1
     -9.51788719249401291142e-05 	 6 1 3 2
      1.34445322148332995112e-03 	 6 1 3 3
     -8.07723532402987247879e-06 	 6 1 4 1
     -6.15023962403167274299e-04 	 6 1 4 2
     -5.46421601550702322123e-04 	 6 1 4 3
     -3.47002678718821540652e-03 	 6 1 4 4
     -9.94713567026132409229e-06 	 6 1 5 1
      4.12173070735104133712e-04 	 6 1 5 2
      2.36413218918629576982e-04 	 6 1 5 3
      3.74402238220656726560e-05 	 6 1 5 4
     -3.82315333997420821535e-03 	 6 1 5 5
      4.37448124541400980292e-03 	 6 1 6 1
      3.08918438827029062047e-04 	 6 1 6 2
     -4.33376536691357987056e-04 	 6 1 6 3
      1.80600634961393548663e-04 	 6 1 6 4
      3.12838377366569540729e-04 	 6 1 6 5
     -9.47541376959865587482e-03 	 6 1 6 6
     -2.16801663695189410089e-04 	 6 1 7 1
     -1.73887325790682365639e-04 	 6 1 7 2
      3.62990162993301031594e-04 	 6 1 7 3
      6.84123263097344606019e-04 	 6 1 7 4
     -1.01419329292575140233e-04 	 6 1 7 5
     -1.00495036058284117919e-04 	 6 1 7 6
     -1.81127990944368209500e-03 	 6 1 7 7
     -1.45194921956681754008e-04 	 6 1 8 1
      7.25293945717937727728e-05 	 6 1 8 2
      1.88649970263990695565e-04 	 6 1 8 3
      8.71791878431390577023e-04 	 6 1 8 4
     -7.01697168624419590280e-04 	 6 1 8 5
      3.27452963647892108991e-04 	 6 1 8 6
     -6.65121075295298930241e-04 	 6 1 8 7
     -1.99672386877509889722e-03 	 6 1 8 8
     -2.79817597750736321571e-03 	 6 2 1 1
      1.49397782397354755238e-04 	 6 2 2 1
     -2.64235812985541768452e-03 	 6 2 2 2
     -1.47417150931343840644e-04 	 6 2 3 1
     -5.12496424285666476485e-04 	 6 2 3 2
     -1.49916081569297782172e-03 	 6 2 3 3
     -1.03152406541100891070e-04 	 6 2 4 1
     -5.16991920500401986975e-04 	 6 2 4 2
     -3.01656176602970609903e-04 	 6 2 4 3
     -2.72694991814180932171e-03 	 6 2 4 4
      1.55214155714397141188e-04 	 6 2 5 1
      9.70629688934616908190e-04 	 6 2 5 2
      9.52445196081099686647e-05 	 6 2 5 3
      8.49822009065119283837e-04 	 6 2 5 4
     -3.37496055951452215288e-03 	 6 2 5 5
      3.08918438827033290436e-04 	 6 2 6 1
      1.87060470699960566462e-03 	 6 2 6 2
     -7.89400141991552519415e-05 	 6 2 6 3
      4.66105390217688481027e-04 	 6 2 6 4
      1.71738579448352230274e-04 	 6 2 6 5
     -7.30259566515577881324e-03 	 6 2 6 6
     -8.92088438791676930891e-05 	 6 2 7 1
      3.98309588906159946025e-05 	 6 2 7 2
      3.45309749690527508902e-04 	 6 2 7 3
      1.24907704723538110110e-03 	 6 2 7 4
     -4.06995958001648986194e-05 	 6 2 7 5
     -1.17915429031939828918e-04 	 6 2 7 6
     -2.83094385559750976941e-03 	 6 2 7 7
      2.59212822043938004128e-04 	 6 2 8 1
      4.20668855135589907310e-04 	 6 2 8 2
      4.94913020951059202468e-05 	 6 2 8 3
      1.07142225263010524607e-03 	 6 2 8 4
     -1.02449675171002599697e-03 	 6 2 8 5
     -3.57701171615581041783e-08 	 6 2 8 6
     -7.57754162312030375703e-04 	 6 2 8 7
      7.30552950250172692011e-04 	 6 2 8 8
      1.47162990379777966488e-02 	 6 3 1 1
     -1.26566094137866360118e-04 	 6 3 2 1
     -4.95191058598281556163e-03 	 6 3 2 2
      6.01989275818100712072e-04 	 6 3 3 1
      2.64568991383511056131e-04 	 6 3 3 2
      1.67277490013581567330e-02 	 6 3 3 3
     -2.11862166598642247956e-03 	 6 3 4 1
     -5.82372294274769537401e-04 	 6 3 4 2
     -8.72431564459722570445e-04 	 6 3 4 3
     -2.29047131363040211774e-03 	 6 3 4 4
      6.92360907868121979933e-04 	 6 3 5 1
      4.31949043687930003734e-04 	 6 3 5 2
      9.84242440215074435375e-04 	 6 3 5 3
      1.22600585607506311521e-03 	 6 3 5 4
     -4.06520984430442603591e-03 	 6 3 5 5
     -4.33376536691359830200e-04 	 6 3 6 1
     -7.89400141991564581164e-05 	 6 3 6 2
      1.56684841569966308572e-03 	 6 3 6 3
      1.42518068705980559957e-03 	 6 3 6 4
     -1.36274030789945168295e-03 	 6 3 6 5
      1.67464397342616706787e-02 	 6 3 6 6
      9.15013459460773358189e-04 	 6 3 7 1
      4.83111197217761100409e-04 	 6 3 7 2
      1.36505193117076619163e-04 	 6 3 7 3
      1.00642089769219450837e-03 	 6 3 7 4
      1.26946575815835510995e-04 	 6 3 7 5
     -6.14956096439472346335e-04 	 6 3 7 6
     -5.80961100361294859734e-03 	 6 3 7 7
      5.74535867164691440613e-04 	 6 3 8 1
      2.70212752407408384869e-04 	 6 3 8 2
      1.03582929494603205416e-03 	 6 3 8 3
      1.10035597101093020854e-03 	 6 3 8 4
     -5.60040469636261667441e-04 	 6 3 8 5
     -1.35679573093219632898e-03 	 6 3 8 6
     -4.22802431162778611599e-04 	 6 3 8 7
     -2.76011299647690175676e-03 	 6 3 8 8
      1.17929398028197313791e-02 	 6 4 1 1
     -4.91884239633968574595e-05 	 6 4 2 1
     -6.36585140256367473105e-03 	 6 4 2 2
     -7.59655851315879583792e-04 	 6 4 3 1
     -5.53375408078276838190e-04 	 6 4 3 2
      4.08574146787981078849e-03 	 6 4 3 3
     -3.83994345828992398109e-03 	 6 4 4 1
     -3.20156466951331116974e-03 	 6 4 4 2
     -2.58210404578335713660e-03 	 6 4 4 3
      2.68960078599251445342e-03 	 6 4 4 4
      5.45738794233384394428e-04 	 6 4 5 1
      2.37855503700785866211e-03 	 6 4 5 2
      7.91182560064634075869e-04 	 6 4 5 3
      5.68002672839501218660e-03 	 6 4 5 4
     -1.11786671841224705126e-02 	 6 4 5 5
      1.80600634961398020997e-04 	 6 4 6 1
      4.66105390217684090008e-04 	 6 4 6 2
      1.42518068705980147960e-03 	 6 4 6 3
      5.44385582156716764379e-03 	 6 4 6 4
     -2.57808930632713682179e-03 	 6 4 6 5
      2.54927434208640432689e-02 	 6 4 6 6
      7.14787496130544239108e-04 	 6 4 7 1
      1.14099469485498322338e-03 	 6 4 7 2
      5.70592412853122973523e-04 	 6 4 7 3
      3.96020473482813339244e-03 	 6 4 7 4
      4.36880371705354922894e-04 	 6 4 7 5
     -1.53269465224649186971e-03 	 6 4 7 6
     -1.14305273736051028061e-02 	 6 4 7 7
      1.43375728915534823328e-03 	 6 4 8 1
      1.25359029241096974275e-03 	 6 4 8 2
      1.69238554436376698042e-03 	 6 4 8 3
      6.65309612199138557947e-03 	 6 4 8 4
     -3.18775584608463813038e-03 	 6 4 8 5
     -3.24572387184425244569e-03 	 6 4 8 6
     -1.29686870440520892432e-03 	 6 4 8 7
      2.88080895409465083390e-03 	 6 4 8 8
     -1.16414461513112774821e-02 	 6 5 1 1
     -6.58677700357912393491e-06 	 6 5 2 1
      5.65512361444861152981e-03 	 6 5 2 2
      1.57909421186293221634e-04 	 6 5 3 1
      2.06193079010028929758e-04 	 6 5 3 2
     -6.89944975446652678658e-03 	 6 5 3 3
      2.09677180232589223385e-03 	 6 5 4 1
      1.53484968976252576442e-03 	 6 5 4 2
      1.23244714868204151802e-03 	 6 5 4 3
      1.42094069980824139719e-03 	 6 5 4 4
     -1.91784161490549001465e-03 	 6 5 5 1
     -1.26565140891925719500e-03 	 6 5 5 2
     -1.78578137575255077585e-03 	 6 5 5 3
     -6.17513677174354354282e-03 	 6 5 5 4
     -2.57113645388544476145e-03 	 6 5 5 5
      3.12838377366573985958e-04 	 6 5 6 1
      1.71738579448344451123e-04 	 6 5 6 2
     -1.36274030789946447653e-03 	 6 5 6 3
     -2.57808930632714679645e-03 	 6 5 6 4
      4.40825127998467625190e-03 	 6 5 6 5
     -2.83254949127117738872e-02 	 6 5 6 6
     -4.45325943377389114886e-04 	 6 5 7 1
     -7.23915488637217816037e-04 	 6 5 7 2
     -4.29257972335484643336e-05 	 6 5 7 3
     -2.69296983962971463178e-04 	 6 5 7 4
      1.40852921189919561701e-03 	 6 5 7 5
      6.08690325739386041068e-04 	 6 5 7 6
      1.07914571221294774972e-02 	 6 5 7 7
     -9.12561048725266219135e-04 	 6 5 8 1
     -1.01094341796151721696e-03 	 6 5 8 2
     -1.03227349798377856377e-03 	 6 5 8 3
     -3.15513889934869711656e-03 	 6 5 8 4
      2.14490995810412638303e-03 	 6 5 8 5
      2.14638486656532978883e-03 	 6 5 8 6
      1.54788335792215454032e-04 	 6 5 8 7
      4.13241813286510401709e-03 	 6 5 8 8
      3.26234522320744679824e-01 	 6 6 1 1
     -3.30308799985110047512e-03 	 6 6 2 1
      1.49427022045285573526e-01 	 6 6 2 2
     -1.61536112254111814852e-03 	 6 6 3 1
     -3.35937493761448739346e-04 	 6 6 3 2
      2.11074074538924932876e-01 	 6 6 3 3
     -2.02891087244696788350e-02 	 6 6 4 1
     -5.03399243302973028319e-03 	 6 6 4 2
     -3.74964537646728206244e-03 	 6 6 4 3
      1.78570236601636012086e-01 	 6 6 4 4
      2.96514531517013757780e-03 	 6 6 5 1
      4.79946984703365133601e-03 	 6 6 5 2
      3.27595239279272146954e-03 	 6 6 5 3
      1.28870124520033130233e-02 	 6 6 5 4
      1.43610732348766617639e-01 	 6 6 5 5
     -9.47541376959872005958e-03 	 6 6 6 1
     -7.30259566515578488477e-03 	 6 6 6 2
      1.67464397342616741482e-02 	 6 6 6 3
      2.54927434208640363300e-02 	 6 6 6 4
     -2.83254949127117565399e-02 	 6 6 6 5
      6.52763981348565280882e-01 	 6 6 6 6
      7.63156950277294604534e-03 	 6 6 7 1
      6.71178486513032603739e-03 	 6 6 7 2
     -1.59228955099852912541e-03 	 6 6 7 3
      1.92596984114257099158e-03 	 6 6 7 4
      2.25486439880392963708e-03 	 6 6 7 5
     -7.31385218363223271049e-03 	 6 6 7 6
      1.21320385981532136155e-01 	 6 6 7 7
      5.92725906495051614586e-03 	 6 6 8 1
      3.59484470707846634138e-03 	 6 6 8 2
      7.23888323581469133455e-03 	 6 6 8 3
      1.19531005076218468236e-02 	 6 6 8 4
     -7.38727877520768618121e-04 	 6 6 8 5
     -2.62200271035195331404e-02 	 6 6 8 6
      4.02885380833479644219e-03 	 6 6 8 7
      1.69824021417543907786e-01 	 6 6 8 8
      1.92360802628233421019e-02 	 7 1 1 1
     -5.69481313064382067119e-05 	 7 1 2 1
     -3.29845920612657208734e-03 	 7 1 2 2
      2.22393104309584851335e-04 	 7 1 3 1
      2.58338531691736528889e-04 	 7 1 3 2
      8.06028248142939135468e-03 	 7 1 3 3
     -2.04990284938263642167e-03 	 7 1 4 1
     -1.84161302704320364214e-04 	 7 1 4 2
     -3.25732053343003968675e-04 	 7 1 4 3
     -1.08852449769292463494e-03 	 7 1 4 4
      6.55508034425521094769e-04 	 7 1 5 1
     -3.21284152424054778095e-05 	 7 1 5 2
      4.42098098972639580971e-04 	 7 1 5 3
      1.15191115966739536362e-04 	 7 1 5 4
     -2.63059837794367163549e-03 	 7 1 5 5
     -2.16801663695198083706e-04 	 7 1 6 1
     -8.92088438791751605315e-05 	 7 1 6 2
      9.15013459460771081365e-04 	 7 1 6 3
      7.14787496130539468618e-04 	 7 1 6 4
     -4.45325943377364340866e-04 	 7 1 6 5
      7.63156950277293650436e-03 	 7 1 6 6
      2.17234840992956961675e-03 	 7 1 7 1
      7.68646287880963126555e-05 	 7 1 7 2
      7.64830090845027010804e-05 	 7 1 7 3
      1.73288061656752057429e-03 	 7 1 7 4
     -1.25688396209421623245e-03 	 7 1 7 5
     -5.60967852714065262978e-04 	 7 1 7 6
      5.03400978523806889170e-03 	 7 1 7 7
      5.12354929835697066841e-04 	 7 1 8 1
      1.34951457006337601592e-04 	 7 1 8 2
      3.91512978255833491315e-04 	 7 1 8 3
      1.75171494668848804540e-04 	 7 1 8 4
     -2.14017821527037987702e-04 	 7 1 8 5
     -7.27698325803508992878e-04 	 7 1 8 6
     -6.74970207798767231171e-04 	 7 1 8 7
     -1.66206599210984859796e-03 	 7 1 8 8
      8.16095630384936973623e-03 	 7 2 1 1
     -1.00838378365239369344e-03 	 7 2 2 1
      2.04471443408700721822e-03 	 7 2 2 2
      2.82900283814894863178e-04 	 7 2 3 1
      3.36348091671577161584e-04 	 7 2 3 2
      7.11455982144981909088e-03 	 7 2 3 3
     -1.48187554153429061968e-03 	 7 2 4 1
     -1.49792774531312981520e-03 	 7 2 4 2
     -5.22919966814294799942e-04 	 7 2 4 3
      5.54552744867149640523e-03 	 7 2 4 4
      1.85410243681554700017e-04 	 7 2 5 1
      1.17959288881990670417e-03 	 7 2 5 2
      3.71509881824113252172e-04 	 7 2 5 3
      1.99777450204106270595e-03 	 7 2 5 4
      4.16119081383783690625e-03 	 7 2 5 5
     -1.73887325790687298759e-04 	 7 2 6 1
      3.98309588906075920356e-05 	 7 2 6 2
      4.83111197217759745157e-04 	 7 2 6 3
      1.14099469485497194768e-03 	 7 2 6 4
     -7.23915488637214671851e-04 	 7 2 6 5
      6.71178486513031129224e-03 	 7 2 6 6
      7.68646287880907019092e-05 	 7 2 7 1
      6.51594644813685217044e-03 	 7 2 7 2
      1.44316867641497539919e-04 	 7 2 7 3
      1.57101651155235185961e-03 	 7 2 7 4
      4.48958715196202614878e-04 	 7 2 7 5
     -2.46893739692471102243e-04 	 7 2 7 6
      4.32043730665509714568e-04 	 7 2 7 7
     -1.22749974794395742524e-04 	 7 2 8 1
      1.42179818998960537033e-03 	 7 2 8 2
      5.93555745201733821539e-04 	 7 2 8 3
      1.34113229168870756389e-03 	 7 2 8 4
     -1.05383639207523908086e-03 	 7 2 8 5
     -8.87613127685358475720e-04 	 7 2 8 6
      8.34593365072024080719e-05 	 7 2 8 7
      6.26993851623851555094e-03 	 7 2 8 8
     -2.79584271983135228268e-03 	 7 3 1 1
      2.82439442346675778986e-04 	 7 3 2 1
     -2.68631428749069702325e-03 	 7 3 2 2
      3.53326497492403916013e-06 	 7 3 3 1
      2.70573097632428156110e-04 	 7 3 3 2
     -4.80266723277613261783e-03 	 7 3 3 3
      1.44116451986663524120e-04 	 7 3 4 1
     -4.31600929850842077260e-04 	 7 3 4 2
      2.91188292412777481512e-04 	 7 3 4 3
     -3.74601624085323233956e-03 	 7 3 4 4
      1.80786498839136393520e-04 	 7 3 5 1
      4.43706792769446155700e-04 	 7 3 5 2
     -9.82468365469645201577e-05 	 7 3 5 3
     -3.46617122893725813568e-04 	 7 3 5 4
     -4.18529827658530549639e-03 	 7 3 5 5
      3.62990162993302766317e-04 	 7 3 6 1
      3.45309749690528430474e-04 	 7 3 6 2
      1.36505193117077486525e-04 	 7 3 6 3
      5.70592412853124599827e-04 	 7 3 6 4
     -4.29257972335561418403e-05 	 7 3 6 5
     -1.59228955099852131916e-03 	 7 3 6 6
      7.64830090844990961082e-05 	 7 3 7 1
      1.44316867641491522597e-04 	 7 3 7 2
      9.87199885436714419037e-04 	 7 3 7 3
      2.09358509727145761931e-03 	 7 3 7 4
     -3.76323595810536780382e-04 	 7 3 7 5
     -7.98160593464382686624e-04 	 7 3 7 6
     -2.62249020362610068061e-03 	 7 3 7 7
      1.92301957346359468594e-04 	 7 3 8 1
     -2.52556751072896665169e-04 	 7 3 8 2
     -4.65617035961249749795e-04 	 7 3 8 3
     -9.83668319610700361139e-05 	 7 3 8 4
     -1.15547614010580077491e-03 	 7 3 8 5
     -4.20464759239255292216e-04 	 7 3 8 6
     -1.77507839892330609305e-03 	 7 3 8 7
      6.00234874738015907782e-04 	 7 3 8 8
      3.35365723289284076852e-03 	 7 4 1 1
      1.79417690973152982791e-04 	 7 4 2 1
     -8.46739234499896409325e-03 	 7 4 2 2
     -1.91036195715964815869e-04 	 7 4 3 1
      4.67282006491515512075e-04 	 7 4 3 2
      1.74872232192587221625e-04 	 7 4 3 3
     -3.30926554150373251548e-03 	 7 4 4 1
     -1.79684990262046631951e-03 	 7 4 4 2
     -1.02224148862849412503e-03 	 7 4 4 3
      4.51904733026208330071e-03 	 7 4 4 4
      2.03696109088783019548e-04 	 7 4 5 1
      2.02187764934576427386e-03 	 7 4 5 2
      8.21986279506357322630e-05 	 7 4 5 3
      2.70337268847447914286e-03 	 7 4 5 4
     -9.45178508191618811651e-03 	 7 4 5 5
      6.84123263097343304977e-04 	 7 4 6 1
      1.24907704723537524641e-03 	 7 4 6 2
      1.00642089769218865368e-03 	 7 4 6 3
      3.96020473482814033134e-03 	 7 4 6 4
     -2.69296983962954495414e-04 	 7 4 6 5
      1.92596984114256253480e-03 	 7 4 6 6
      1.73288061656751406908e-03 	 7 4 7 1
      1.57101651155235532906e-03 	 7 4 7 2
      2.09358509727146932869e-03 	 7 4 7 3
      1.08894476785854499995e-02 	 7 4 7 4
     -1.82021985310476227052e-03 	 7 4 7 5
     -2.53348287510384972271e-03 	 7 4 7 6
      4.14347974552565080468e-04 	 7 4 7 7
      4.49801374716498402286e-05 	 7 4 8 1
      3.34680869993611346171e-04 	 7 4 8 2
     -2.48381117056287940674e-04 	 7 4 8 3
      3.38237118705050649609e-03 	 7 4 8 4
     -4.48356116296848988823e-03 	 7 4 8 5
     -2.01096887810981459280e-03 	 7 4 8 6
     -5.20600461216607322823e-03 	 7 4 8 7
      9.10207666044215296663e-03 	 7 4 8 8
      2.12958126910796916378e-03 	 7 5 1 1
     -1.23686209986317337131e-04 	 7 5 2 1
     -5.87195562351541626434e-04 	 7 5 2 2
     -3.38963572139867248844e-05 	 7 5 3 1
     -1.51300831304572750910e-04 	 7 5 3 2
     -5.76852600372526838775e-05 	 7 5 3 3
     -5.67493773640084255526e-04 	 7 5 4 1
      1.05252636462616836876e-04 	 7 5 4 2
     -7.57991007899261662589e-05 	 7 5 4 3
     -7.13618731988784320980e-04 	 7 5 4 4
     -1.03815104796715841802e-03 	 7 5 5 1
      1.95813847139169201197e-04 	 7 5 5 2
     -7.55859978634026790333e-04 	 7 5 5 3
     -2.13667606638116543485e-03 	 7 5 5 4
     -8.91966412031609465205e-03 	 7 5 5 5
     -1.01419329292539469982e-04 	 7 5 6 1
     -4.06995958001554931655e-05 	 7 5 6 2
      1.26946575815828138420e-04 	 7 5 6 3
      4.36880371705385985286e-04 	 7 5 6 4
      1.40852921189919366544e-03 	 7 5 6 5
      2.25486439880398124511e-03 	 7 5 6 6
     -1.25688396209421059460e-03 	 7 5 7 1
      4.48958715196219311592e-04 	 7 5 7 2
     -3.76323595810532931464e-04 	 7 5 7 3
     -1.82021985310474102016e-03 	 7 5 7 4
      6.85321504530955489393e-03 	 7 5 7 5
      7.67936430776245391484e-04 	 7 5 7 6
     -1.58258828683599493681e-02 	 7 5 7 7
      1.23317895195372757323e-04 	 7 5 8 1
     -9.18246167535099647823e-05 	 7 5 8 2
      3.51473019113716944085e-04 	 7 5 8 3
      2.47207597942232016643e-04 	 7 5 8 4
      9.90241611909367571570e-04 	 7 5 8 5
     -2.11359562195873913618e-04 	 7 5 8 6
      1.10340842074485470485e-03 	 7 5 8 7
      2.74675807092044765162e-03 	 7 5 8 8
     -1.08392366793596639334e-03 	 7 6 1 1
     -1.37073697424513031920e-04 	 7 6 2 1
      3.43840681557138795610e-03 	 7 6 2 2
      3.89118527881733751190e-04 	 7 6 3 1
      1.91007776591139637288e-05 	 7 6 3 2
      6.79246783291089862092e-04 	 7 6 3 3
      5.37608182575515327652e-04 	 7 6 4 1
      1.30453794546684493337e-03 	 7 6 4 2
      3.22791225744588014274e-04 	 7 6 4 3
      5.71347563717802559707e-03 	 7 6 4 4
     -1.68265914155962559859e-04 	 7 6 5 1
     -8.73698334797033747227e-04 	 7 6 5 2
     -7.20531915817814952062e-05 	 7 6 5 3
      1.02197289898049031593e-04 	 7 6 5 4
      7.49363974681550686074e-03 	 7 6 5 5
     -1.00495036058287153685e-04 	 7 6 6 1
     -1.17915429031942349688e-04 	 7 6 6 2
     -6.14956096439473647378e-04 	 7 6 6 3
     -1.53269465224649295391e-03 	 7 6 6 4
      6.08690325739401219898e-04 	 7 6 6 5
     -7.31385218363224745564e-03 	 7 6 6 6
     -5.60967852714065588239e-04 	 7 6 7 1
     -2.46893739692463133357e-04 	 7 6 7 2
     -7.98160593464379217177e-04 	 7 6 7 3
     -2.53348287510384321750e-03 	 7 6 7 4
      7.67936430776240729415e-04 	 7 6 7 5
      1.43137440268541042167e-03 	 7 6 7 6
      1.19500556893223017219e-03 	 7 6 7 7
     -6.59462871503901145592e-04 	 7 6 8 1
     -1.43982607852681510335e-04 	 7 6 8 2
     -2.34841127597803887980e-04 	 7 6 8 3
     -1.06014225577757926697e-03 	 7 6 8 4
      1.47266475522939014123e-03 	 7 6 8 5
      1.22009949609694161830e-03 	 7 6 8 6
      1.88950590682167274791e-03 	 7 6 8 7
      2.38830418868494863535e-04 	 7 6 8 8
      1.34649708216013602735e-01 	 7 7 1 1
     -2.93771424916405149430e-03 	 7 7 2 1
      2.51814179615472977236e-01 	 7 7 2 2
      7.37265350753353522657e-04 	 7 7 3 1
      1.66454616076629961612e-03 	 7 7 3 2
      1.17779118572431576450e-01 	 7 7 3 3
      1.12524823943529073828e-02 	 7 7 4 1
      1.02047174241457535432e-03 	 7 7 4 2
      8.08931943739243583535e-03 	 7 7 4 3
      2.05899117839983381018e-01 	 7 7 4 4
     -8.02852120716769125652e-03 	 7 7 5 1
     -4.31407527288644521753e-04 	 7 7 5 2
     -7.59759229630932800270e-03 	 7 7 5 3
     -2.15308528612104983779e-02 	 7 7 5 4
      2.17569882456308316687e-01 	 7 7 5 5
     -1.81127990944365845939e-03 	 7 7 6 1
     -2.83094385559749849371e-03 	 7 7 6 2
     -5.80961100361294946470e-03 	 7 7 6 3
     -1.14305273736051010713e-02 	 7 7 6 4
      1.07914571221294809666e-02 	 7 7 6 5
      1.21320385981532080644e-01 	 7 7 6 6
      5.03400978523805674864e-03 	 7 7 7 1
      4.32043730665495023628e-04 	 7 7 7 2
     -2.62249020362610848686e-03 	 7 7 7 3
      4.14347974552589095546e-04 	 7 7 7 4
     -1.58258828683597967124e-02 	 7 7 7 5
      1.19500556893224535102e-03 	 7 7 7 6
      3.71649572083199042360e-01 	 7 7 7 7
     -5.99461691829638373269e-03 	 7 7 8 1
     -3.89952173627834003129e-04 	 7 7 8 2
     -5.82591385169129068189e-03 	 7 7 8 3
     -1.62061885034075169043e-02 	 7 7 8 4
      7.77360646385901171013e-03 	 7 7 8 5
      7.72925539202469567140e-03 	 7 7 8 6
      3.70183453276966148784e-03 	 7 7 8 7
      2.04874535708124361211e-01 	 7 7 8 8
      8.07638834307437478155e-03 	 8 1 1 1
      1.95998477255897822621e-04 	 8 1 2 1
     -2.95658909015014551361e-03 	 8 1 2 2
     -2.02902675815128688509e-04 	 8 1 3 1
     -4.57395861338407263078e-04 	 8 1 3 2
      2.48741284281734330308e-03 	 8 1 3 3
     -7.29744395608887281429e-05 	 8 1 4 1
     -1.21446023915569882232e-03 	 8 1 4 2
     -7.34367788113817897451e-04 	 8 1 4 3
     -6.63802380497996360326e-03 	 8 1 4 4
      7.68628932342502288640e-04 	 8 1 5 1
      9.01198984977050090821e-04 	 8 1 5 2
      3.57401587599585066676e-04 	 8 1 5 3
      1.03191157883812103732e-03 	 8 1 5 4
     -7.32492045514949487173e-03 	 8 1 5 5
     -1.45194921956664515193e-04 	 8 1 6 1
      2.59212822043935510463e-04 	 8 1 6 2
      5.74535867164683742778e-04 	 8 1 6 3
      1.43375728915535755742e-03 	 8 1 6 4
     -9.12561048725260364443e-04 	 8 1 6 5
      5.92725906495050313544e-03 	 8 1 6 6
      5.12354929835686007979e-04 	 8 1 7 1
     -1.22749974794400811169e-04 	 8 1 7 2
      1.92301957346364103558e-04 	 8 1 7 3
      4.49801374716195774355e-05 	 8 1 7 4
      1.23317895195371862857e-04 	 8 1 7 5
     -6.59462871503902555055e-04 	 8 1 7 6
     -5.99461691829637679380e-03 	 8 1 7 7
      1.97962849509440621393e-03 	 8 1 8 1
      3.08888830999800223162e-04 	 8 1 8 2
      1.29767904763768452889e-03 	 8 1 8 3
      2.55909334849704949225e-03 	 8 1 8 4
     -1.23289874029020940852e-03 	 8 1 8 5
     -1.28727906332800267827e-03 	 8 1 8 6
     -5.59364771123760894100e-04 	 8 1 8 7
      1.89745043696196245137e-03 	 8 1 8 8
      4.90967555988058596689e-03 	 8 2 1 1
     -3.63532171654643747934e-04 	 8 2 2 1
     -2.26508160377838525931e-04 	 8 2 2 2
     -3.67392254490437534901e-05 	 8 2 3 1
     -2.84388809780163715965e-04 	 8 2 3 2
      4.49743362967905142141e-03 	 8 2 3 3
     -1.10341290613649983116e-03 	 8 2 4 1
     -1.02688401610074708098e-03 	 8 2 4 2
     -1.15501126475190752166e-03 	 8 2 4 3
      9.98647519809763885290e-04 	 8 2 4 4
      3.80057006333006815440e-04 	 8 2 5 1
      1.40728073491460715407e-03 	 8 2 5 2
      5.91808659292327203169e-04 	 8 2 5 3
      2.97889905881463254791e-03 	 8 2 5 4
      8.20902088657143023422e-04 	 8 2 5 5
      7.25293945717913739754e-05 	 8 2 6 1
      4.20668855135598635138e-04 	 8 2 6 2
      2.70212752407415052712e-04 	 8 2 6 3
      1.25359029241096692382e-03 	 8 2 6 4
     -1.01094341796154323782e-03 	 8 2 6 5
      3.59484470707848021917e-03 	 8 2 6 6
      1.34951457006338956844e-04 	 8 2 7 1
      1.42179818998962336808e-03 	 8 2 7 2
     -2.52556751072894496764e-04 	 8 2 7 3
      3.34680869993624410808e-04 	 8 2 7 4
     -9.18246167535583066466e-05 	 8 2 7 5
     -1.43982607852691322364e-04 	 8 2 7 6
     -3.89952173627848260387e-04 	 8 2 7 7
      3.08888830999785098542e-04 	 8 2 8 1
      4.05861129113727157197e-03 	 8 2 8 2
      8.28889581682263742318e-04 	 8 2 8 3
      2.46764527853870086621e-03 	 8 2 8 4
     -4.16125743753189777669e-04 	 8 2 8 5
     -3.84874908668431949497e-04 	 8 2 8 6
      6.35095238662596972383e-04 	 8 2 8 7
      1.58424116119142946620e-03 	 8 2 8 8
      1.30927236231280635925e-02 	 8 3 1 1
     -4.51561619746785149806e-04 	 8 3 2 1
      5.87154113040718790171e-05 	 8 3 2 2
      4.40429552859302603229e-04 	 8 3 3 1
     -1.68684653252147525020e-04 	 8 3 3 2
      2.99569707276435628907e-02 	 8 3 3 3
     -2.09258680348494569001e-03 	 8 3 4 1
     -1.96346918982368738929e-03 	 8 3 4 2
     -2.23657027529310103997e-03 	 8 3 4 3
      1.28305610837521101575e-03 	 8 3 4 4
      4.56097066547693930777e-04 	 8 3 5 1
      1.12039233794465945514e-03 	 8 3 5 2
      1.30356350364990215308e-03 	 8 3 5 3
      3.13239777581467582906e-03 	 8 3 5 4
     -3.06421405974081993012e-03 	 8 3 5 5
      1.88649970263974107272e-04 	 8 3 6 1
      4.94913020951080276648e-05 	 8 3 6 2
      1.03582929494603986041e-03 	 8 3 6 3
      1.69238554436376524570e-03 	 8 3 6 4
     -1.03227349798378680371e-03 	 8 3 6 5
      7.23888323581468439566e-03 	 8 3 6 6
      3.91512978255841568621e-04 	 8 3 7 1
      5.93555745201741736215e-04 	 8 3 7 2
     -4.65617035961253978183e-04 	 8 3 7 3
     -2.48381117056262570343e-04 	 8 3 7 4
      3.51473019113714884101e-04 	 8 3 7 5
     -2.34841127597803481404e-04 	 8 3 7 6
     -5.82591385169130282495e-03 	 8 3 7 7
      1.29767904763768561309e-03 	 8 3 8 1
      8.28889581682245310881e-04 	 8 3 8 2
      4.17516184527060973258e-03 	 8 3 8 3
      4.30640057435109895739e-03 	 8 3 8 4
     -1.87708877209597987945e-03 	 8 3 8 5
     -1.88060320650496005587e-03 	 8 3 8 6
      5.36143973302909832013e-04 	 8 3 8 7
      9.74580259441411821120e-03 	 8 3 8 8
      2.22731476814854723045e-02 	 8 4 1 1
     -3.36213231263444783329e-04 	 8 4 2 1
     -2.26480398712587335797e-03 	 8 4 2 2
     -5.73528219530155137368e-04 	 8 4 3 1
     -1.57872989862761726673e-03 	 8 4 3 2
      1.06489983140782926846e-02 	 8 4 3 3
     -7.22568238743291450799e-03 	 8 4 4 1
     -5.30912938292260258577e-03 	 8 4 4 2
     -4.82676401017163338170e-03 	 8 4 4 3
      1.45548800508784846597e-02 	 8 4 4 4
      8.41670383280540860757e-04 	 8 4 5 1
      4.06622203976450893870e-03 	 8 4 5 2
      1.76822619043928079378e-03 	 8 4 5 3
      1.14273570539865261531e-02 	 8 4 5 4
     -7.41477322120195642824e-03 	 8 4 5 5
      8.71791878431392528587e-04 	 8 4 6 1
      1.07142225263009917453e-03 	 8 4 6 2
      1.10035597101091719811e-03 	 8 4 6 3
      6.65309612199141420241e-03 	 8 4 6 4
     -3.15513889934867586620e-03 	 8 4 6 5
      1.19531005076217930472e-02 	 8 4 6 6
      1.75171494668839941187e-04 	 8 4 7 1
      1.34113229168874963093e-03 	 8 4 7 2
     -9.83668319610520519103e-05 	 8 4 7 3
      3.38237118705047700579e-03 	 8 4 7 4
      2.47207597942161706132e-04 	 8 4 7 5
     -1.06014225577758707322e-03 	 8 4 7 6
     -1.62061885034076522127e-02 	 8 4 7 7
      2.55909334849706293635e-03 	 8 4 8 1
      2.46764527853870216725e-03 	 8 4 8 2
      4.30640057435107293654e-03 	 8 4 8 3
      1.73164311148259718320e-02 	 8 4 8 4
     -4.55065978878481207370e-03 	 8 4 8 5
     -3.56453567308955346360e-03 	 8 4 8 6
      4.71208740734314576216e-04 	 8 4 8 7
      1.62285732243260920338e-02 	 8 4 8 8
     -1.02511753804822660936e-04 	 8 5 1 1
     -1.11536990750370847191e-04 	 8 5 2 1
      3.07949788819242417301e-03 	 8 5 2 2
      3.89723064064233866606e-04 	 8 5 3 1
      1.45275868953546291899e-04 	 8 5 3 2
      9.11701435629691612356e-04 	 8 5 3 3
      1.35777829236825289469e-03 	 8 5 4 1
      3.93500207108528777394e-03 	 8 5 4 2
      1.16530338118124121398e-03 	 8 5 4 3
      9.67815918734006097948e-04 	 8 5 4 4
     -1.52977578696575420951e-03 	 8 5 5 1
     -2.50000831561968811512e-03 	 8 5 5 2
     -1.02305739844790483800e-03 	 8 5 5 3
     -5.51107987956445111166e-03 	 8 5 5 4
      3.12948173987131865459e-03 	 8 5 5 5
     -7.01697168624407880896e-04 	 8 5 6 1
     -1.02449675171004117580e-03 	 8 5 6 2
     -5.60040469636276629431e-04 	 8 5 6 3
     -3.18775584608461341057e-03 	 8 5 6 4
      2.14490995810418015946e-03 	 8 5 6 5
     -7.38727877520798216840e-04 	 8 5 6 6
     -2.14017821527021751774e-04 	 8 5 7 1
     -1.05383639207521652946e-03 	 8 5 7 2
     -1.15547614010579383602e-03 	 8 5 7 3
     -4.48356116296847774516e-03 	 8 5 7 4
      9.90241611909373643102e-04 	 8 5 7 5
      1.47266475522939989905e-03 	 8 5 7 6
      7.77360646385884083986e-03 	 8 5 7 7
     -1.23289874029019921702e-03 	 8 5 8 1
     -4.16125743753183001405e-04 	 8 5 8 2
     -1.87708877209599505828e-03 	 8 5 8 3
     -4.55065978878484243136e-03 	 8 5 8 4
      8.35481965633676215699e-03 	 8 5 8 5
      2.99505967039785181774e-03 	 8 5 8 6
      3.56130016172364390753e-03 	 8 5 8 7
     -1.79877692617663210994e-02 	 8 5 8 8
     -1.14609056284528665337e-02 	 8 6 1 1
      2.28476162694847393817e-04 	 8 6 2 1
      4.38391712335618917440e-03 	 8 6 2 2
      4.01838671409138258137e-04 	 8 6 3 1
      1.89997295374358426056e-04 	 8 6 3 2
     -4.45134376343820064442e-03 	 8 6 3 3
      2.34514248083922492022e-03 	 8 6 4 1
      2.13614316114735204241e-03 	 8 6 4 2
      1.05190748089979712633e-03 	 8 6 4 3
      2.20507295810689002771e-03 	 8 6 4 4
     -5.86796460241203760716e-04 	 8 6 5 1
     -1.51680302966559089201e-03 	 8 6 5 2
     -5.74119660361926704290e-04 	 8 6 5 3
     -2.96651010639165406066e-03 	 8 6 5 4
      7.27725366537147928814e-03 	 8 6 5 5
      3.27452963647901921021e-04 	 8 6 6 1
     -3.57701171652170350475e-08 	 8 6 6 2
     -1.35679573093220370156e-03 	 8 6 6 3
     -3.24572387184425114465e-03 	 8 6 6 4
      2.14638486656534713606e-03 	 8 6 6 5
     -2.62200271035195088543e-02 	 8 6 6 6
     -7.27698325803515281250e-04 	 8 6 7 1
     -8.87613127685367474598e-04 	 8 6 7 2
     -4.20464759239253503282e-04 	 8 6 7 3
     -2.01096887810983107267e-03 	 8 6 7 4
     -2.11359562195863180016e-04 	 8 6 7 5
      1.22009949609694053410e-03 	 8 6 7 6
      7.72925539202471475336e-03 	 8 6 7 7
     -1.28727906332800528036e-03 	 8 6 8 1
     -3.84874908668416065936e-04 	 8 6 8 2
     -1.88060320650495702011e-03 	 8 6 8 3
     -3.56453567308958945911e-03 	 8 6 8 4
      2.99505967039782709793e-03 	 8 6 8 5
      3.28644343202062544015e-03 	 8 6 8 6
      1.12896951083767929820e-03 	 8 6 8 7
     -7.73461631570170754513e-03 	 8 6 8 8
      7.08118808508943157337e-03 	 8 7 1 1
     -4.13498202811594874236e-04 	 8 7 2 1
      7.58326091060488108320e-03 	 8 7 2 2
      3.20552076942691628342e-04 	 8 7 3 1
     -3.05158584762860510525e-04 	 8 7 3 2
      5.15152053024982466145e-03 	 8 7 3 3
     -3.94394915524545232322e-04 	 8 7 4 1
      1.33687253968486560729e-03 	 8 7 4 2
     -4.17667644915770130964e-04 	 8 7 4 3
      9.02471549144829958411e-03 	 8 7 4 4
     -4.83172351912063212202e-04 	 8 7 5 1
     -9.12706996445036616503e-04 	 8 7 5 2
      7.82558259120497991777e-05 	 8 7 5 3
      3.91059938653578337015e-04 	 8 7 5 4
      9.79750690814154730213e-03 	 8 7 5 5
     -6.65121075295291882927e-04 	 8 7 6 1
     -7.57754162312041542986e-04 	 8 7 6 2
     -4.22802431162784357870e-04 	 8 7 6 3
     -1.29686870440520111807e-03 	 8 7 6 4
      1.54788335792247465101e-04 	 8 7 6 5
      4.02885380833478429913e-03 	 8 7 6 6
     -6.74970207798736006148e-04 	 8 7 7 1
      8.34593365071835429541e-05 	 8 7 7 2
     -1.77507839892332018768e-03 	 8 7 7 3
     -5.20600461216602899278e-03 	 8 7 7 4
      1.10340842074491758858e-03 	 8 7 7 5
      1.88950590682169833508e-03 	 8 7 7 6
      3.70183453276962462497e-03 	 8 7 7 7
     -5.59364771123745932110e-04 	 8 7 8 1
      6.35095238662596863963e-04 	 8 7 8 2
      5.36143973302898773151e-04 	 8 7 8 3
      4.71208740734299722647e-04 	 8 7 8 4
      3.56130016172366472421e-03 	 8 7 8 5
      1.12896951083770163277e-03 	 8 7 8 6
      5.34857577687113637521e-03 	 8 7 8 7
     -3.44838953470009892260e-03 	 8 7 8 8
      1.83923616349896956734e-01 	 8 8 1 1
     -2.98296843732097491028e-03 	 8 8 2 1
      2.27572082148604137863e-01 	 8 8 2 2
      3.73968043033078207694e-04 	 8 8 3 1
     -8.74341893802990763503e-04 	 8 8 3 2
      1.44808279593826555454e-01 	 8 8 3 3
     -2.02130910927069123301e-03 	 8 8 4 1
     -6.60480655714745529955e-03 	 8 8 4 2
      2.08177817150490083314e-03 	 8 8 4 3
      2.42638716950358879210e-01 	 8 8 4 4
     -3.91859879301208625241e-03 	 8 8 5 1
      6.42187574711834251867e-03 	 8 8 5 2
     -4.89413826200043363540e-03 	 8 8 5 3
      6.55011365827723630872e-03 	 8 8 5 4
      2.01849820310171956805e-01 	 8 8 5 5
     -1.99672386877513576009e-03 	 8 8 6 1
      7.30552950250160982627e-04 	 8 8 6 2
     -2.76011299647690999670e-03 	 8 8 6 3
      2.88080895409469723775e-03 	 8 8 6 4
      4.13241813286514304837e-03 	 8 8 6 5
      1.69824021417543713497e-01 	 8 8 6 6
     -1.66206599210983949066e-03 	 8 8 7 1
      6.26993851623857106209e-03 	 8 8 7 2
      6.00234874738021870894e-04 	 8 8 7 3
      9.10207666044213388468e-03 	 8 8 7 4
      2.74675807092045415683e-03 	 8 8 7 5
      2.38830418868503970833e-04 	 8 8 7 6
      2.04874535708123917122e-01 	 8 8 7 7
      1.89745043696198001544e-03 	 8 8 8 1
      1.58424116119139824117e-03 	 8 8 8 2
      9.74580259441409912924e-03 	 8 8 8 3
      1.62285732243261753005e-02 	 8 8 8 4
     -1.79877692617662100771e-02 	 8 8 8 5
     -7.73461631570167285066e-03 	 8 8 8 6
     -3.44838953469998052773e-03 	 8 8 8 7
      3.55959057641204501543e-01 	 8 8 8 8
     -2.47666536214907173630e+00 	 1 1 0 0
      2.93638066441842017495e-02 	 1 2 0 0
     -1.78421965870805776522e-01 	 1 3 0 0
      1.87782058783979743932e-01 	 1 4 0 0
     -4.21439693556095642396e-03 	 1 5 0 0
      1.81442085275611231232e-01 	 1 6 0 0
     -4.10588445652952938048e-02 	 1 7 0 0
      1.45622711803715925577e-02 	 1 8 0 0
      2.93638066442005220280e-02 	 2 1 0 0
     -2.15589635768677467809e+00 	 2 2 0 0
      8.02668895963847515984e-03 	 2 3 0 0
      6.80983169187913406351e-02 	 2 4 0 0
     -1.25547324292204887097e-01 	 2 5 0 0
     -3.50403390613559335628e-03 	 2 6 0 0
     -1.67868695353887348309e-01 	 2 7 0 0
     -9.73890411351862883560e-02 	 2 8 0 0
     -1.78421965870791759956e-01 	 3 1 0 0
      8.02668895964001039012e-03 	 3 2 0 0
     -2.26453891308868549004e+00 	 3 3 0 0
      1.41974367149316060138e-02 	 3 4 0 0
     -4.12497947295955916247e-02 	 3 5 0 0
     -5.29262972403938408705e-02 	 3 6 0 0
      3.66387293918484738958e-03 	 3 7 0 0
     -5.84784260167687044984e-02 	 3 8 0 0
      1.87782058783978633709e-01 	 4 1 0 0
      6.80983169187807657607e-02 	 4 2 0 0
      1.41974367149416864919e-02 	 4 3 0 0
     -1.92651499993175234771e+00 	 4 4 0 0
      1.33052846085313508651e-02 	 4 5 0 0
     -1.70185656447342410769e-02 	 4 6 0 0
     -4.82785566748969163786e-02 	 4 7 0 0
      8.97568635284252819284e-02 	 4 8 0 0
     -4.21439693555743840475e-03 	 5 1 0 0
     -1.25547324292193979156e-01 	 5 2 0 0
     -4.12497947296059999656e-02 	 5 3 0 0
      1.33052846085085964972e-02 	 5 4 0 0
     -1.61330829810355780296e+00 	 5 5 0 0
      4.85461513202563518798e-02 	 5 6 0 0
      9.72426485047581112831e-02 	 5 7 0 0
      6.63111113659773654394e-02 	 5 8 0 0
      1.81442085275597214666e-01 	 6 1 0 0
     -3.50403390614343734216e-03 	 6 2 0 0
     -5.29262972403915024633e-02 	 6 3 0 0
     -1.70185656447364962174e-02 	 6 4 0 0
      4.85461513202589400873e-02 	 6 5 0 0
     -2.27515543961852584331e+00 	 6 6 0 0
      1.41310146200274572292e-02 	 6 7 0 0
      4.86725544568882215191e-02 	 6 8 0 0
     -4.10588445652931982588e-02 	 7 1 0 0
     -1.67868695353886987487e-01 	 7 2 0 0
      3.66387293917234610485e-03 	 7 3 0 0
     -4.82785566748913166912e-02 	 7 4 0 0
      9.72426485047820088337e-02 	 7 5 0 0
      1.41310146200462772442e-02 	 7 6 0 0
     -1.59961851787624476096e+00 	 7 7 0 0
     -5.27086818636814894573e-03 	 7 8 0 0
      1.45622711803677952480e-02 	 8 1 0 0
     -9.73890411351985563204e-02 	 8 2 0 0
     -5.84784260168044189854e-02 	 8 3 0 0
      8.97568635284213406367e-02 	 8 4 0 0
      6.63111113659679285437e-02 	 8 5 0 0
      4.86725544568877566132e-02 	 8 6 0 0
     -5.27086818637932576909e-03 	 8 7 0 0
     -1.77441002372013745259e+00 	 8 8 0 0
     -2.99426414682749600615e+03 	 0 0 0 0
