 # Printing electron repulsion integrals in spatial MO basis
      5.47090217713926074694e-01 	 1 1 1 1
      5.44092715580002037057e-03 	 1 1 2 1
      1.50899237324081753053e-01 	 1 1 2 2
      2.34907443835449536440e-02 	 1 1 3 1
     -4.40686097468306805375e-03 	 1 1 3 2
      3.07292273824144923644e-01 	 1 1 3 3
     -5.28011970077138254737e-03 	 1 1 4 1
      1.31532489086526771689e-03 	 1 1 4 2
     -1.22242173139082664635e-02 	 1 1 4 3
      1.88651273707452576955e-01 	 1 1 4 4
      2.34910517463520866766e-02 	 1 1 5 1
     -1.15372640926715494536e-02 	 1 1 5 2
     -1.53117770537225129229e-02 	 1 1 5 3
     -5.59784567166405309935e-03 	 1 1 5 4
      3.07295262924249523717e-01 	 1 1 5 5
      5.42747669914999449764e-03 	 1 1 6 1
     -9.72044979225309649807e-05 	 1 1 6 2
     -1.15304705676186301788e-02 	 1 1 6 3
     -6.64998411021884561212e-03 	 1 1 6 4
     -4.39818753465682794196e-03 	 1 1 6 5
      1.50907465965929354912e-01 	 1 1 6 6
      5.32054383130753719144e-03 	 1 1 7 1
      6.65618745212019288782e-03 	 1 1 7 2
      5.58932984967074053539e-03 	 1 1 7 3
      5.58755154929973553435e-03 	 1 1 7 4
      1.22229622875146340388e-02 	 1 1 7 5
     -1.33014781104974369810e-03 	 1 1 7 6
      1.88637226551725711854e-01 	 1 1 7 7
      4.82177929453734277487e-02 	 1 1 8 1
      3.93557057456417336283e-03 	 1 1 8 2
     -6.93221941612203167854e-03 	 1 1 8 3
     -5.06397838919572736193e-05 	 1 1 8 4
     -6.92944826169514423164e-03 	 1 1 8 5
      3.92766205216667132344e-03 	 1 1 8 6
      3.02503046801209697647e-05 	 1 1 8 7
      2.70565018051835359802e-01 	 1 1 8 8
      5.44092715579999521708e-03 	 2 1 1 1
      1.38649932899308084636e-03 	 2 1 2 1
      1.20366475598886885079e-03 	 2 1 2 2
      5.87397037530187969383e-04 	 2 1 3 1
     -8.35931445571586723663e-04 	 2 1 3 2
      2.81653547224306431696e-03 	 2 1 3 3
      3.54858689173194257697e-04 	 2 1 4 1
      2.87826718969977220729e-05 	 2 1 4 2
     -7.90322144250194783162e-04 	 2 1 4 3
      6.12190979627805285761e-04 	 2 1 4 4
      2.78102630390538558495e-04 	 2 1 5 1
     -1.54668495936837618356e-03 	 2 1 5 2
     -5.75591205107340588530e-04 	 2 1 5 3
     -3.80278970699133168475e-04 	 2 1 5 4
      5.91632227361084850510e-04 	 2 1 5 5
      4.61196317884321384944e-04 	 2 1 6 1
     -4.26636706159067729573e-04 	 2 1 6 2
     -1.13754123293685486043e-03 	 2 1 6 3
     -1.28988359616515274944e-03 	 2 1 6 4
     -4.91690524755527364961e-04 	 2 1 6 5
     -1.99080918178625034627e-04 	 2 1 6 6
     -5.28061421073669338445e-04 	 2 1 7 1
      1.48422955443888943475e-03 	 2 1 7 2
      5.67177523707953937064e-04 	 2 1 7 3
      2.77134553739109639435e-04 	 2 1 7 4
      1.05270746800119286909e-03 	 2 1 7 5
      2.99819136310960400200e-04 	 2 1 7 6
      2.96762711775343333148e-03 	 2 1 7 7
      4.68323703658227261798e-04 	 2 1 8 1
     -6.32180546185575915202e-04 	 2 1 8 2
     -5.40323618920079991996e-05 	 2 1 8 3
      6.00040074987531478240e-06 	 2 1 8 4
     -2.18191958852540835757e-04 	 2 1 8 5
     -7.37673851196119282052e-05 	 2 1 8 6
      2.07521993537987837087e-04 	 2 1 8 7
      3.68251471890811924587e-03 	 2 1 8 8
      1.50899237324081669787e-01 	 2 2 1 1
      1.20366475598878103041e-03 	 2 2 2 1
      3.79520480609473964684e-01 	 2 2 2 2
     -8.14000608311769846548e-03 	 2 2 3 1
     -2.18352279548522524091e-03 	 2 2 3 2
      1.27527060265112068826e-01 	 2 2 3 3
      5.58666408991713003135e-03 	 2 2 4 1
     -3.19900786488554536580e-03 	 2 2 4 2
      6.62876761445706837866e-03 	 2 2 4 3
      1.72511527494742938904e-01 	 2 2 4 4
     -9.92360947740729068545e-03 	 2 2 5 1
     -3.04643424445414073148e-03 	 2 2 5 2
      7.13205147592082828317e-03 	 2 2 5 3
      1.70879101901002367590e-03 	 2 2 5 4
      1.19238191216667566152e-01 	 2 2 5 5
     -1.87991796163194382560e-04 	 2 2 6 1
     -4.11308563927666702431e-03 	 2 2 6 2
      9.51387686013138549057e-03 	 2 2 6 3
      1.21226227613126080057e-02 	 2 2 6 4
      5.37009979439405892021e-03 	 2 2 6 5
      2.09014496991492271238e-01 	 2 2 6 6
     -6.19172188780380688966e-03 	 2 2 7 1
      6.06412622160079021333e-03 	 2 2 7 2
     -1.86451935614895605853e-03 	 2 2 7 3
     -9.47711565955978974506e-04 	 2 2 7 4
     -6.31419464061304131636e-03 	 2 2 7 5
     -2.34228756201007148191e-03 	 2 2 7 6
      2.59055313053981495219e-01 	 2 2 7 7
     -2.03556180481994954123e-02 	 2 2 8 1
      2.78449550201603302294e-03 	 2 2 8 2
      3.16221816994783884794e-03 	 2 2 8 3
     -8.32312129613566042963e-03 	 2 2 8 4
      2.50460824373489182593e-03 	 2 2 8 5
     -5.98563159931446084339e-03 	 2 2 8 6
      7.35814341787563788722e-03 	 2 2 8 7
      1.98959075618948932895e-01 	 2 2 8 8
      2.34907443835449224190e-02 	 3 1 1 1
      5.87397037530189812526e-04 	 3 1 2 1
     -8.14000608311770366965e-03 	 3 1 2 2
      7.72254858485869888352e-03 	 3 1 3 1
     -1.66686339067578619122e-03 	 3 1 3 2
      3.72784848355009190701e-02 	 3 1 3 3
     -7.58814648874057474416e-04 	 3 1 4 1
     -2.65777439523767668866e-04 	 3 1 4 2
     -3.30390209476788239765e-03 	 3 1 4 3
     -3.43274627708814407054e-03 	 3 1 4 4
      1.08638291879622410178e-03 	 3 1 5 1
     -2.00007863022008723977e-03 	 3 1 5 2
     -2.76574347417516200331e-03 	 3 1 5 3
     -6.24322981438964999708e-04 	 3 1 5 4
      7.56189580397078134344e-03 	 3 1 5 5
      2.75931196554867255982e-04 	 3 1 6 1
     -7.42517036753153301942e-04 	 3 1 6 2
     -3.46927472511578084344e-03 	 3 1 6 3
     -1.76850048212885560886e-03 	 3 1 6 4
     -7.89707649088590662827e-04 	 3 1 6 5
     -9.91959386156198753837e-03 	 3 1 6 6
      1.17861931599144926022e-03 	 3 1 7 1
      2.50837869144895052320e-03 	 3 1 7 2
      1.20512225073628772946e-03 	 3 1 7 3
      7.13740286847141559845e-04 	 3 1 7 4
      1.74961594054313484929e-03 	 3 1 7 5
      3.08942803236398114402e-04 	 3 1 7 6
      1.09243331849712826953e-03 	 3 1 7 7
      5.01180335663334742408e-03 	 3 1 8 1
      9.62649141215231882521e-04 	 3 1 8 2
     -9.88454417048686105607e-04 	 3 1 8 3
      1.12053003505270293468e-03 	 3 1 8 4
     -1.09676660037521752668e-03 	 3 1 8 5
      4.87289640060528466380e-04 	 3 1 8 6
     -5.83615488931091904064e-04 	 3 1 8 7
      2.02774064707022909360e-03 	 3 1 8 8
     -4.40686097468306458430e-03 	 3 2 1 1
     -8.35931445571595072019e-04 	 3 2 2 1
     -2.18352279548522871036e-03 	 3 2 2 2
     -1.66686339067578554070e-03 	 3 2 3 1
      1.85457821471982759430e-03 	 3 2 3 2
     -1.65302186328059978748e-02 	 3 2 3 3
     -1.86395863117578988819e-04 	 3 2 4 1
      8.40252867056485519895e-04 	 3 2 4 2
      1.98138720469451853207e-03 	 3 2 4 3
      1.68286316636609986977e-03 	 3 2 4 4
     -7.91272001227696854427e-04 	 3 2 5 1
      2.46747381741475391506e-03 	 3 2 5 2
      1.37118565749378730489e-03 	 3 2 5 3
      6.43993953172931356786e-04 	 3 2 5 4
     -1.34758010626755586787e-03 	 3 2 5 5
     -4.92132442867241411306e-04 	 3 2 6 1
      1.70889514801890072745e-03 	 3 2 6 2
      2.34442192297568520812e-03 	 3 2 6 3
      1.66868901092654363383e-03 	 3 2 6 4
      8.42149051006041340223e-04 	 3 2 6 5
      5.37648475016561187140e-03 	 3 2 6 6
      2.44699406070760048376e-04 	 3 2 7 1
     -2.91443135574032379659e-03 	 3 2 7 2
     -8.39592802205080908015e-04 	 3 2 7 3
     -5.91030151449828465397e-04 	 3 2 7 4
     -1.46119704950429109107e-03 	 3 2 7 5
     -6.25940861252110495976e-04 	 3 2 7 6
     -3.34339827725071937412e-03 	 3 2 7 7
     -1.46559947714402149729e-03 	 3 2 8 1
     -5.69628718140487914738e-04 	 3 2 8 2
      4.27112227495930242300e-04 	 3 2 8 3
     -3.04604363102065219503e-04 	 3 2 8 4
      3.22447147466747429268e-04 	 3 2 8 5
     -2.03665428831314488951e-04 	 3 2 8 6
      3.46514313519418674751e-04 	 3 2 8 7
     -1.82874398653506422228e-03 	 3 2 8 8
      3.07292273824144979155e-01 	 3 3 1 1
      2.81653547224306822008e-03 	 3 3 2 1
      1.27527060265112068826e-01 	 3 3 2 2
      3.72784848355009329479e-02 	 3 3 3 1
     -1.65302186328060013443e-02 	 3 3 3 2
      6.55687867491164699807e-01 	 3 3 3 3
     -3.48861382562076294614e-03 	 3 3 4 1
      1.65064610519965538141e-03 	 3 3 4 2
     -2.90973746547576669896e-02 	 3 3 4 3
      1.41216054696966603066e-01 	 3 3 4 4
      7.56009268802452973762e-03 	 3 3 5 1
     -6.21424665635481304066e-03 	 3 3 5 2
     -2.04626201107160343717e-02 	 3 3 5 3
     -2.02808827540031447190e-03 	 3 3 5 4
      2.04507809776231036514e-01 	 3 3 5 5
      5.84891641063189980480e-04 	 3 3 6 1
      2.17911612413276091276e-04 	 3 3 6 2
     -2.95486565758958756589e-02 	 3 3 6 3
     -8.48364186048674293918e-04 	 3 3 6 4
     -1.34341880165910311853e-03 	 3 3 6 5
      1.19231890116390890078e-01 	 3 3 6 6
      4.57586130092665910318e-03 	 3 3 7 1
      7.66968940598698398214e-03 	 3 3 7 2
      8.01298744142817272185e-03 	 3 3 7 3
      4.13039454313370024696e-03 	 3 3 7 4
      7.26592684419616764019e-03 	 3 3 7 5
     -3.95751489475423313697e-04 	 3 3 7 6
      1.73224142995600266515e-01 	 3 3 7 7
      2.49964766254777356891e-02 	 3 3 8 1
      3.94604316685576855805e-03 	 3 3 8 2
     -8.19101170920253848773e-03 	 3 3 8 3
      2.57893085680008325028e-03 	 3 3 8 4
     -5.15156282352512758654e-03 	 3 3 8 5
      2.37245779642724068798e-03 	 3 3 8 6
      6.41293209186694361697e-04 	 3 3 8 7
      1.92326362809796036490e-01 	 3 3 8 8
     -5.28011970077136346541e-03 	 4 1 1 1
      3.54858689173190788250e-04 	 4 1 2 1
      5.58666408991711355148e-03 	 4 1 2 2
     -7.58814648874058016517e-04 	 4 1 3 1
     -1.86395863117578636453e-04 	 4 1 3 2
     -3.48861382562075774197e-03 	 4 1 3 3
      1.72001697055860222965e-03 	 4 1 4 1
     -1.30235776327343178967e-04 	 4 1 4 2
     -5.76097870673158811428e-04 	 4 1 4 3
      5.70331267267245537594e-03 	 4 1 4 4
     -1.17355590524129724077e-03 	 4 1 5 1
     -4.47529630767315661846e-04 	 4 1 5 2
      2.48612855732363330786e-04 	 4 1 5 3
     -3.37462634921945926758e-04 	 4 1 5 4
     -4.55405156549337428173e-03 	 4 1 5 5
      5.30676448470801726855e-04 	 4 1 6 1
     -1.06031941336690076422e-04 	 4 1 6 2
     -6.88635181177166743813e-04 	 4 1 6 3
     -9.19360565425708133047e-04 	 4 1 6 4
     -2.46429925951250456632e-04 	 4 1 6 5
      6.18673701988086636311e-03 	 4 1 6 6
     -1.11209949189315713929e-03 	 4 1 7 1
      1.05273209386292786356e-03 	 4 1 7 2
      2.43826768548004255838e-04 	 4 1 7 3
      4.65194624545207900137e-05 	 4 1 7 4
      2.00300227341679380061e-04 	 4 1 7 5
     -1.73222831065838484422e-05 	 4 1 7 6
      4.24837951237341197169e-03 	 4 1 7 7
     -2.14367097691531326500e-03 	 4 1 8 1
     -2.41006360300702809430e-04 	 4 1 8 2
      2.24563410155846756916e-04 	 4 1 8 3
     -1.06327062317475989905e-03 	 4 1 8 4
      3.05915251278807902129e-04 	 4 1 8 5
     -4.83723695272667486220e-04 	 4 1 8 6
      8.51897785739032871628e-04 	 4 1 8 7
      6.58250777883976484484e-03 	 4 1 8 8
      1.31532489086527118634e-03 	 4 2 1 1
      2.87826718969732394326e-05 	 4 2 2 1
     -3.19900786488559176965e-03 	 4 2 2 2
     -2.65777439523761488914e-04 	 4 2 3 1
      8.40252867056495169294e-04 	 4 2 3 2
      1.65064610519965299616e-03 	 4 2 3 3
     -1.30235776327342555551e-04 	 4 2 4 1
      1.45858903643919599752e-03 	 4 2 4 2
      7.14252371884977854503e-04 	 4 2 4 3
     -4.11336160220475248461e-03 	 4 2 4 4
     -3.12159282678829675360e-04 	 4 2 5 1
      9.72859329102365114755e-04 	 4 2 5 2
      4.04028270972695902671e-04 	 4 2 5 3
      4.64002965201301947190e-04 	 4 2 5 4
      3.88927026199438518120e-04 	 4 2 5 5
     -3.02767857186239859081e-04 	 4 2 6 1
      1.68850793853446228508e-03 	 4 2 6 2
      5.76153262589822971057e-04 	 4 2 6 3
      4.85715677578503729050e-04 	 4 2 6 4
      6.29470751023776834907e-04 	 4 2 6 5
      2.33958620918299454658e-03 	 4 2 6 6
     -1.43504970429398535047e-05 	 4 2 7 1
     -1.22088591894401019174e-03 	 4 2 7 2
     -3.44793052416417754053e-04 	 4 2 7 3
     -5.80845862142008364376e-04 	 4 2 7 4
     -3.06178564620408094100e-04 	 4 2 7 5
     -5.86589292791051594017e-04 	 4 2 7 6
     -3.26306739311667606818e-04 	 4 2 7 7
     -5.55788071605547214643e-04 	 4 2 8 1
     -6.26967489471068795300e-04 	 4 2 8 2
      1.41565028070974354953e-04 	 4 2 8 3
     -3.06555800464757000068e-04 	 4 2 8 4
      6.04515324211335561841e-05 	 4 2 8 5
     -1.83481562497686518471e-04 	 4 2 8 6
      5.90870517591866460834e-04 	 4 2 8 7
      1.09185436789774044201e-03 	 4 2 8 8
     -1.22242173139082751371e-02 	 4 3 1 1
     -7.90322144250201396795e-04 	 4 3 2 1
      6.62876761445706751130e-03 	 4 3 2 2
     -3.30390209476788022924e-03 	 4 3 3 1
      1.98138720469452070047e-03 	 4 3 3 2
     -2.90973746547576600507e-02 	 4 3 3 3
     -5.76097870673158594587e-04 	 4 3 4 1
      7.14252371884981649211e-04 	 4 3 4 2
      4.67986669215355276241e-03 	 4 3 4 3
     -1.07264727721913880054e-02 	 4 3 4 4
     -1.74985176963167107789e-03 	 4 3 5 1
      3.12608386112749525240e-03 	 4 3 5 2
      2.46794621143505516978e-03 	 4 3 5 3
      1.13026030953794812649e-03 	 4 3 5 4
     -7.26714322266172867842e-03 	 4 3 5 5
     -1.05191336153930741285e-03 	 4 3 6 1
      1.25677420957593993442e-03 	 4 3 6 2
      4.88475540669938007587e-03 	 4 3 6 3
      4.20164836504939749606e-03 	 4 3 6 4
      1.45800963646504897799e-03 	 4 3 6 5
      6.30917996504663965152e-03 	 4 3 6 6
      1.95532829285873692785e-04 	 4 3 7 1
     -3.81127842383748895172e-03 	 4 3 7 2
     -1.21180619232379312676e-03 	 4 3 7 3
     -9.79416387110073477507e-04 	 4 3 7 4
     -2.55459177545027489240e-03 	 4 3 7 5
     -2.98394315585991966571e-04 	 4 3 7 6
     -1.83228940997787019540e-03 	 4 3 7 7
     -3.46800479167358802202e-03 	 4 3 8 1
     -7.70224870417210330346e-04 	 4 3 8 2
      9.91964736471044866012e-04 	 4 3 8 3
     -5.33781763213456834048e-04 	 4 3 8 4
      7.35227965982939552468e-04 	 4 3 8 5
     -8.71648437825056090177e-04 	 4 3 8 6
      5.44823451747757851564e-04 	 4 3 8 7
     -7.67400053194740479345e-03 	 4 3 8 8
      1.88651273707452438178e-01 	 4 4 1 1
      6.12190979627839871810e-04 	 4 4 2 1
      1.72511527494743022171e-01 	 4 4 2 2
     -3.43274627708817659660e-03 	 4 4 3 1
      1.68286316636608902775e-03 	 4 4 3 2
      1.41216054696966492044e-01 	 4 4 3 3
      5.70331267267244149816e-03 	 4 4 4 1
     -4.11336160220475855614e-03 	 4 4 4 2
     -1.07264727721913706582e-02 	 4 4 4 3
      4.13879651469865494917e-01 	 4 4 4 4
      1.09567592987254523035e-03 	 4 4 5 1
     -3.28939597554797136855e-04 	 4 4 5 2
      4.19371524866252057360e-04 	 4 4 5 3
     -1.49559281044483755735e-03 	 4 4 5 4
      1.73245744736365225869e-01 	 4 4 5 5
      2.96412344146691980953e-03 	 4 4 6 1
     -3.50972499925944264251e-03 	 4 4 6 2
     -5.55156880646310094130e-03 	 4 4 6 3
     -1.72527812711073848251e-02 	 4 4 6 4
     -3.33156878598156762014e-03 	 4 4 6 5
      2.59081826056492048327e-01 	 4 4 6 6
     -4.25046796459616939290e-03 	 4 4 7 1
     -1.91951645078263042482e-03 	 4 4 7 2
      5.80324791566911852951e-04 	 4 4 7 3
      8.25396246156165705465e-03 	 4 4 7 4
      1.83609700922594213518e-03 	 4 4 7 5
      3.03133414245519423706e-04 	 4 4 7 6
      1.80003472375664552718e-01 	 4 4 7 7
      2.79332790691237762420e-03 	 4 4 8 1
     -8.18212293894079773122e-04 	 4 4 8 2
     -2.74373296912857602900e-03 	 4 4 8 3
     -4.96066339329157262455e-03 	 4 4 8 4
     -1.52856262997646380995e-03 	 4 4 8 5
      6.95771554381136633077e-03 	 4 4 8 6
      2.46785665100193035704e-04 	 4 4 8 7
      2.61638096317106327859e-01 	 4 4 8 8
      2.34910517463521421877e-02 	 5 1 1 1
      2.78102630390545660019e-04 	 5 1 2 1
     -9.92360947740728374655e-03 	 5 1 2 2
      1.08638291879622345126e-03 	 5 1 3 1
     -7.91272001227698589150e-04 	 5 1 3 2
      7.56009268802453060498e-03 	 5 1 3 3
     -1.17355590524129615657e-03 	 5 1 4 1
     -3.12159282678827723796e-04 	 5 1 4 2
     -1.74985176963166327163e-03 	 5 1 4 3
      1.09567592987248885184e-03 	 5 1 4 4
      7.72329878194920240592e-03 	 5 1 5 1
     -3.47065423447189165540e-03 	 5 1 5 2
     -2.76537947070053203788e-03 	 5 1 5 3
     -1.20797057177996912565e-03 	 5 1 5 4
      3.72799593248386573752e-02 	 5 1 5 5
      5.84696573516006279196e-04 	 5 1 6 1
     -7.42369077379445943023e-04 	 5 1 6 2
     -1.99759183074867466279e-03 	 5 1 6 3
     -2.50628157818005630961e-03 	 5 1 6 4
     -1.66376612032702775497e-03 	 5 1 6 5
     -8.13701441008586254244e-03 	 5 1 6 6
      7.64316139499329858138e-04 	 5 1 7 1
      1.76833266180725793074e-03 	 5 1 7 2
      6.22743622686394780567e-04 	 5 1 7 3
      7.14289729798555576672e-04 	 5 1 7 4
      3.30285797179262919504e-03 	 5 1 7 5
      2.62707581955686809982e-04 	 5 1 7 6
     -3.43480226442250281133e-03 	 5 1 7 7
      5.01220829783068349411e-03 	 5 1 8 1
      4.87407437482789609312e-04 	 5 1 8 2
     -1.09698051797976086665e-03 	 5 1 8 3
      5.78844391268304773145e-04 	 5 1 8 4
     -9.87735768215923168323e-04 	 5 1 8 5
      9.62697647716472676427e-04 	 5 1 8 6
     -1.12458613756625950067e-03 	 5 1 8 7
      2.02703710262875638412e-03 	 5 1 8 8
     -1.15372640926715112897e-02 	 5 2 1 1
     -1.54668495936838268877e-03 	 5 2 2 1
     -3.04643424445413465995e-03 	 5 2 2 2
     -2.00007863022009417867e-03 	 5 2 3 1
      2.46747381741474697617e-03 	 5 2 3 2
     -6.21424665635480957121e-03 	 5 2 3 3
     -4.47529630767315011325e-04 	 5 2 4 1
      9.72859329102361536888e-04 	 5 2 4 2
      3.12608386112749742081e-03 	 5 2 4 3
     -3.28939597554810689382e-04 	 5 2 4 4
     -3.47065423447189729325e-03 	 5 2 5 1
      7.20616769266636467139e-03 	 5 2 5 2
      2.79804335895472320803e-03 	 5 2 5 3
      1.48434800153687124213e-03 	 5 2 5 4
     -2.95615123583542992181e-02 	 5 2 5 5
     -1.13757210994105853290e-03 	 5 2 6 1
      2.63563141277367574133e-03 	 5 2 6 2
      3.91862381795002150120e-03 	 5 2 6 3
      4.80466644184266659240e-03 	 5 2 6 4
      2.34101719119075325770e-03 	 5 2 6 5
      9.51743734890002357485e-03 	 5 2 6 6
      6.83721299310630298632e-04 	 5 2 7 1
     -6.93080386072699762556e-03 	 5 2 7 2
     -1.30815457101219625134e-03 	 5 2 7 3
     -7.73304926898474472019e-04 	 5 2 7 4
     -4.88840941150897601020e-03 	 5 2 7 5
     -5.65590454159899504519e-04 	 5 2 7 6
     -5.56173696489878268551e-03 	 5 2 7 7
     -3.61233740030402665847e-03 	 5 2 8 1
     -1.36104929147007965191e-03 	 5 2 8 2
      7.47378505967350196745e-04 	 5 2 8 3
     -4.29456556142251977271e-04 	 5 2 8 4
      9.41157833920808141633e-04 	 5 2 8 5
     -7.01445138728617762630e-04 	 5 2 8 6
      8.48088201876437105045e-04 	 5 2 8 7
     -5.94418259237511695248e-03 	 5 2 8 8
     -1.53117770537225111882e-02 	 5 3 1 1
     -5.75591205107345142179e-04 	 5 3 2 1
      7.13205147592082568109e-03 	 5 3 2 2
     -2.76574347417515983491e-03 	 5 3 3 1
      1.37118565749378882278e-03 	 5 3 3 2
     -2.04626201107160517190e-02 	 5 3 3 3
      2.48612855732363927097e-04 	 5 3 4 1
      4.04028270972694926889e-04 	 5 3 4 2
      2.46794621143505170033e-03 	 5 3 4 3
      4.19371524866259917826e-04 	 5 3 4 4
     -2.76537947070053767573e-03 	 5 3 5 1
      2.79804335895472017226e-03 	 5 3 5 2
      2.43931897285675717418e-03 	 5 3 5 3
      9.51454390066016936385e-04 	 5 3 5 4
     -2.04625380924339725364e-02 	 5 3 5 5
     -5.74049143934422193697e-04 	 5 3 6 1
      8.69206281858247542353e-04 	 5 3 6 2
      2.79582277585330336855e-03 	 5 3 6 3
      2.29265673186661777735e-03 	 5 3 6 4
      1.36861430730562277404e-03 	 5 3 6 5
      7.12640563334524142214e-03 	 5 3 6 6
     -2.52421009719310711697e-04 	 5 3 7 1
     -2.29418299916629361834e-03 	 5 3 7 2
     -9.49486221295504743967e-04 	 5 3 7 3
     -7.50485751103754776016e-04 	 5 3 7 4
     -2.46700452138112107450e-03 	 5 3 7 5
     -3.99849023179969580936e-04 	 5 3 7 6
      4.24177265850160219521e-04 	 5 3 7 7
     -3.78733101803017079001e-03 	 5 3 8 1
     -5.44753412862555267022e-04 	 5 3 8 2
      7.98818864400540262424e-04 	 5 3 8 3
     -5.41406423718731677833e-04 	 5 3 8 4
      7.98607762400197775630e-04 	 5 3 8 5
     -5.43881905743568111293e-04 	 5 3 8 6
      5.45191018889116065828e-04 	 5 3 8 7
     -3.35375561038209982906e-03 	 5 3 8 8
     -5.59784567166404355837e-03 	 5 4 1 1
     -3.80278970699141462622e-04 	 5 4 2 1
      1.70879101901001326756e-03 	 5 4 2 2
     -6.24322981438962614463e-04 	 5 4 3 1
      6.43993953172935693595e-04 	 5 4 3 2
     -2.02808827540031880871e-03 	 5 4 3 3
     -3.37462634921949233575e-04 	 5 4 4 1
      4.64002965201300862988e-04 	 5 4 4 2
      1.13026030953794682544e-03 	 5 4 4 3
     -1.49559281044484189416e-03 	 5 4 4 4
     -1.20797057177997020985e-03 	 5 4 5 1
      1.48434800153687341054e-03 	 5 4 5 2
      9.51454390066016827965e-04 	 5 4 5 3
      7.87040425757332086018e-04 	 5 4 5 4
     -8.04055059669530648725e-03 	 5 4 5 5
     -5.67381856526439666555e-04 	 5 4 6 1
      6.78892268063774036516e-04 	 5 4 6 2
      1.30896606667007500864e-03 	 5 4 6 3
      1.50372119867822726276e-03 	 5 4 6 4
      8.39876466854071928106e-04 	 5 4 6 5
      1.86363279058412295575e-03 	 5 4 6 6
      2.42554497913974776054e-04 	 5 4 7 1
     -1.33167234650160312519e-03 	 5 4 7 2
     -5.45522999568228642714e-04 	 5 4 7 3
     -4.98711495874775583882e-04 	 5 4 7 4
     -1.21467712764156132721e-03 	 5 4 7 5
     -3.41990655350816335784e-04 	 5 4 7 6
     -5.76849826869917960137e-04 	 5 4 7 7
     -1.14398968245459152319e-03 	 5 4 8 1
     -1.87492250874465366710e-04 	 5 4 8 2
      2.80249758063631391677e-04 	 5 4 8 3
      3.47726793941057465344e-06 	 5 4 8 4
      2.22906521878848848340e-04 	 5 4 8 5
     -1.38509611424441334872e-04 	 5 4 8 6
      1.20518182659164351423e-04 	 5 4 8 7
     -3.35471081366843938004e-03 	 5 4 8 8
      3.07295262924249690251e-01 	 5 5 1 1
      5.91632227361074008488e-04 	 5 5 2 1
      1.19238191216667718808e-01 	 5 5 2 2
      7.56189580397076312884e-03 	 5 5 3 1
     -1.34758010626755586787e-03 	 5 5 3 2
      2.04507809776231147536e-01 	 5 5 3 3
     -4.55405156549335173033e-03 	 5 5 4 1
      3.88927026199424477702e-04 	 5 5 4 2
     -7.26714322266174255621e-03 	 5 5 4 3
      1.73245744736365309135e-01 	 5 5 4 4
      3.72799593248385810473e-02 	 5 5 5 1
     -2.95615123583543026875e-02 	 5 5 5 2
     -2.04625380924339655975e-02 	 5 5 5 3
     -8.04055059669526311916e-03 	 5 5 5 4
      6.55669904754292431903e-01 	 5 5 5 5
      2.80883937958404002189e-03 	 5 5 6 1
      2.17543673284033588005e-04 	 5 5 6 2
     -6.20903196177960501473e-03 	 5 5 6 3
     -7.66374560062108804021e-03 	 5 5 6 4
     -1.65072487457974467762e-02 	 5 5 6 5
      1.27535482956354750961e-01 	 5 5 6 6
      3.50964311357829109386e-03 	 5 5 7 1
      8.48990684698511200931e-04 	 5 5 7 2
      2.02371318246376058134e-03 	 5 5 7 3
      4.13037625030930957704e-03 	 5 5 7 4
      2.90853496554844374866e-02 	 5 5 7 5
     -1.65750280511382601899e-03 	 5 5 7 6
      1.41212170841806927690e-01 	 5 5 7 7
      2.49968516093244039200e-02 	 5 5 8 1
      2.37423706886240055286e-03 	 5 5 8 2
     -5.15205647542947477863e-03 	 5 5 8 3
     -6.63481611543951382837e-04 	 5 5 8 4
     -8.18333831034934351678e-03 	 5 5 8 5
      3.94326291050147402506e-03 	 5 5 8 6
     -2.59096302710076732342e-03 	 5 5 8 7
      1.92331991380656791568e-01 	 5 5 8 8
      5.42747669914999796709e-03 	 6 1 1 1
      4.61196317884336075884e-04 	 6 1 2 1
     -1.87991796163153128667e-04 	 6 1 2 2
      2.75931196554859558146e-04 	 6 1 3 1
     -4.92132442867233279790e-04 	 6 1 3 2
      5.84891641063186836294e-04 	 6 1 3 3
      5.30676448470790451152e-04 	 6 1 4 1
     -3.02767857186229992841e-04 	 6 1 4 2
     -1.05191336153929808871e-03 	 6 1 4 3
      2.96412344146683741017e-03 	 6 1 4 4
      5.84696573515997171898e-04 	 6 1 5 1
     -1.13757210994104877508e-03 	 6 1 5 2
     -5.74049143934414170601e-04 	 6 1 5 3
     -5.67381856526433486602e-04 	 6 1 5 4
      2.80883937958403655244e-03 	 6 1 5 5
      1.38622340381013811790e-03 	 6 1 6 1
     -4.25336629814628626629e-04 	 6 1 6 2
     -1.54272874403821357372e-03 	 6 1 6 3
     -1.48001213963963942910e-03 	 6 1 6 4
     -8.33074189791983073412e-04 	 6 1 6 5
      1.20518270217980969471e-03 	 6 1 6 6
     -3.55430288332118872376e-04 	 6 1 7 1
      1.28974660188855227115e-03 	 6 1 7 2
      3.79108178374903460363e-04 	 6 1 7 3
      2.75643249667552423399e-04 	 6 1 7 4
      7.88839958884840074423e-04 	 6 1 7 5
     -3.47558946711016365696e-05 	 6 1 7 6
      6.16552668119528263918e-04 	 6 1 7 7
      4.61136256956394758114e-04 	 6 1 8 1
     -7.35695676913829293064e-05 	 6 1 8 2
     -2.17020166346159238020e-04 	 6 1 8 3
     -2.10907507326008817738e-04 	 6 1 8 4
     -5.25853864366861636502e-05 	 6 1 8 5
     -6.35626048469739753088e-04 	 6 1 8 6
     -5.08398993724071847345e-06 	 6 1 8 7
      3.68272561004606658816e-03 	 6 1 8 8
     -9.72044979225529607323e-05 	 6 2 1 1
     -4.26636706159070440078e-04 	 6 2 2 1
     -4.11308563927668697363e-03 	 6 2 2 2
     -7.42517036753155253506e-04 	 6 2 3 1
      1.70889514801890419690e-03 	 6 2 3 2
      2.17911612413267092398e-04 	 6 2 3 3
     -1.06031941336693139293e-04 	 6 2 4 1
      1.68850793853447356078e-03 	 6 2 4 2
      1.25677420957594297019e-03 	 6 2 4 3
     -3.50972499925946996441e-03 	 6 2 4 4
     -7.42369077379454399800e-04 	 6 2 5 1
      2.63563141277368224655e-03 	 6 2 5 2
      8.69206281858249927598e-04 	 6 2 5 3
      6.78892268063774361776e-04 	 6 2 5 4
      2.17543673284049037886e-04 	 6 2 5 5
     -4.25336629814655460633e-04 	 6 2 6 1
      4.77787306817662425773e-03 	 6 2 6 2
      2.63270134023238294371e-03 	 6 2 6 3
      3.15663739371625133925e-03 	 6 2 6 4
      1.70579609676902192381e-03 	 6 2 6 5
     -4.11518310764241550259e-03 	 6 2 6 6
      1.03512114044895144472e-04 	 6 2 7 1
     -3.15869073506554664740e-03 	 6 2 7 2
     -6.77931031538923272242e-04 	 6 2 7 3
     -8.39313113342904674671e-04 	 6 2 7 4
     -1.25529799474501102541e-03 	 6 2 7 5
     -1.68239571861810918718e-03 	 6 2 7 6
     -3.51104416163440426896e-03 	 6 2 7 7
     -1.80387440575779174796e-03 	 6 2 8 1
     -1.44179508036388248811e-03 	 6 2 8 2
      3.11232936735693452735e-04 	 6 2 8 3
     -7.38957755054732326298e-04 	 6 2 8 4
      3.11740357818580883682e-04 	 6 2 8 5
     -1.44035594093829314409e-03 	 6 2 8 6
      7.41716523855741566122e-04 	 6 2 8 7
     -1.60907065650286594700e-03 	 6 2 8 8
     -1.15304705676186180358e-02 	 6 3 1 1
     -1.13754123293686418457e-03 	 6 3 2 1
      9.51387686013135773500e-03 	 6 3 2 2
     -3.46927472511578171080e-03 	 6 3 3 1
      2.34442192297568390708e-03 	 6 3 3 2
     -2.95486565758959415784e-02 	 6 3 3 3
     -6.88635181177167936435e-04 	 6 3 4 1
      5.76153262589818417408e-04 	 6 3 4 2
      4.88475540669937660643e-03 	 6 3 4 3
     -5.55156880646306104266e-03 	 6 3 4 4
     -1.99759183074867032598e-03 	 6 3 5 1
      3.91862381795001889911e-03 	 6 3 5 2
      2.79582277585329946543e-03 	 6 3 5 3
      1.30896606667007240656e-03 	 6 3 5 4
     -6.20903196177963277030e-03 	 6 3 5 5
     -1.54272874403821097164e-03 	 6 3 6 1
      2.63270134023236689752e-03 	 6 3 6 2
      7.19057923762228372311e-03 	 6 3 6 3
      6.91438776678766735262e-03 	 6 3 6 4
      2.45802249636741399624e-03 	 6 3 6 5
     -3.03920184863778249790e-03 	 6 3 6 6
      4.41608627485597028846e-04 	 6 3 7 1
     -4.80367190349176298447e-03 	 6 3 7 2
     -1.47935086997993459935e-03 	 6 3 7 3
     -7.72657031230378362439e-04 	 6 3 7 4
     -3.12191386536982964581e-03 	 6 3 7 5
     -9.57524965472536840859e-04 	 6 3 7 6
     -3.26521135869710528964e-04 	 6 3 7 7
     -3.60949996903480157390e-03 	 6 3 8 1
     -7.05033548772598744024e-04 	 6 3 8 2
      9.41476127041456899852e-04 	 6 3 8 3
     -8.39981890751302640030e-04 	 6 3 8 4
      7.46502969213174360705e-04 	 6 3 8 5
     -1.35398249076448709376e-03 	 6 3 8 6
      4.35760960980297875570e-04 	 6 3 8 7
     -5.93604539904119422183e-03 	 6 3 8 8
     -6.64998411021890806216e-03 	 6 4 1 1
     -1.28988359616516077254e-03 	 6 4 2 1
      1.21226227613126028015e-02 	 6 4 2 2
     -1.76850048212882915433e-03 	 6 4 3 1
      1.66868901092653908018e-03 	 6 4 3 2
     -8.48364186048723408276e-04 	 6 4 3 3
     -9.19360565425732419176e-04 	 6 4 4 1
      4.85715677578514787912e-04 	 6 4 4 2
      4.20164836504940703704e-03 	 6 4 4 3
     -1.72527812711072460472e-02 	 6 4 4 4
     -2.50628157818005630961e-03 	 6 4 5 1
      4.80466644184265358197e-03 	 6 4 5 2
      2.29265673186661387423e-03 	 6 4 5 3
      1.50372119867823203325e-03 	 6 4 5 4
     -7.66374560062114008191e-03 	 6 4 5 5
     -1.48001213963960538515e-03 	 6 4 6 1
      3.15663739371626304864e-03 	 6 4 6 2
      6.91438776678765087275e-03 	 6 4 6 3
      1.41351540083115862628e-02 	 6 4 6 4
      2.90342927479118450423e-03 	 6 4 6 5
     -6.06117411910092346999e-03 	 6 4 6 6
      1.04589416035628674645e-03 	 6 4 7 1
     -5.56921184265481671039e-03 	 6 4 7 2
     -1.32817976093358857022e-03 	 6 4 7 3
     -1.07312276547970081482e-03 	 6 4 7 4
     -3.80716242501091817196e-03 	 6 4 7 5
     -1.20242524361037104660e-03 	 6 4 7 6
      1.92279872810741667491e-03 	 6 4 7 7
     -3.82502054104738543547e-03 	 6 4 8 1
     -6.19606948046898448924e-04 	 6 4 8 2
      7.97006060241435380920e-04 	 6 4 8 3
     -1.33781167178130685428e-04 	 6 4 8 4
      7.54293510841287195672e-04 	 6 4 8 5
     -2.03657684943161490163e-03 	 6 4 8 6
      1.02781608874477885934e-03 	 6 4 8 7
     -1.00106230977177329544e-02 	 6 4 8 8
     -4.39818753465682620724e-03 	 6 5 1 1
     -4.91690524755536580680e-04 	 6 5 2 1
      5.37009979439402682783e-03 	 6 5 2 2
     -7.89707649088584374454e-04 	 6 5 3 1
      8.42149051006037328675e-04 	 6 5 3 2
     -1.34341880165910897323e-03 	 6 5 3 3
     -2.46429925951243571948e-04 	 6 5 4 1
      6.29470751023775317023e-04 	 6 5 4 2
      1.45800963646504420750e-03 	 6 5 4 3
     -3.33156878598154159929e-03 	 6 5 4 4
     -1.66376612032702276764e-03 	 6 5 5 1
      2.34101719119075022194e-03 	 6 5 5 2
      1.36861430730561713619e-03 	 6 5 5 3
      8.39876466854067591297e-04 	 6 5 5 4
     -1.65072487457974433067e-02 	 6 5 5 5
     -8.33074189791991747030e-04 	 6 5 6 1
      1.70579609676900804602e-03 	 6 5 6 2
      2.45802249636742180250e-03 	 6 5 6 3
      2.90342927479120792300e-03 	 6 5 6 4
      1.84787940662440100525e-03 	 6 5 6 5
     -2.17554411784327567797e-03 	 6 5 6 6
      1.83896419729134358778e-04 	 6 5 7 1
     -1.66436427799742346634e-03 	 6 5 7 2
     -6.41732634555166442901e-04 	 6 5 7 3
     -5.90152578182868156956e-04 	 6 5 7 4
     -1.97624679626190935186e-03 	 6 5 7 5
     -8.33236314080335093227e-04 	 6 5 7 6
      1.68129617147640087957e-03 	 6 5 7 7
     -1.46183598099415817256e-03 	 6 5 8 1
     -2.03821553545535498215e-04 	 6 5 8 2
      3.21764037902492821500e-04 	 6 5 8 3
     -3.42635617701116047991e-04 	 6 5 8 4
      4.25908369003098221089e-04 	 6 5 8 5
     -5.66031646104690083256e-04 	 6 5 8 6
      3.05785197397295978577e-04 	 6 5 8 7
     -1.82150351183193049548e-03 	 6 5 8 8
      1.50907465965929549201e-01 	 6 6 1 1
     -1.99080918178574836066e-04 	 6 6 2 1
      2.09014496991492382261e-01 	 6 6 2 2
     -9.91959386156204131479e-03 	 6 6 3 1
      5.37648475016559452416e-03 	 6 6 3 2
      1.19231890116390987222e-01 	 6 6 3 3
      6.18673701988089411868e-03 	 6 6 4 1
      2.33958620918295985211e-03 	 6 6 4 2
      6.30917996504661363066e-03 	 6 6 4 3
      2.59081826056491604238e-01 	 6 6 4 4
     -8.13701441008589376747e-03 	 6 6 5 1
      9.51743734890006694294e-03 	 6 6 5 2
      7.12640563334525443256e-03 	 6 6 5 3
      1.86363279058413206304e-03 	 6 6 5 4
      1.27535482956354945250e-01 	 6 6 5 5
      1.20518270217974138997e-03 	 6 6 6 1
     -4.11518310764241897204e-03 	 6 6 6 2
     -3.03920184863770096589e-03 	 6 6 6 3
     -6.06117411910086448940e-03 	 6 6 6 4
     -2.17554411784324228454e-03 	 6 6 6 5
      3.79622648771257564793e-01 	 6 6 6 6
     -5.61183760242346153790e-03 	 6 6 7 1
     -1.21208785796819012992e-02 	 6 6 7 2
     -1.69287803948366317487e-03 	 6 6 7 3
     -9.33109104393613111687e-04 	 6 6 7 4
     -6.61934885495077222906e-03 	 6 6 7 5
      3.18173460676333128352e-03 	 6 6 7 6
      1.72528244439984101977e-01 	 6 6 7 7
     -2.03551471980609292867e-02 	 6 6 8 1
     -5.97920494692711322615e-03 	 6 6 8 2
      2.50680101721192840486e-03 	 6 6 8 3
     -7.34589702015414798553e-03 	 6 6 8 4
      3.16091673948511566253e-03 	 6 6 8 5
      2.77867441835164420000e-03 	 6 6 8 6
      8.34298726320037778437e-03 	 6 6 8 7
      1.98970010616459219710e-01 	 6 6 8 8
      5.32054383130752157893e-03 	 7 1 1 1
     -5.28061421073666627940e-04 	 7 1 2 1
     -6.19172188780372275557e-03 	 7 1 2 2
      1.17861931599146205381e-03 	 7 1 3 1
      2.44699406070760211006e-04 	 7 1 3 2
      4.57586130092664696012e-03 	 7 1 3 3
     -1.11209949189313784049e-03 	 7 1 4 1
     -1.43504970429388472295e-05 	 7 1 4 2
      1.95532829285861549720e-04 	 7 1 4 3
     -4.25046796459619107694e-03 	 7 1 4 4
      7.64316139499348072735e-04 	 7 1 5 1
      6.83721299310629106009e-04 	 7 1 5 2
     -2.52421009719315102716e-04 	 7 1 5 3
      2.42554497913965479020e-04 	 7 1 5 4
      3.50964311357828111920e-03 	 7 1 5 5
     -3.55430288332146411111e-04 	 7 1 6 1
      1.03512114044895700126e-04 	 7 1 6 2
      4.41608627485613671349e-04 	 7 1 6 3
      1.04589416035631450203e-03 	 7 1 6 4
      1.83896419729150919966e-04 	 7 1 6 5
     -5.61183760242351271225e-03 	 7 1 6 6
      1.72247786580733992096e-03 	 7 1 7 1
     -9.13359890327379944121e-04 	 7 1 7 2
     -3.36161131479871771836e-04 	 7 1 7 3
     -4.48691538420098169583e-05 	 7 1 7 4
     -5.70489573163820095324e-04 	 7 1 7 5
     -1.25253148220742837118e-04 	 7 1 7 6
     -5.67701272811511718774e-03 	 7 1 7 7
      2.15663840640113778704e-03 	 7 1 8 1
      4.84401429755366682087e-04 	 7 1 8 2
     -3.08142453154587657536e-04 	 7 1 8 3
      8.54350508000333561977e-04 	 7 1 8 4
     -2.27180345283644724141e-04 	 7 1 8 5
      2.45124058144001162694e-04 	 7 1 8 6
     -1.06537696952276983269e-03 	 7 1 8 7
     -6.56817928176833040060e-03 	 7 1 8 8
      6.65618745212016599960e-03 	 7 2 1 1
      1.48422955443888054429e-03 	 7 2 2 1
      6.06412622160075031469e-03 	 7 2 2 2
      2.50837869144895789578e-03 	 7 2 3 1
     -2.91443135574031815874e-03 	 7 2 3 2
      7.66968940598695015504e-03 	 7 2 3 3
      1.05273209386295518546e-03 	 7 2 4 1
     -1.22088591894398590561e-03 	 7 2 4 2
     -3.81127842383750109478e-03 	 7 2 4 3
     -1.91951645078267791288e-03 	 7 2 4 4
      1.76833266180728763788e-03 	 7 2 5 1
     -6.93080386072697854360e-03 	 7 2 5 2
     -2.29418299916630272564e-03 	 7 2 5 3
     -1.33167234650160897988e-03 	 7 2 5 4
      8.48990684698457099243e-04 	 7 2 5 5
      1.28974660188852126297e-03 	 7 2 6 1
     -3.15869073506552192759e-03 	 7 2 6 2
     -4.80367190349175691294e-03 	 7 2 6 3
     -5.56921184265478201592e-03 	 7 2 6 4
     -1.66436427799741088959e-03 	 7 2 6 5
     -1.21208785796819186464e-02 	 7 2 6 6
     -9.13359890327410843883e-04 	 7 2 7 1
      1.41540677192814705332e-02 	 7 2 7 2
      1.50126211368866325363e-03 	 7 2 7 3
      1.07146292075837603307e-03 	 7 2 7 4
      4.20555604810617968126e-03 	 7 2 7 5
      4.70615454225857630238e-04 	 7 2 7 6
      1.72670095823815282488e-02 	 7 2 7 7
      3.82588956440419987806e-03 	 7 2 8 1
      2.04531413001052915154e-03 	 7 2 8 2
     -7.54793610318320101413e-04 	 7 2 8 3
      1.01950907241509566153e-03 	 7 2 8 4
     -7.96022187744291754956e-04 	 7 2 8 5
      6.14456998032248302884e-04 	 7 2 8 6
     -1.45561706818904455871e-04 	 7 2 8 7
      1.00203933815139287905e-02 	 7 2 8 8
      5.58932984967076221944e-03 	 7 3 1 1
      5.67177523707962393841e-04 	 7 3 2 1
     -1.86451935614897709205e-03 	 7 3 2 2
      1.20512225073627645376e-03 	 7 3 3 1
     -8.39592802205081992217e-04 	 7 3 3 2
      8.01298744142817445657e-03 	 7 3 3 3
      2.43826768547997289839e-04 	 7 3 4 1
     -3.44793052416419326146e-04 	 7 3 4 2
     -1.21180619232378618787e-03 	 7 3 4 3
      5.80324791566932994893e-04 	 7 3 4 4
      6.22743622686389034296e-04 	 7 3 5 1
     -1.30815457101219755238e-03 	 7 3 5 2
     -9.49486221295504201866e-04 	 7 3 5 3
     -5.45522999568224631166e-04 	 7 3 5 4
      2.02371318246375581085e-03 	 7 3 5 5
      3.79108178374918856034e-04 	 7 3 6 1
     -6.77931031538924573285e-04 	 7 3 6 2
     -1.47935086997994327297e-03 	 7 3 6 3
     -1.32817976093359897856e-03 	 7 3 6 4
     -6.41732634555175658619e-04 	 7 3 6 5
     -1.69287803948363953926e-03 	 7 3 6 6
     -3.36161131479874265501e-04 	 7 3 7 1
      1.50126211368864959268e-03 	 7 3 7 2
      7.85284310813006650870e-04 	 7 3 7 3
      4.98190777656737858979e-04 	 7 3 7 4
      1.12831615942630622551e-03 	 7 3 7 5
      4.60449364345955622965e-04 	 7 3 7 6
      1.48572111362053676728e-03 	 7 3 7 7
      1.14029140472088883797e-03 	 7 3 8 1
      1.38982529018205088313e-04 	 7 3 8 2
     -2.22282977792910059088e-04 	 7 3 8 3
      1.18404685399382621669e-04 	 7 3 8 4
     -2.79232232205828159559e-04 	 7 3 8 5
      1.86433818311991338209e-04 	 7 3 8 6
      2.43761857301314012570e-06 	 7 3 8 7
      3.35035143127216392470e-03 	 7 3 8 8
      5.58755154929972599337e-03 	 7 4 1 1
      2.77134553739097225320e-04 	 7 4 2 1
     -9.47711565956063325435e-04 	 7 4 2 2
      7.13740286847141668265e-04 	 7 4 3 1
     -5.91030151449830200121e-04 	 7 4 3 2
      4.13039454313371672683e-03 	 7 4 3 3
      4.65194624544948165954e-05 	 7 4 4 1
     -5.80845862142016387472e-04 	 7 4 4 2
     -9.79416387110062418644e-04 	 7 4 4 3
      8.25396246156177154640e-03 	 7 4 4 4
      7.14289729798532916846e-04 	 7 4 5 1
     -7.73304926898478049886e-04 	 7 4 5 2
     -7.50485751103748812904e-04 	 7 4 5 3
     -4.98711495874765500802e-04 	 7 4 5 4
      4.13037625030936595555e-03 	 7 4 5 5
      2.75643249667587117869e-04 	 7 4 6 1
     -8.39313113342894916852e-04 	 7 4 6 2
     -7.72657031230393541270e-04 	 7 4 6 3
     -1.07312276547977605845e-03 	 7 4 6 4
     -5.90152578182886154712e-04 	 7 4 6 5
     -9.33109104393487561076e-04 	 7 4 6 6
     -4.48691538419957765401e-05 	 7 4 7 1
      1.07146292075838232144e-03 	 7 4 7 2
      4.98190777656734714793e-04 	 7 4 7 3
      1.67216508947863563492e-03 	 7 4 7 4
      9.78977533997191532930e-04 	 7 4 7 5
      5.79325588131842164619e-04 	 7 4 7 6
      8.23790967610992831693e-03 	 7 4 7 7
      2.37862743665287349262e-03 	 7 4 8 1
      6.73129891509452048422e-04 	 7 4 8 2
     -5.82278164555374627351e-04 	 7 4 8 3
     -7.41745895836486379650e-05 	 7 4 8 4
     -5.82549698179754701054e-04 	 7 4 8 5
      6.74695036801302135479e-04 	 7 4 8 6
      6.92396400912949014101e-05 	 7 4 8 7
      1.14034902950867593485e-02 	 7 4 8 8
      1.22229622875146097527e-02 	 7 5 1 1
      1.05270746800119872379e-03 	 7 5 2 1
     -6.31419464061305432678e-03 	 7 5 2 2
      1.74961594054312530831e-03 	 7 5 3 1
     -1.46119704950429282579e-03 	 7 5 3 2
      7.26592684419616677283e-03 	 7 5 3 3
      2.00300227341674609571e-04 	 7 5 4 1
     -3.06178564620408907252e-04 	 7 5 4 2
     -2.55459177545027315767e-03 	 7 5 4 3
      1.83609700922595319404e-03 	 7 5 4 4
      3.30285797179262312351e-03 	 7 5 5 1
     -4.88840941150897774492e-03 	 7 5 5 2
     -2.46700452138112150818e-03 	 7 5 5 3
     -1.21467712764155612304e-03 	 7 5 5 4
      2.90853496554844756505e-02 	 7 5 5 5
      7.88839958884856337455e-04 	 7 5 6 1
     -1.25529799474500798964e-03 	 7 5 6 2
     -3.12191386536983875311e-03 	 7 5 6 3
     -3.80716242501093031503e-03 	 7 5 6 4
     -1.97624679626191802548e-03 	 7 5 6 5
     -6.61934885495075661654e-03 	 7 5 6 6
     -5.70489573163823998452e-04 	 7 5 7 1
      4.20555604810616840555e-03 	 7 5 7 2
      1.12831615942630665919e-03 	 7 5 7 3
      9.78977533997190015047e-04 	 7 5 7 4
      4.67865829794560962596e-03 	 7 5 7 5
      7.04772413549986133374e-04 	 7 5 7 6
      1.07204068685904305158e-02 	 7 5 7 7
      3.46647029301556247605e-03 	 7 5 8 1
      8.74936296630045491109e-04 	 7 5 8 2
     -7.35020206947646160059e-04 	 7 5 8 3
      5.38168896948854817534e-04 	 7 5 8 4
     -9.90396352362399182492e-04 	 7 5 8 5
      7.67186730581972627964e-04 	 7 5 8 6
     -5.41156968727275582143e-04 	 7 5 8 7
      7.67420408775923261480e-03 	 7 5 8 8
     -1.33014781104977730837e-03 	 7 6 1 1
      2.99819136310980512150e-04 	 7 6 2 1
     -2.34228756201001597076e-03 	 7 6 2 2
      3.08942803236405486977e-04 	 7 6 3 1
     -6.25940861252107243369e-04 	 7 6 3 2
     -3.95751489475422121075e-04 	 7 6 3 3
     -1.73222831065685137577e-05 	 7 6 4 1
     -5.86589292791043137240e-04 	 7 6 4 2
     -2.98394315585997658632e-04 	 7 6 4 3
      3.03133414245492860753e-04 	 7 6 4 4
      2.62707581955704590898e-04 	 7 6 5 1
     -5.65590454159896143492e-04 	 7 6 5 2
     -3.99849023179977820872e-04 	 7 6 5 3
     -3.41990655350826093604e-04 	 7 6 5 4
     -1.65750280511385355772e-03 	 7 6 5 5
     -3.47558946711088397378e-05 	 7 6 6 1
     -1.68239571861811417451e-03 	 7 6 6 2
     -9.57524965472536407178e-04 	 7 6 6 3
     -1.20242524361035066360e-03 	 7 6 6 4
     -8.33236314080332924822e-04 	 7 6 6 5
      3.18173460676327924182e-03 	 7 6 6 6
     -1.25253148220753435195e-04 	 7 6 7 1
      4.70615454225835241463e-04 	 7 6 7 2
      4.60449364345959742933e-04 	 7 6 7 3
      5.79325588131837177289e-04 	 7 6 7 4
      7.04772413549989385981e-04 	 7 6 7 5
      1.45410202799702600700e-03 	 7 6 7 6
      4.08408068225192717737e-03 	 7 6 7 7
      5.52874345786112599173e-04 	 7 6 8 1
      1.81716456296865478542e-04 	 7 6 8 2
     -5.91424920797819212619e-05 	 7 6 8 3
      5.90040730542637785645e-04 	 7 6 8 4
     -1.40798579138900765550e-04 	 7 6 8 5
      6.25940724902754319636e-04 	 7 6 8 6
     -3.08568484501466891098e-04 	 7 6 8 7
     -1.11890956949428264054e-03 	 7 6 8 8
      1.88637226551725878387e-01 	 7 7 1 1
      2.96762711775342032106e-03 	 7 7 2 1
      2.59055313053981439708e-01 	 7 7 2 2
      1.09243331849712913689e-03 	 7 7 3 1
     -3.34339827725071243522e-03 	 7 7 3 2
      1.73224142995600183248e-01 	 7 7 3 3
      4.24837951237341804323e-03 	 7 7 4 1
     -3.26306739311653078509e-04 	 7 7 4 2
     -1.83228940997787149644e-03 	 7 7 4 3
      1.80003472375664386185e-01 	 7 7 4 4
     -3.43480226442247245366e-03 	 7 7 5 1
     -5.56173696489877921606e-03 	 7 7 5 2
      4.24177265850156912704e-04 	 7 7 5 3
     -5.76849826869915574892e-04 	 7 7 5 4
      1.41212170841806844424e-01 	 7 7 5 5
      6.16552668119471668565e-04 	 7 7 6 1
     -3.51104416163437434498e-03 	 7 7 6 2
     -3.26521135869672798728e-04 	 7 7 6 3
      1.92279872810759990508e-03 	 7 7 6 4
      1.68129617147643557404e-03 	 7 7 6 5
      1.72528244439983852176e-01 	 7 7 6 6
     -5.67701272811519438294e-03 	 7 7 7 1
      1.72670095823814519209e-02 	 7 7 7 2
      1.48572111362054001989e-03 	 7 7 7 3
      8.23790967610987800995e-03 	 7 7 7 4
      1.07204068685904634756e-02 	 7 7 7 5
      4.08408068225196013712e-03 	 7 7 7 6
      4.13772088219499956097e-01 	 7 7 7 7
      2.78784193852604561190e-03 	 7 7 8 1
      6.95674800197216072761e-03 	 7 7 8 2
     -1.52504990011521793063e-03 	 7 7 8 3
     -2.63002776533483592983e-04 	 7 7 8 4
     -2.74249191674301234442e-03 	 7 7 8 5
     -8.26444650735312603615e-04 	 7 7 8 6
      4.90995008064915115092e-03 	 7 7 8 7
      2.61615469709153336542e-01 	 7 7 8 8
      4.82177929453735942822e-02 	 8 1 1 1
      4.68323703658217124508e-04 	 8 1 2 1
     -2.03556180481994884734e-02 	 8 1 2 2
      5.01180335663334829144e-03 	 8 1 3 1
     -1.46559947714402128045e-03 	 8 1 3 2
      2.49964766254777877308e-02 	 8 1 3 3
     -2.14367097691532150494e-03 	 8 1 4 1
     -5.55788071605544937819e-04 	 8 1 4 2
     -3.46800479167358672097e-03 	 8 1 4 3
      2.79332790691250382534e-03 	 8 1 4 4
      5.01220829783068696356e-03 	 8 1 5 1
     -3.61233740030403056159e-03 	 8 1 5 2
     -3.78733101803016515216e-03 	 8 1 5 3
     -1.14398968245459607684e-03 	 8 1 5 4
      2.49968516093242928977e-02 	 8 1 5 5
      4.61136256956422134218e-04 	 8 1 6 1
     -1.80387440575779304901e-03 	 8 1 6 2
     -3.60949996903481935481e-03 	 8 1 6 3
     -3.82502054104739801221e-03 	 8 1 6 4
     -1.46183598099417530296e-03 	 8 1 6 5
     -2.03551471980608703061e-02 	 8 1 6 6
      2.15663840640110612834e-03 	 8 1 7 1
      3.82588956440417342353e-03 	 8 1 7 2
      1.14029140472090770309e-03 	 8 1 7 3
      2.37862743665290298292e-03 	 8 1 7 4
      3.46647029301557418543e-03 	 8 1 7 5
      5.52874345786092866693e-04 	 8 1 7 6
      2.78784193852602045841e-03 	 8 1 7 7
      1.91961364790356747712e-02 	 8 1 8 1
      3.08491902220884520874e-03 	 8 1 8 2
     -3.39178860528163619165e-03 	 8 1 8 3
      3.88389586692719718589e-03 	 8 1 8 4
     -3.39167091734894014105e-03 	 8 1 8 5
      3.08761624813157784311e-03 	 8 1 8 6
     -3.89829148460142356838e-03 	 8 1 8 7
      2.47012728959509000881e-02 	 8 1 8 8
      3.93557057456412652530e-03 	 8 2 1 1
     -6.32180546185619391709e-04 	 8 2 2 1
      2.78449550201595235829e-03 	 8 2 2 2
      9.62649141215242399282e-04 	 8 2 3 1
     -5.69628718140478373759e-04 	 8 2 3 2
      3.94604316685578764001e-03 	 8 2 3 3
     -2.41006360300721078236e-04 	 8 2 4 1
     -6.26967489471106959216e-04 	 8 2 4 2
     -7.70224870417209679825e-04 	 8 2 4 3
     -8.18212293893954439351e-04 	 8 2 4 4
      4.87407437482789555102e-04 	 8 2 5 1
     -1.36104929147007119514e-03 	 8 2 5 2
     -5.44753412862554291241e-04 	 8 2 5 3
     -1.87492250874467860375e-04 	 8 2 5 4
      2.37423706886241790009e-03 	 8 2 5 5
     -7.35695676913547671550e-05 	 8 2 6 1
     -1.44179508036388118707e-03 	 8 2 6 2
     -7.05033548772611212349e-04 	 8 2 6 3
     -6.19606948046944852777e-04 	 8 2 6 4
     -2.03821553545545933661e-04 	 8 2 6 5
     -5.97920494692702995942e-03 	 8 2 6 6
      4.84401429755344293312e-04 	 8 2 7 1
      2.04531413001050052861e-03 	 8 2 7 2
      1.38982529018211051425e-04 	 8 2 7 3
      6.73129891509455626289e-04 	 8 2 7 4
      8.74936296630048852135e-04 	 8 2 7 5
      1.81716456296867917997e-04 	 8 2 7 6
      6.95674800197210521646e-03 	 8 2 7 7
      3.08491902220884694347e-03 	 8 2 8 1
      2.37162319477458123293e-03 	 8 2 8 2
     -6.24668952167439068233e-04 	 8 2 8 3
      1.06462131763426651535e-03 	 8 2 8 4
     -5.74048515067057327221e-04 	 8 2 8 5
      7.01952464658385597712e-04 	 8 2 8 6
     -3.00559130780603462382e-04 	 8 2 8 7
      7.08599916226515785106e-03 	 8 2 8 8
     -6.93221941612207591399e-03 	 8 3 1 1
     -5.40323618920070979565e-05 	 8 3 2 1
      3.16221816994782930696e-03 	 8 3 2 2
     -9.88454417048677215149e-04 	 8 3 3 1
      4.27112227495931705973e-04 	 8 3 3 2
     -8.19101170920256624330e-03 	 8 3 3 3
      2.24563410155843585624e-04 	 8 3 4 1
      1.41565028070973216541e-04 	 8 3 4 2
      9.91964736471044432331e-04 	 8 3 4 3
     -2.74373296912858643734e-03 	 8 3 4 4
     -1.09698051797976411925e-03 	 8 3 5 1
      7.47378505967352473570e-04 	 8 3 5 2
      7.98818864400541129786e-04 	 8 3 5 3
      2.80249758063635349015e-04 	 8 3 5 4
     -5.15205647542945569667e-03 	 8 3 5 5
     -2.17020166346178157348e-04 	 8 3 6 1
      3.11232936735696759552e-04 	 8 3 6 2
      9.41476127041467958714e-04 	 8 3 6 3
      7.97006060241436465122e-04 	 8 3 6 4
      3.21764037902504476674e-04 	 8 3 6 5
      2.50680101721189371039e-03 	 8 3 6 6
     -3.08142453154560877742e-04 	 8 3 7 1
     -7.54793610318291478475e-04 	 8 3 7 2
     -2.22282977792920846899e-04 	 8 3 7 3
     -5.82278164555399347160e-04 	 8 3 7 4
     -7.35020206947656026299e-04 	 8 3 7 5
     -5.91424920797628393037e-05 	 8 3 7 6
     -1.52504990011519104241e-03 	 8 3 7 7
     -3.39178860528165050311e-03 	 8 3 8 1
     -6.24668952167445790287e-04 	 8 3 8 2
      9.91309185197949971347e-04 	 8 3 8 3
     -5.14522272487108619198e-04 	 8 3 8 4
      7.64391503808133890470e-04 	 8 3 8 5
     -5.74591173188161458835e-04 	 8 3 8 6
      8.07151477091500512903e-04 	 8 3 8 7
     -8.51997966500681915003e-03 	 8 3 8 8
     -5.06397838920299151648e-05 	 8 4 1 1
      6.00040074989978556425e-06 	 8 4 2 1
     -8.32312129613564308239e-03 	 8 4 2 2
      1.12053003505270987357e-03 	 8 4 3 1
     -3.04604363102051938026e-04 	 8 4 3 2
      2.57893085680000995821e-03 	 8 4 3 3
     -1.06327062317472260250e-03 	 8 4 4 1
     -3.06555800464729190282e-04 	 8 4 4 2
     -5.33781763213456834048e-04 	 8 4 4 3
     -4.96066339329178859763e-03 	 8 4 4 4
      5.78844391268324180364e-04 	 8 4 5 1
     -4.29456556142230835328e-04 	 8 4 5 2
     -5.41406423718740893551e-04 	 8 4 5 3
      3.47726793939030684908e-06 	 8 4 5 4
     -6.63481611543984884684e-04 	 8 4 5 5
     -2.10907507326052050299e-04 	 8 4 6 1
     -7.38957755054762141858e-04 	 8 4 6 2
     -8.39981890751285075955e-04 	 8 4 6 3
     -1.33781167178037172991e-04 	 8 4 6 4
     -3.42635617701096207091e-04 	 8 4 6 5
     -7.34589702015436656068e-03 	 8 4 6 6
      8.54350508000338115626e-04 	 8 4 7 1
      1.01950907241501261165e-03 	 8 4 7 2
      1.18404685399360327762e-04 	 8 4 7 3
     -7.41745895836653075734e-05 	 8 4 7 4
      5.38168896948840722906e-04 	 8 4 7 5
      5.90040730542608837447e-04 	 8 4 7 6
     -2.63002776533600415767e-04 	 8 4 7 7
      3.88389586692724489078e-03 	 8 4 8 1
      1.06462131763426196170e-03 	 8 4 8 2
     -5.14522272487130303241e-04 	 8 4 8 3
      5.50010733184760208792e-03 	 8 4 8 4
     -8.03999973186275067143e-04 	 8 4 8 5
      2.96989164673631662970e-04 	 8 4 8 6
      3.02221604049363891907e-04 	 8 4 8 7
     -3.73365235603639791101e-03 	 8 4 8 8
     -6.92944826169514856845e-03 	 8 5 1 1
     -2.18191958852540971283e-04 	 8 5 2 1
      2.50460824373487231029e-03 	 8 5 2 2
     -1.09676660037521340671e-03 	 8 5 3 1
      3.22447147466750302404e-04 	 8 5 3 2
     -5.15156282352515794420e-03 	 8 5 3 3
      3.05915251278806004775e-04 	 8 5 4 1
      6.04515324211344709797e-05 	 8 5 4 2
      7.35227965982939118787e-04 	 8 5 4 3
     -1.52856262997647920562e-03 	 8 5 4 4
     -9.87735768215929456695e-04 	 8 5 5 1
      9.41157833920811936340e-04 	 8 5 5 2
      7.98607762400199727194e-04 	 8 5 5 3
      2.22906521878852046737e-04 	 8 5 5 4
     -8.18333831034932443482e-03 	 8 5 5 5
     -5.25853864367053336999e-05 	 8 5 6 1
      3.11740357818578010547e-04 	 8 5 6 2
      7.46502969213184443785e-04 	 8 5 6 3
      7.54293510841297929273e-04 	 8 5 6 4
      4.25908369003108954690e-04 	 8 5 6 5
      3.16091673948505971770e-03 	 8 5 6 6
     -2.27180345283617293826e-04 	 8 5 7 1
     -7.96022187744271805636e-04 	 8 5 7 2
     -2.79232232205840356833e-04 	 8 5 7 3
     -5.82549698179774541953e-04 	 8 5 7 4
     -9.90396352362407856110e-04 	 8 5 7 5
     -1.40798579138888080384e-04 	 8 5 7 6
     -2.74249191674299022670e-03 	 8 5 7 7
     -3.39167091734894664626e-03 	 8 5 8 1
     -5.74048515067062531392e-04 	 8 5 8 2
      7.64391503808132372587e-04 	 8 5 8 3
     -8.03999973186251431535e-04 	 8 5 8 4
      9.91567705359920484667e-04 	 8 5 8 5
     -6.25280249041486302884e-04 	 8 5 8 6
      5.18140221642484364098e-04 	 8 5 8 7
     -8.51881078436966462930e-03 	 8 5 8 8
      3.92766205216672683459e-03 	 8 6 1 1
     -7.37673851196282725530e-05 	 8 6 2 1
     -5.98563159931444870032e-03 	 8 6 2 2
      4.87289640060514913852e-04 	 8 6 3 1
     -2.03665428831322051261e-04 	 8 6 3 2
      2.37245779642726931091e-03 	 8 6 3 3
     -4.83723695272698331771e-04 	 8 6 4 1
     -1.83481562497705112539e-04 	 8 6 4 2
     -8.71648437825047199719e-04 	 8 6 4 3
      6.95771554381146087320e-03 	 8 6 4 4
      9.62697647716458690219e-04 	 8 6 5 1
     -7.01445138728635977227e-04 	 8 6 5 2
     -5.43881905743560088197e-04 	 8 6 5 3
     -1.38509611424421656602e-04 	 8 6 5 4
      3.94326291050147922923e-03 	 8 6 5 5
     -6.35626048469702022853e-04 	 8 6 6 1
     -1.44035594093827124321e-03 	 8 6 6 2
     -1.35398249076450530835e-03 	 8 6 6 3
     -2.03657684943159408494e-03 	 8 6 6 4
     -5.66031646104709490475e-04 	 8 6 6 5
      2.77867441835166371564e-03 	 8 6 6 6
      2.45124058144013576808e-04 	 8 6 7 1
      6.14456998032307717163e-04 	 8 6 7 2
      1.86433818311994021610e-04 	 8 6 7 3
      6.74695036801322301639e-04 	 8 6 7 4
      7.67186730581973820586e-04 	 8 6 7 5
      6.25940724902754319636e-04 	 8 6 7 6
     -8.26444650735224674819e-04 	 8 6 7 7
      3.08761624813153274030e-03 	 8 6 8 1
      7.01952464658402619686e-04 	 8 6 8 2
     -5.74591173188138690589e-04 	 8 6 8 3
      2.96989164673621146209e-04 	 8 6 8 4
     -6.25280249041465811463e-04 	 8 6 8 5
      2.37114370398159440834e-03 	 8 6 8 6
     -1.07025667572361953515e-03 	 8 6 8 7
      7.07600420892555426189e-03 	 8 6 8 8
      3.02503046800525328907e-05 	 8 7 1 1
      2.07521993537947531871e-04 	 8 7 2 1
      7.35814341787559191704e-03 	 8 7 2 2
     -5.83615488931058835897e-04 	 8 7 3 1
      3.46514313519425505225e-04 	 8 7 3 2
      6.41293209186715828900e-04 	 8 7 3 3
      8.51897785739016283335e-04 	 8 7 4 1
      5.90870517591821358024e-04 	 8 7 4 2
      5.44823451747744299037e-04 	 8 7 4 3
      2.46785665100306768512e-04 	 8 7 4 4
     -1.12458613756626643956e-03 	 8 7 5 1
      8.48088201876436671364e-04 	 8 7 5 2
      5.45191018889121486839e-04 	 8 7 5 3
      1.20518182659159282777e-04 	 8 7 5 4
     -2.59096302710075084355e-03 	 8 7 5 5
     -5.08398993717715627405e-06 	 8 7 6 1
      7.41716523855759238618e-04 	 8 7 6 2
      4.35760960980272667870e-04 	 8 7 6 3
      1.02781608874461124169e-03 	 8 7 6 4
      3.05785197397269469834e-04 	 8 7 6 5
      8.34298726320068136098e-03 	 8 7 6 6
     -1.06537696952280062403e-03 	 8 7 7 1
     -1.45561706818907274797e-04 	 8 7 7 2
      2.43761857302986606179e-06 	 8 7 7 3
      6.92396400913109476023e-05 	 8 7 7 4
     -5.41156968727264848541e-04 	 8 7 7 5
     -3.08568484501450899116e-04 	 8 7 7 6
      4.90995008064909824186e-03 	 8 7 7 7
     -3.89829148460142920624e-03 	 8 7 8 1
     -3.00559130780631001117e-04 	 8 7 8 2
      8.07151477091511029664e-04 	 8 7 8 3
      3.02221604049344538898e-04 	 8 7 8 4
      5.18140221642502903955e-04 	 8 7 8 5
     -1.07025667572362387196e-03 	 8 7 8 6
      5.50471874547429820129e-03 	 8 7 8 7
      3.67950705099900216011e-03 	 8 7 8 8
      2.70565018051835304291e-01 	 8 8 1 1
      3.68251471890816044555e-03 	 8 8 2 1
      1.98959075618948877384e-01 	 8 8 2 2
      2.02774064707023993562e-03 	 8 8 3 1
     -1.82874398653506617385e-03 	 8 8 3 2
      1.92326362809795925468e-01 	 8 8 3 3
      6.58250777883979346777e-03 	 8 8 4 1
      1.09185436789774391146e-03 	 8 8 4 2
     -7.67400053194742821222e-03 	 8 8 4 3
      2.61638096317106494393e-01 	 8 8 4 4
      2.02703710262878413970e-03 	 8 8 5 1
     -5.94418259237513169763e-03 	 8 8 5 2
     -3.35375561038212498255e-03 	 8 8 5 3
     -3.35471081366844415053e-03 	 8 8 5 4
      1.92331991380656958102e-01 	 8 8 5 5
      3.68272561004601324541e-03 	 8 8 6 1
     -1.60907065650289760571e-03 	 8 8 6 2
     -5.93604539904115692528e-03 	 8 8 6 3
     -1.00106230977175976460e-02 	 8 8 6 4
     -1.82150351183189645153e-03 	 8 8 6 5
      1.98970010616458997665e-01 	 8 8 6 6
     -6.56817928176830437975e-03 	 8 8 7 1
      1.00203933815139808322e-02 	 8 8 7 2
      3.35035143127212792918e-03 	 8 8 7 3
      1.14034902950867021026e-02 	 8 8 7 4
      7.67420408775923695160e-03 	 8 8 7 5
     -1.11890956949429673517e-03 	 8 8 7 6
      2.61615469709153558586e-01 	 8 8 7 7
      2.47012728959509798854e-02 	 8 8 8 1
      7.08599916226518040246e-03 	 8 8 8 2
     -8.51997966500683302782e-03 	 8 8 8 3
     -3.73365235603655186772e-03 	 8 8 8 4
     -8.51881078436971667101e-03 	 8 8 8 5
      7.07600420892562712027e-03 	 8 8 8 6
      3.67950705099923808250e-03 	 8 8 8 7
      4.36948905366062734235e-01 	 8 8 8 8
 # Printing T + V integrals in spatial MO basis
     -3.06903601111778723265e+00 	 1 1 0 0
     -3.70977452083788364345e-02 	 1 2 0 0
     -3.21440587201489269553e-01 	 1 3 0 0
     -3.06882123436005016526e-02 	 1 4 0 0
     -3.44257233434426823671e-01 	 1 5 0 0
     -5.22378234990209383559e-02 	 1 6 0 0
      3.44550360232596039611e-02 	 1 7 0 0
     -3.85778923032040088614e-01 	 1 8 0 0
     -3.70977452083769351776e-02 	 2 1 0 0
     -1.15137095196449901202e+00 	 2 2 0 0
      6.10832312814970496140e-02 	 2 3 0 0
      7.51577263581921974772e-03 	 2 4 0 0
      1.65233513435328271957e-01 	 2 5 0 0
      5.33146900998162504015e-02 	 2 6 0 0
      3.22031791402141442937e-02 	 2 7 0 0
     -5.14963784703001831167e-02 	 2 8 0 0
     -3.21440587201495819869e-01 	 3 1 0 0
      6.10832312814978822813e-02 	 3 2 0 0
     -2.92561809584115506411e+00 	 3 3 0 0
      1.50223201478307699652e-01 	 3 4 0 0
      1.68457049009473225354e-01 	 3 5 0 0
      1.81337921727749956657e-01 	 3 6 0 0
     -8.15120494764892122852e-02 	 3 7 0 0
      9.68875076413101832262e-02 	 3 8 0 0
     -3.06882123436109134629e-02 	 4 1 0 0
      7.51577263582046961599e-03 	 4 2 0 0
      1.50223201478305506962e-01 	 4 3 0 0
     -2.19557307980353977328e+00 	 4 4 0 0
      8.68001935920540146352e-02 	 4 5 0 0
      3.96460778012351008903e-02 	 4 6 0 0
     -1.02634052329480085497e-01 	 4 7 0 0
      1.47035938256116160971e-01 	 4 8 0 0
     -3.44257233434418496998e-01 	 5 1 0 0
      1.65233513435333656538e-01 	 5 2 0 0
      1.68457049009471726553e-01 	 5 3 0 0
      8.68001935920552497583e-02 	 5 4 0 0
     -3.21879006904010278589e+00 	 5 5 0 0
      8.81106509264931586634e-02 	 5 6 0 0
     -1.57425839423626090507e-01 	 5 7 0 0
      1.00808729971421567884e-01 	 5 8 0 0
     -5.22378234990248796477e-02 	 6 1 0 0
      5.33146900998131417770e-02 	 6 2 0 0
      1.81337921727754453061e-01 	 6 3 0 0
      3.96460778011852518765e-02 	 6 4 0 0
      8.81106509265057041835e-02 	 6 5 0 0
     -1.51520956625573433030e+00 	 6 6 0 0
     -1.60195947030130035615e-02 	 6 7 0 0
     -6.22771259284681105717e-02 	 6 8 0 0
      3.44550360232473359967e-02 	 7 1 0 0
      3.22031791401885536530e-02 	 7 2 0 0
     -8.15120494764877551175e-02 	 7 3 0 0
     -1.02634052329503178136e-01 	 7 4 0 0
     -1.57425839423609381651e-01 	 7 5 0 0
     -1.60195947030129376421e-02 	 7 6 0 0
     -1.76738085456851656829e+00 	 7 7 0 0
     -1.61044495867518872023e-01 	 7 8 0 0
     -3.85778923032067733168e-01 	 8 1 0 0
     -5.14963784702919952219e-02 	 8 2 0 0
      9.68875076413127922503e-02 	 8 3 0 0
      1.47035938256153464465e-01 	 8 4 0 0
      1.00808729971425245497e-01 	 8 5 0 0
     -6.22771259284669101430e-02 	 8 6 0 0
     -1.61044495867513071108e-01 	 8 7 0 0
     -2.39170911047925560666e+00 	 8 8 0 0
 # Printing -1/2 \lambda \lambda q integrals in spatial MO basis
      1.09023130350341529438e-01 	 1 1 0 0
     -3.35337754458515241440e-03 	 1 2 0 0
      2.94995466201302325090e-03 	 1 3 0 0
     -5.86267800530706519047e-03 	 1 4 0 0
      8.00807211846529115595e-03 	 1 5 0 0
     -2.01135398768338474404e-03 	 1 6 0 0
      6.41060791556445023348e-03 	 1 7 0 0
      6.53346282231641230925e-03 	 1 8 0 0
     -3.35337754458517886894e-03 	 2 1 0 0
      3.52101101636995358901e-02 	 2 2 0 0
      1.43885905355265819941e-03 	 2 3 0 0
      5.70096406896726786567e-04 	 2 4 0 0
     -3.50721114136122317020e-03 	 2 5 0 0
      3.47770670139897243589e-03 	 2 6 0 0
     -7.53431590208347452126e-03 	 2 7 0 0
      9.04117989510889530705e-04 	 2 8 0 0
      2.94995466201299939846e-03 	 3 1 0 0
      1.43885905355263066067e-03 	 3 2 0 0
      1.03913318695473849695e-01 	 3 3 0 0
      8.21840497622882901196e-04 	 3 4 0 0
     -3.63927027878978206349e-03 	 3 5 0 0
      5.29133637993444740089e-03 	 3 6 0 0
     -2.08968742091794178889e-03 	 3 7 0 0
     -7.01301053749464175374e-04 	 3 8 0 0
     -5.86267800530711983426e-03 	 4 1 0 0
      5.70096406896739038052e-04 	 4 2 0 0
      8.21840497622911090453e-04 	 4 3 0 0
      5.41773860009197374965e-02 	 4 4 0 0
     -9.44059360182847545455e-04 	 4 5 0 0
      7.51146024615225241239e-03 	 4 6 0 0
     -1.41185742279685425352e-03 	 4 7 0 0
      2.69261090552769949413e-03 	 4 8 0 0
      8.00807211846524084897e-03 	 5 1 0 0
     -3.50721114136136455017e-03 	 5 2 0 0
     -3.63927027878980981906e-03 	 5 3 0 0
     -9.44059360182902948186e-04 	 5 4 0 0
      2.24045963292499483721e-01 	 5 5 0 0
     -1.31269910680073781210e-03 	 5 6 0 0
      2.99758861936677990095e-03 	 5 7 0 0
     -1.52766842409425833860e-04 	 5 8 0 0
     -2.01135398768341380066e-03 	 6 1 0 0
      3.47770670139899585466e-03 	 6 2 0 0
      5.29133637993450117731e-03 	 6 3 0 0
      7.51146024615224981030e-03 	 6 4 0 0
     -1.31269910680071114073e-03 	 6 5 0 0
      3.39494549623855501608e-02 	 6 6 0 0
     -3.03048901626402564236e-03 	 6 7 0 0
      8.25448867730834237068e-04 	 6 8 0 0
      6.41060791556442074318e-03 	 7 1 0 0
     -7.53431590208348579696e-03 	 7 2 0 0
     -2.08968742091797691704e-03 	 7 3 0 0
     -1.41185742279685620508e-03 	 7 4 0 0
      2.99758861936676472212e-03 	 7 5 0 0
     -3.03048901626402434131e-03 	 7 6 0 0
      1.80044444493995606238e-02 	 7 7 0 0
     -5.08224556592289794521e-03 	 7 8 0 0
      6.53346282231650251487e-03 	 8 1 0 0
      9.04117989510877604481e-04 	 8 2 0 0
     -7.01301053749449647065e-04 	 8 3 0 0
      2.69261090552769168788e-03 	 8 4 0 0
     -1.52766842409392386223e-04 	 8 5 0 0
      8.25448867730854836909e-04 	 8 6 0 0
     -5.08224556592303672309e-03 	 8 7 0 0
      4.10329780968968702015e-02 	 8 8 0 0
 # Printing \lambda mu integrals in spatial MO basis
     -3.68916553296214977387e-01 	 1 1 0 0
     -1.39093427301467190138e-02 	 1 2 0 0
     -5.49657324795872759271e-02 	 1 3 0 0
      4.32799515121260033792e-04 	 1 4 0 0
     -6.92302016302360073707e-02 	 1 5 0 0
     -1.92075214273111950780e-02 	 1 6 0 0
      4.34004157847124507480e-03 	 1 7 0 0
     -9.66685975549043952082e-02 	 1 8 0 0
     -1.39093427301467034013e-02 	 2 1 0 0
      2.17267420510685677071e-01 	 2 2 0 0
      2.24710248967385402274e-02 	 2 3 0 0
      3.67684896293074504545e-03 	 2 4 0 0
      6.71636248209138836396e-02 	 2 5 0 0
      1.60813310038223425402e-02 	 2 6 0 0
     -3.98382358844507691864e-02 	 2 7 0 0
     -9.19608197212488411021e-03 	 2 8 0 0
     -5.49657324795873314383e-02 	 3 1 0 0
      2.24710248967385471663e-02 	 3 2 0 0
     -3.85858213156157814350e-01 	 3 3 0 0
      6.30823278154239025506e-02 	 3 4 0 0
      5.32512053745030564111e-02 	 3 5 0 0
      7.55563131234726487184e-02 	 3 6 0 0
     -2.31082326312543780145e-02 	 3 7 0 0
      2.47947045213312740330e-02 	 3 8 0 0
      4.32799515121298794020e-04 	 4 1 0 0
      3.67684896293075241802e-03 	 4 2 0 0
      6.30823278154239025506e-02 	 4 3 0 0
     -2.06295327120682076005e-01 	 4 4 0 0
      2.77180817105718915738e-02 	 4 5 0 0
      8.84368337160860856772e-02 	 4 6 0 0
     -2.26951964719508819668e-02 	 4 7 0 0
     -1.35374499739540875287e-02 	 4 8 0 0
     -6.92302016302360906375e-02 	 5 1 0 0
      6.71636248209139530285e-02 	 5 2 0 0
      5.32512053745030911056e-02 	 5 3 0 0
      2.77180817105718985127e-02 	 5 4 0 0
     -5.92926895838665868332e-01 	 5 5 0 0
      3.78219069368407115328e-02 	 5 6 0 0
     -6.67822898583028123909e-02 	 5 7 0 0
      2.54215679203689641497e-02 	 5 8 0 0
     -1.92075214273112158947e-02 	 6 1 0 0
      1.60813310038223321319e-02 	 6 2 0 0
      7.55563131234726487184e-02 	 6 3 0 0
      8.84368337160861134327e-02 	 6 4 0 0
      3.78219069368407254106e-02 	 6 5 0 0
      3.99400002582778260174e-02 	 6 6 0 0
     -6.98640317765005045697e-03 	 6 7 0 0
     -1.85742388709923024470e-02 	 6 8 0 0
      4.34004157847127109565e-03 	 7 1 0 0
     -3.98382358844507691864e-02 	 7 2 0 0
     -2.31082326312543571978e-02 	 7 3 0 0
     -2.26951964719509062529e-02 	 7 4 0 0
     -6.67822898583028401465e-02 	 7 5 0 0
     -6.98640317765003831391e-03 	 7 6 0 0
      2.28810800543812059571e-02 	 7 7 0 0
      3.72667295906197902286e-03 	 7 8 0 0
     -9.66685975549043258193e-02 	 8 1 0 0
     -9.19608197212488064076e-03 	 8 2 0 0
      2.47947045213312636247e-02 	 8 3 0 0
     -1.35374499739540389565e-02 	 8 4 0 0
      2.54215679203689502719e-02 	 8 5 0 0
     -1.85742388709922955081e-02 	 8 6 0 0
      3.72667295906196644611e-03 	 8 7 0 0
     -1.78436903909877847552e-01 	 8 8 0 0
 # Printing nuclear repulsion energy
     -2.99393926072250405923e+03 	 0 0 0 0
 # Printing photon energy
      6.61500000000000004663e-02 	 0 0 0 0
 # Printing lambda vector
  7.8781200000e-02, 5.5163200000e-02, 2.7395900000e-02 	 0 0 0 0
 # Printing RHF Electronic Dipole Moment
  -1.8181924864e+01, -3.0700665208e-01, -1.2200536140e+01 	 0 0 0 0
 # Printing Nuclear Dipole Moment
  1.3903198643e+01, -1.6425766435e+00, 1.2579822117e+01 	 0 0 0 0
