&FCI NORB=9,NELEC=0,MS2=0
ORBSYM=1,1,1,1,
ISYM=1,
/
      7.26994056091544771370e-01 	 1 1 1 1
      5.14413938115720111716e-04 	 1 1 2 1
      1.37200546016012114858e-01 	 1 1 2 2
     -8.48815367967463733564e-04 	 1 1 3 1
     -5.03617225301838640841e-05 	 1 1 3 2
      3.74591709840208730853e-01 	 1 1 3 3
     -3.21858910354698001671e-03 	 1 1 4 1
      5.00983120680685805985e-04 	 1 1 4 2
     -4.32768175638858099835e-03 	 1 1 4 3
      3.14936413501294087958e-01 	 1 1 4 4
      5.14424310396064191075e-04 	 1 1 5 1
      4.79463596466586314000e-04 	 1 1 5 2
     -2.03726857640968030518e-04 	 1 1 5 3
      5.00992496628090773665e-04 	 1 1 5 4
      1.37200584965701644080e-01 	 1 1 5 5
      8.48872872409932028963e-04 	 1 1 6 1
      2.03725739603768750798e-04 	 1 1 6 2
      6.08295803549507418245e-03 	 1 1 6 3
      4.32769025798944960426e-03 	 1 1 6 4
      5.03652898325881897873e-05 	 1 1 6 5
      3.74591898731631123276e-01 	 1 1 6 6
      5.24608859019670692447e-03 	 1 1 7 1
     -1.37201381296735321069e-03 	 1 1 7 2
     -1.75927550761911474266e-03 	 1 1 7 3
     -9.69633633642905091131e-04 	 1 1 7 4
      7.95324258967228768513e-04 	 1 1 7 5
      2.33349455369405436801e-05 	 1 1 7 6
      2.02570365914840427868e-01 	 1 1 7 7
      5.19345372453341655450e-04 	 1 1 8 1
     -1.15965709615304746541e-03 	 1 1 8 2
     -3.33184830025593572153e-05 	 1 1 8 3
     -1.53955154497121388633e-03 	 1 1 8 4
     -1.15965548137908274970e-03 	 1 1 8 5
      3.33212843558475114015e-05 	 1 1 8 6
     -9.43309569663933786092e-04 	 1 1 8 7
      1.21056939676462888000e-01 	 1 1 8 8
     -5.24609094383063443573e-03 	 1 1 9 1
     -7.95322233511363782012e-04 	 1 1 9 2
      2.33335272704296577909e-05 	 1 1 9 3
      9.69649846581791159672e-04 	 1 1 9 4
      1.37201915448038522759e-03 	 1 1 9 5
     -1.75927367512239050083e-03 	 1 1 9 6
      4.47714873062568866069e-03 	 1 1 9 7
      9.43309064813782518870e-04 	 1 1 9 8
      2.02570430667168954741e-01 	 1 1 9 9
      5.14413938115727484290e-04 	 2 1 1 1
      2.34380482702830664178e-05 	 2 1 2 1
      1.33596312698908798941e-03 	 2 1 2 2
      1.11160140320298091599e-04 	 2 1 3 1
      1.27532653203252033956e-06 	 2 1 3 2
     -5.51234716246011883199e-04 	 2 1 3 3
     -5.21206741751713663736e-05 	 2 1 4 1
      2.57152257512008008120e-05 	 2 1 4 2
     -2.97161284857629444552e-05 	 2 1 4 3
     -9.23661629700809011598e-05 	 2 1 4 4
     -1.74576681620853250924e-06 	 2 1 5 1
      4.98235875445537341002e-06 	 2 1 5 2
     -3.06608177772718003914e-07 	 2 1 5 3
      1.44441186411201953296e-05 	 2 1 5 4
     -1.07006591221284560632e-04 	 2 1 5 5
      4.70672027651034832144e-05 	 2 1 6 1
     -6.32624829018016997983e-06 	 2 1 6 2
      5.20759051173597751209e-06 	 2 1 6 3
     -7.21202215018934726041e-06 	 2 1 6 4
     -6.14910060317361114370e-07 	 2 1 6 5
      2.84511785318225041488e-04 	 2 1 6 6
     -6.75855722669634115371e-06 	 2 1 7 1
      1.05299715177698240891e-04 	 2 1 7 2
      8.40493842266266820613e-06 	 2 1 7 3
      1.13471295099538065738e-04 	 2 1 7 4
      2.18441855190941211276e-06 	 2 1 7 5
     -1.87627997428922879832e-07 	 2 1 7 6
      1.33260816873123595161e-04 	 2 1 7 7
      2.59954917115096627639e-06 	 2 1 8 1
      4.91712885114657021011e-05 	 2 1 8 2
      5.59996452191362827326e-07 	 2 1 8 3
      3.37736507660545406739e-06 	 2 1 8 4
      3.70137593974265128411e-05 	 2 1 8 5
     -7.75480962449071803677e-08 	 2 1 8 6
      4.47965178117231221477e-05 	 2 1 8 7
      6.74332212814976044183e-05 	 2 1 8 8
     -2.38151050540078019883e-05 	 2 1 9 1
      1.90783688493055698097e-05 	 2 1 9 2
     -1.36485452177072283348e-06 	 2 1 9 3
     -3.15474916682508070678e-06 	 2 1 9 4
      3.00856349236065197846e-05 	 2 1 9 5
     -2.47151345268339937266e-06 	 2 1 9 6
     -1.16977966812815954392e-05 	 2 1 9 7
      3.43234863772394199275e-06 	 2 1 9 8
     -1.12284141860644336467e-04 	 2 1 9 9
      1.37200546016011948325e-01 	 2 2 1 1
      1.33596312698909384410e-03 	 2 2 2 1
      5.18446375162369577083e-01 	 2 2 2 2
     -1.36096780854212865797e-05 	 2 2 3 1
     -3.87464175015449509266e-05 	 2 2 3 2
      1.25652833665667124086e-01 	 2 2 3 3
      2.88781140828521390787e-03 	 2 2 4 1
      2.12449479399112262437e-03 	 2 2 4 2
      3.32813258414261831271e-04 	 2 2 4 3
      2.00350695484700080939e-01 	 2 2 4 4
     -1.07007560481452320116e-04 	 2 2 5 1
     -2.04337369726991825714e-03 	 2 2 5 2
      5.25061676141610100994e-06 	 2 2 5 3
     -1.15022503008201494937e-03 	 2 2 5 4
      1.93293821713545588281e-01 	 2 2 5 5
     -9.43544253155748579263e-04 	 2 2 6 1
     -7.22172660289250776221e-04 	 2 2 6 2
      5.94139758546880186567e-04 	 2 2 6 3
      3.96564306957915703022e-04 	 2 2 6 4
      3.03405806678869976024e-05 	 2 2 6 5
      1.09398464684407129011e-01 	 2 2 6 6
     -1.50267598183124974007e-03 	 2 2 7 1
      1.64319091970504087274e-02 	 2 2 7 2
      1.63140637142451610207e-03 	 2 2 7 3
     -1.43158637249073995845e-03 	 2 2 7 4
      1.29391349062880195962e-03 	 2 2 7 5
      8.40191398894720429570e-04 	 2 2 7 6
      2.98487132798581189519e-01 	 2 2 7 7
      2.46306820707094170899e-06 	 2 2 8 1
     -1.58311865425712662570e-02 	 2 2 8 2
      1.42849562823095977034e-04 	 2 2 8 3
      9.13626044623301104310e-04 	 2 2 8 4
     -1.95606145424381859879e-03 	 2 2 8 5
      1.32281748867367357839e-04 	 2 2 8 6
      6.24834624946190003020e-03 	 2 2 8 7
      2.97438547526600816084e-01 	 2 2 8 8
      1.73814050167082011743e-03 	 2 2 9 1
      1.78858400912778920007e-03 	 2 2 9 2
      2.86690886278074999038e-04 	 2 2 9 3
      2.44256514687158287832e-03 	 2 2 9 4
     -3.65496740191146012727e-03 	 2 2 9 5
      6.16376534403430872272e-05 	 2 2 9 6
     -8.61690989892854560320e-04 	 2 2 9 7
      1.11401801828752474582e-03 	 2 2 9 8
      1.68785750982853949287e-01 	 2 2 9 9
     -8.48815367967480538698e-04 	 3 1 1 1
      1.11160140320299419747e-04 	 3 1 2 1
     -1.36096780854034446777e-05 	 3 1 2 2
      5.30939550216023153917e-03 	 3 1 3 1
      3.60086579848228947623e-06 	 3 1 3 2
     -1.10708549441443041689e-02 	 3 1 3 3
     -7.63879888946579835296e-04 	 3 1 4 1
     -1.30522626504948012754e-04 	 3 1 4 2
      3.73172378671356923079e-05 	 3 1 4 3
      2.50209381899557008547e-03 	 3 1 4 4
     -4.70674192825575886975e-05 	 3 1 5 1
      1.54838073227521927579e-06 	 3 1 5 2
     -1.36986203243104799762e-05 	 3 1 5 3
      1.03717074540029947330e-04 	 3 1 5 4
      9.43545564865130859111e-04 	 3 1 5 5
      1.37241612948401053677e-03 	 3 1 6 1
     -4.34191037035404793222e-06 	 3 1 6 2
     -4.33154913709559883858e-04 	 3 1 6 3
     -1.07961570988242600466e-04 	 3 1 6 4
      1.89240047772673289573e-06 	 3 1 6 5
      3.98324249016404445534e-03 	 3 1 6 6
     -4.11417877107447945914e-04 	 3 1 7 1
      1.16590513544812869086e-04 	 3 1 7 2
      1.34365771319117468293e-04 	 3 1 7 3
      3.95451747820935769605e-04 	 3 1 7 4
      3.67679076283004816384e-05 	 3 1 7 5
      1.34724174355335483809e-05 	 3 1 7 6
     -8.64347787241393395070e-04 	 3 1 7 7
      3.11222321166228089030e-05 	 3 1 8 1
     -3.35001931222584883223e-05 	 3 1 8 2
     -2.55367121144416297626e-06 	 3 1 8 3
     -3.58764975591296600291e-05 	 3 1 8 4
     -3.44901923536193625940e-07 	 3 1 8 5
     -1.22661740783699939073e-06 	 3 1 8 6
      2.10159336876814521354e-05 	 3 1 8 7
      3.97703896641735262472e-04 	 3 1 8 8
     -2.41458892924891929102e-05 	 3 1 9 1
      2.44219050633030897309e-05 	 3 1 9 2
     -8.43944376800186845831e-05 	 3 1 9 3
      4.05480006374604946048e-04 	 3 1 9 4
      6.14504252224982338475e-05 	 3 1 9 5
     -9.59974070036272281148e-06 	 3 1 9 6
      2.99538092198914190879e-05 	 3 1 9 7
      2.21457001357673031767e-05 	 3 1 9 8
      2.38853492019594536647e-03 	 3 1 9 9
     -5.03617225301884177333e-05 	 3 2 1 1
      1.27532653203290976296e-06 	 3 2 2 1
     -3.87464175015476343269e-05 	 3 2 2 2
      3.60086579848513211880e-06 	 3 2 3 1
      4.07730887509687229989e-05 	 3 2 3 2
     -3.33376512441608792783e-03 	 3 2 3 3
     -6.47893852072806977153e-05 	 3 2 4 1
      2.65534047834620910353e-05 	 3 2 4 2
     -3.26731913416323751414e-05 	 3 2 4 3
      4.89279317768187430385e-04 	 3 2 4 4
      6.14795610111794991405e-07 	 3 2 5 1
      1.57771633285331982046e-05 	 3 2 5 2
     -5.75582900797292480282e-06 	 3 2 5 3
     -7.70468281605672498206e-07 	 3 2 5 4
     -3.03392843997675457275e-05 	 3 2 5 5
      1.89235451173676930147e-06 	 3 2 6 1
      1.89318711644508722090e-06 	 3 2 6 2
      2.78139106610660425485e-05 	 3 2 6 3
      9.94100218649146998354e-06 	 3 2 6 4
     -2.06929737980914320701e-06 	 3 2 6 5
     -2.96284287975653751277e-05 	 3 2 6 6
     -1.26962935484596422061e-05 	 3 2 7 1
      6.81544115036516816959e-05 	 3 2 7 2
     -4.60250932201925047399e-05 	 3 2 7 3
     -9.83755082106954125505e-06 	 3 2 7 4
     -5.69683008044508625820e-06 	 3 2 7 5
     -3.59868233378980488724e-07 	 3 2 7 6
      7.10393972969122072803e-04 	 3 2 7 7
      2.28674763873967350022e-06 	 3 2 8 1
      6.63112236748410822972e-05 	 3 2 8 2
      1.31647846493098728631e-05 	 3 2 8 3
      1.56459820346941651467e-06 	 3 2 8 4
      1.71377260621880084224e-06 	 3 2 8 5
     -9.54396899202501010942e-07 	 3 2 8 6
     -9.48504064243829685127e-07 	 3 2 8 7
     -2.36244815957593006341e-04 	 3 2 8 8
      1.55287901498175282813e-05 	 3 2 9 1
     -6.10414355571338327423e-06 	 3 2 9 2
     -1.26751829837820282465e-05 	 3 2 9 3
     -1.00396919009523983809e-05 	 3 2 9 4
      3.06386779034775557276e-06 	 3 2 9 5
     -4.35031945279248183302e-06 	 3 2 9 6
      9.91927912601871342537e-06 	 3 2 9 7
     -8.87784626730403417379e-07 	 3 2 9 8
      1.43577050768492557034e-04 	 3 2 9 9
      3.74591709840208897386e-01 	 3 3 1 1
     -5.51234716246005269566e-04 	 3 3 2 1
      1.25652833665667040819e-01 	 3 3 2 2
     -1.10708549441443718231e-02 	 3 3 3 1
     -3.33376512441608706047e-03 	 3 3 3 2
      7.68419254003408824794e-01 	 3 3 3 3
     -5.21236683494274424464e-04 	 3 3 4 1
      1.38875248541765164596e-03 	 3 3 4 2
      4.99168014438209576428e-03 	 3 3 4 3
      2.15295077491830133543e-01 	 3 3 4 4
      2.84517048359644007544e-04 	 3 3 5 1
      4.62833403662332189526e-04 	 3 3 5 2
      3.70720373092593713255e-04 	 3 3 5 3
     -3.42310425606789957894e-04 	 3 3 5 4
      1.09398477896717458147e-01 	 3 3 5 5
     -3.98323050145159979207e-03 	 3 3 6 1
      2.31959569302382775718e-04 	 3 3 6 2
     -1.33222868340597322195e-04 	 3 3 6 3
      2.59558656832674242501e-03 	 3 3 6 4
      2.96294787276517963479e-05 	 3 3 6 5
      2.33433313864067987220e-01 	 3 3 6 6
      3.82832645897516771899e-03 	 3 3 7 1
     -2.51453408949878134265e-03 	 3 3 7 2
      2.77666845937516240661e-03 	 3 3 7 3
     -3.20285498891623686413e-03 	 3 3 7 4
      9.90150002849765608086e-06 	 3 3 7 5
     -1.84255770219660650923e-04 	 3 3 7 6
      1.87106715601857487297e-01 	 3 3 7 7
      1.18214420528869515849e-05 	 3 3 8 1
     -2.80066215276212747854e-04 	 3 3 8 2
     -1.14931958422367311995e-03 	 3 3 8 3
     -5.86484744722462914696e-04 	 3 3 8 4
     -8.84658656565173078315e-04 	 3 3 8 5
      5.74972801750727938305e-05 	 3 3 8 6
     -9.77484866674587166493e-04 	 3 3 8 7
      1.04395599747342207597e-01 	 3 3 8 8
     -1.44771081025842182806e-03 	 3 3 9 1
     -7.09321495305787982390e-04 	 3 3 9 2
      4.29218087385825717173e-04 	 3 3 9 3
     -1.35301117222629951192e-03 	 3 3 9 4
      2.70229316822653158926e-04 	 3 3 9 5
     -9.41206708605492521104e-04 	 3 3 9 6
      2.64864548782629610421e-03 	 3 3 9 7
      5.05398219350148506651e-04 	 3 3 9 8
      1.44099801420546402841e-01 	 3 3 9 9
     -3.21858910354691279618e-03 	 4 1 1 1
     -5.21206741751635194604e-05 	 4 1 2 1
      2.88781140828517661132e-03 	 4 1 2 2
     -7.63879888946576907950e-04 	 4 1 3 1
     -6.47893852072798981162e-05 	 4 1 3 2
     -5.21236683494347391270e-04 	 4 1 3 3
      4.37785805180630673700e-03 	 4 1 4 1
     -6.75429731505396147018e-05 	 4 1 4 2
      4.93703935043619964416e-04 	 4 1 4 3
     -1.54951301815150761614e-03 	 4 1 4 4
     -5.21199656462303904133e-05 	 4 1 5 1
      1.56758734641091346945e-05 	 4 1 5 2
      2.14273947853920568893e-05 	 4 1 5 3
     -6.75438889144629661318e-05 	 4 1 5 4
      2.88781590242319146852e-03 	 4 1 5 5
      7.63882927594685431742e-04 	 4 1 6 1
     -2.14271325092518079519e-05 	 4 1 6 2
     -8.55461392057156773394e-05 	 4 1 6 3
     -4.93705914888163373624e-04 	 4 1 6 4
      6.47895477855896402813e-05 	 4 1 6 5
     -5.21229829707571968439e-04 	 4 1 6 6
      3.16483714952925040704e-04 	 4 1 7 1
      5.87740760739765568353e-04 	 4 1 7 2
      1.95465799353169294994e-04 	 4 1 7 3
     -1.08768452258480225782e-03 	 4 1 7 4
      8.85749452623337128792e-07 	 4 1 7 5
      9.77528431572167430573e-05 	 4 1 7 6
      2.72079171804940917606e-03 	 4 1 7 7
     -4.23807293616050584101e-05 	 4 1 8 1
     -1.98132146497392538269e-04 	 4 1 8 2
     -1.66116319218938818920e-05 	 4 1 8 3
      7.10722163828487318990e-05 	 4 1 8 4
     -1.98132534920493458925e-04 	 4 1 8 5
      1.66115596040254117445e-05 	 4 1 8 6
      6.35542765986182314145e-05 	 4 1 8 7
      2.66476364349359272701e-03 	 4 1 8 8
     -3.16482496360604294121e-04 	 4 1 9 1
     -8.85967760549696125331e-07 	 4 1 9 2
      9.77531501927620061427e-05 	 4 1 9 3
      1.08768548574057787905e-03 	 4 1 9 4
     -5.87742128947984815608e-04 	 4 1 9 5
      1.95465883340577333471e-04 	 4 1 9 6
     -1.04004234295395600650e-04 	 4 1 9 7
     -6.35551962679416340479e-05 	 4 1 9 8
      2.72079240532686590995e-03 	 4 1 9 9
      5.00983120680610562354e-04 	 4 2 1 1
      2.57152257512013158081e-05 	 4 2 2 1
      2.12449479399103849028e-03 	 4 2 2 2
     -1.30522626504950804574e-04 	 4 2 3 1
      2.65534047834620537658e-05 	 4 2 3 2
      1.38875248541765359753e-03 	 4 2 3 3
     -6.75429731505820747694e-05 	 4 2 4 1
      3.76916683207536044528e-04 	 4 2 4 2
      6.60111112815139130117e-05 	 4 2 4 3
     -1.90199187871413358600e-04 	 4 2 4 4
      1.44439726132426577625e-05 	 4 2 5 1
      8.56949632215040461988e-05 	 4 2 5 2
      9.74280377723306848745e-07 	 4 2 5 3
     -9.16868195648046284364e-05 	 4 2 5 4
     -1.15022374374105953825e-03 	 4 2 5 5
     -1.03716909128237082553e-04 	 4 2 6 1
     -1.23747725847962170614e-06 	 4 2 6 2
      9.03863383374191993686e-06 	 4 2 6 3
      5.84302403812628697879e-05 	 4 2 6 4
      7.70475553148855257129e-07 	 4 2 6 5
     -3.42315112735400758470e-04 	 4 2 6 6
      3.32008068942144158632e-05 	 4 2 7 1
      6.47022824339030223038e-04 	 4 2 7 2
      4.58571501070634146720e-05 	 4 2 7 3
     -5.05800568864367763866e-04 	 4 2 7 4
     -5.14397054093624600643e-05 	 4 2 7 5
      6.30161625590737148225e-06 	 4 2 7 6
      5.23647957223002773197e-03 	 4 2 7 7
      8.74578353338536320955e-06 	 4 2 8 1
      4.33946223030906130368e-04 	 4 2 8 2
      6.41151496990764315989e-06 	 4 2 8 3
      6.04321701366272734119e-05 	 4 2 8 4
      1.35594817538643824367e-05 	 4 2 8 5
     -2.75858447600765067303e-07 	 4 2 8 6
      9.00802585676930861903e-05 	 4 2 8 7
     -1.38033284953383104249e-03 	 4 2 8 8
     -1.30567664353445488399e-05 	 4 2 9 1
     -3.51435120347814761079e-05 	 4 2 9 2
     -1.96129466757885223354e-05 	 4 2 9 3
     -5.99207307784821430717e-04 	 4 2 9 4
      2.89084440098464052311e-05 	 4 2 9 5
     -1.92400378239724684703e-05 	 4 2 9 6
      2.87077904837967413411e-05 	 4 2 9 7
     -2.59028133841883215194e-05 	 4 2 9 8
     -2.04097738726155119443e-03 	 4 2 9 9
     -4.32768175638858880461e-03 	 4 3 1 1
     -2.97161284857589701766e-05 	 4 3 2 1
      3.32813258414237707773e-04 	 4 3 2 2
      3.73172378671361869751e-05 	 4 3 3 1
     -3.26731913416315213321e-05 	 4 3 3 2
      4.99168014438206887606e-03 	 4 3 3 3
      4.93703935043620398097e-04 	 4 3 4 1
      6.60111112815265033095e-05 	 4 3 4 2
      3.25723062397617331258e-04 	 4 3 4 3
     -4.31543534720530558291e-03 	 4 3 4 4
      7.21230595122267866584e-06 	 4 3 5 1
      3.14536340673427127886e-06 	 4 3 5 2
      7.40955382123771498168e-06 	 4 3 5 3
     -5.84295923143008164155e-05 	 4 3 5 4
     -3.96563438709804708376e-04 	 4 3 5 5
     -1.07961636824992579064e-04 	 4 3 6 1
      1.01851429083914604193e-06 	 4 3 6 2
     -9.61832978817515568161e-05 	 4 3 6 3
     -7.97349283810493022996e-05 	 4 3 6 4
      9.94092202861968660273e-06 	 4 3 6 5
     -2.59558227418231436331e-03 	 4 3 6 6
      8.47842577591401022575e-05 	 4 3 7 1
      2.35742761660554526115e-05 	 4 3 7 2
      7.58797730593065475986e-05 	 4 3 7 3
     -2.92339094161391649905e-04 	 4 3 7 4
     -3.33727309445054756481e-05 	 4 3 7 5
     -1.67547415821889083907e-06 	 4 3 7 6
      4.39188991131353554265e-04 	 4 3 7 7
     -1.05199192762813215632e-05 	 4 3 8 1
      8.53447659347531369317e-06 	 4 3 8 2
     -1.23824065683849912167e-05 	 4 3 8 3
      6.89541582737530488623e-05 	 4 3 8 4
     -1.71132956935665427056e-05 	 4 3 8 5
      4.91520863279502845204e-06 	 4 3 8 6
      5.34469732965017041399e-06 	 4 3 8 7
     -5.54249514105043904736e-06 	 4 3 8 8
      2.31353712088328487253e-05 	 4 3 9 1
     -1.94911491034517289869e-06 	 4 3 9 2
     -1.72739760390739164610e-05 	 4 3 9 3
     -8.19392929312692504598e-05 	 4 3 9 4
     -1.21613464660376598137e-04 	 4 3 9 5
      3.38372695063806673294e-05 	 4 3 9 6
     -8.81321956637789235157e-05 	 4 3 9 7
     -2.43368491465122591100e-05 	 4 3 9 8
     -1.58334340601913700804e-03 	 4 3 9 9
      3.14936413501294421025e-01 	 4 4 1 1
     -9.23661629700557070119e-05 	 4 4 2 1
      2.00350695484699831139e-01 	 4 4 2 2
      2.50209381899559003479e-03 	 4 4 3 1
      4.89279317768196212422e-04 	 4 4 3 2
      2.15295077491830022520e-01 	 4 4 3 3
     -1.54951301815141914524e-03 	 4 4 4 1
     -1.90199187871389479047e-04 	 4 4 4 2
     -4.31543534720530991972e-03 	 4 4 4 3
      5.64010896491580870915e-01 	 4 4 4 4
     -9.23691778450014982539e-05 	 4 4 5 1
      6.37730365656557205735e-04 	 4 4 5 2
     -3.27493835805098894732e-04 	 4 4 5 3
     -1.90187060871040223686e-04 	 4 4 5 4
      2.00350766439442773414e-01 	 4 4 5 5
     -2.50209271141126716673e-03 	 4 4 6 1
      3.27495121315494726408e-04 	 4 4 6 2
      2.15783421965404838966e-03 	 4 4 6 3
      4.31543429893053737817e-03 	 4 4 6 4
     -4.89275220484679620493e-04 	 4 4 6 5
      2.15295117812152297931e-01 	 4 4 6 6
     -5.02989744419490673877e-03 	 4 4 7 1
      2.96963086434161435342e-03 	 4 4 7 2
     -1.06977155488098703805e-03 	 4 4 7 3
     -1.27253906606873169738e-02 	 4 4 7 4
      1.77618108186418117295e-03 	 4 4 7 5
      7.83738145728804535585e-04 	 4 4 7 6
      3.05611785430036253519e-01 	 4 4 7 7
      3.96792616442064255758e-04 	 4 4 8 1
     -3.85958763356311108927e-03 	 4 4 8 2
      2.12025087938562997172e-04 	 4 4 8 3
     -4.19589877842977201916e-03 	 4 4 8 4
     -3.85958636993654269007e-03 	 4 4 8 5
     -2.12023292569995505576e-04 	 4 4 8 6
     -9.16976314044957475924e-04 	 4 4 8 7
      1.75627208668037909645e-01 	 4 4 8 8
      5.02989844916394007734e-03 	 4 4 9 1
     -1.77618186381289962228e-03 	 4 4 9 2
      7.83736858742646157888e-04 	 4 4 9 3
      1.27254289925178495912e-02 	 4 4 9 4
     -2.96963671545598514520e-03 	 4 4 9 5
     -1.06977153450286315353e-03 	 4 4 9 6
      9.00959424460746893804e-03 	 4 4 9 7
      9.16966039943003727308e-04 	 4 4 9 8
      3.05611830430847219997e-01 	 4 4 9 9
      5.14424310396063106873e-04 	 5 1 1 1
     -1.74576681620805584145e-06 	 5 1 2 1
     -1.07007560481446194374e-04 	 5 1 2 2
     -4.70674192825518153209e-05 	 5 1 3 1
      6.14795610111056908070e-07 	 5 1 3 2
      2.84517048359650295917e-04 	 5 1 3 3
     -5.21199656462377291068e-05 	 5 1 4 1
      1.44439726132406824816e-05 	 5 1 4 2
      7.21230595122038659468e-06 	 5 1 4 3
     -9.23691778450183982553e-05 	 5 1 4 4
      2.34381078756076554899e-05 	 5 1 5 1
      4.98227172220954012003e-06 	 5 1 5 2
      6.32620447037762931536e-06 	 5 1 5 3
      2.57150704521278084197e-05 	 5 1 5 4
      1.33595924071907342506e-03 	 5 1 5 5
     -1.11160101199186169820e-04 	 5 1 6 1
      3.06532769372236958520e-07 	 5 1 6 2
      5.20766690511209701608e-06 	 5 1 6 3
      2.97161682968307033802e-05 	 5 1 6 4
     -1.27538035637895194967e-06 	 5 1 6 5
     -5.51231190608094854221e-04 	 5 1 6 6
      2.38153249878635396878e-05 	 5 1 7 1
     -3.00856507652589758939e-05 	 5 1 7 2
     -2.47139754983019908484e-06 	 5 1 7 3
      3.15449008679464382035e-06 	 5 1 7 4
     -1.90785847286786362776e-05 	 5 1 7 5
     -1.36488120094208617931e-06 	 5 1 7 6
     -1.12283600911833417483e-04 	 5 1 7 7
      2.59932879296940219058e-06 	 5 1 8 1
      3.70139658581875505001e-05 	 5 1 8 2
      7.75780566175604452748e-08 	 5 1 8 3
      3.37675271913976606951e-06 	 5 1 8 4
      4.91724636692900994388e-05 	 5 1 8 5
     -5.59949848281526235543e-07 	 5 1 8 6
     -3.43241322768772655902e-06 	 5 1 8 7
      6.74308853638259778941e-05 	 5 1 8 8
      6.75815170465801169826e-06 	 5 1 9 1
     -2.18443380750067114225e-06 	 5 1 9 2
     -1.87765837201127714887e-07 	 5 1 9 3
     -1.13472946432328707870e-04 	 5 1 9 4
     -1.05298785002817043037e-04 	 5 1 9 5
      8.40491972366607479890e-06 	 5 1 9 6
     -1.16977073492014152392e-05 	 5 1 9 7
     -4.47966258579534574828e-05 	 5 1 9 8
      1.33252472795111428800e-04 	 5 1 9 9
      4.79463596466547716402e-04 	 5 2 1 1
      4.98235875445544371375e-06 	 5 2 2 1
     -2.04337369726981460741e-03 	 5 2 2 2
      1.54838073226833226266e-06 	 5 2 3 1
      1.57771633285358036779e-05 	 5 2 3 2
      4.62833403662348506769e-04 	 5 2 3 3
      1.56758734641116114189e-05 	 5 2 4 1
      8.56949632215043172493e-05 	 5 2 4 2
      3.14536340673672725089e-06 	 5 2 4 3
      6.37730365656567722496e-04 	 5 2 4 4
      4.98227172221155605844e-06 	 5 2 5 1
      3.84095170962564080169e-04 	 5 2 5 2
     -6.80728437988739767630e-06 	 5 2 5 3
      8.56950892272875173724e-05 	 5 2 5 4
     -2.04335166988671955435e-03 	 5 2 5 5
     -1.54860237728579858125e-06 	 5 2 6 1
      6.80732553669840949226e-06 	 5 2 6 2
      1.57474804300354296425e-06 	 5 2 6 3
     -3.14529313081546195912e-06 	 5 2 6 4
     -1.57773014231254475799e-05 	 5 2 6 5
      4.62834210195021511329e-04 	 5 2 6 6
      6.23413432201472476175e-06 	 5 2 7 1
      3.93825736139811154440e-04 	 5 2 7 2
      5.95813511093961138237e-06 	 5 2 7 3
      3.62165839504283973340e-05 	 5 2 7 4
     -4.35917202198424677778e-05 	 5 2 7 5
     -1.22205009754240225479e-06 	 5 2 7 6
      1.12663253740833140155e-03 	 5 2 7 7
      3.44475833813088477679e-05 	 5 2 8 1
      6.94224072740023327548e-04 	 5 2 8 2
      1.15237653363506734782e-05 	 5 2 8 3
      5.67227965179169479589e-05 	 5 2 8 4
      6.94221965248099839169e-04 	 5 2 8 5
     -1.15238652715600952640e-05 	 5 2 8 6
     -6.42535333669764358294e-05 	 5 2 8 7
     -6.36015568690443539035e-03 	 5 2 8 8
     -6.23417998172501327219e-06 	 5 2 9 1
      4.35914263644812471172e-05 	 5 2 9 2
     -1.22191951344393849685e-06 	 5 2 9 3
     -3.62167833173041345783e-05 	 5 2 9 4
     -3.93826974222227636259e-04 	 5 2 9 5
      5.95813170848493737830e-06 	 5 2 9 6
     -3.43401679233738685781e-05 	 5 2 9 7
      6.42529277430844031902e-05 	 5 2 9 8
      1.12663840884164230018e-03 	 5 2 9 9
     -2.03726857640970090502e-04 	 5 3 1 1
     -3.06608177772764220149e-07 	 5 3 2 1
      5.25061676141835411758e-06 	 5 3 2 2
     -1.36986203243089942804e-05 	 5 3 3 1
     -5.75582900797314164326e-06 	 5 3 3 2
      3.70720373092595610609e-04 	 5 3 3 3
      2.14273947853899223662e-05 	 5 3 4 1
      9.74280377722169707013e-07 	 5 3 4 2
      7.40955382123712798784e-06 	 5 3 4 3
     -3.27493835805104532583e-04 	 5 3 4 4
      6.32620447037759119888e-06 	 5 3 5 1
     -6.80728437988778053519e-06 	 5 3 5 2
      4.41273586219396882847e-06 	 5 3 5 3
      1.23741954910644629037e-06 	 5 3 5 4
      7.22172778380222781663e-04 	 5 3 5 5
     -4.34183231619560404705e-06 	 5 3 6 1
     -7.70372716382720390153e-07 	 5 3 6 2
     -7.61955275747704504692e-06 	 5 3 6 3
      1.01844736772026604463e-06 	 5 3 6 4
      1.89299354995023874552e-06 	 5 3 6 5
     -2.31960218702231016309e-04 	 5 3 6 6
      7.45809399763158073585e-06 	 5 3 7 1
     -4.75832645300891413851e-06 	 5 3 7 2
      7.55743784999210790730e-06 	 5 3 7 3
      1.69255349969968742254e-06 	 5 3 7 4
     -9.95835594307900549295e-06 	 5 3 7 5
      7.96913415993915137663e-07 	 5 3 7 6
     -1.84314445582151970006e-04 	 5 3 7 7
     -8.76946811342585652134e-07 	 5 3 8 1
      8.53262854550095471077e-06 	 5 3 8 2
     -2.12751695465209535242e-06 	 5 3 8 3
      1.84518790683947539683e-06 	 5 3 8 4
     -1.66882162241292658395e-05 	 5 3 8 5
      2.87658270632433756073e-07 	 5 3 8 6
     -6.84658881787193889464e-07 	 5 3 8 7
      2.30784049513698145874e-04 	 5 3 8 8
     -5.53523491683897256831e-06 	 5 3 9 1
     -1.56262008473521452596e-06 	 5 3 9 2
      2.66907876989777440632e-06 	 5 3 9 3
     -4.04344987062045735848e-05 	 5 3 9 4
     -8.81112944757264848143e-06 	 5 3 9 5
      4.51827639645362419326e-06 	 5 3 9 6
     -1.27997303995685305056e-05 	 5 3 9 7
     -1.79011776203083711797e-05 	 5 3 9 8
     -1.57850712447097209310e-04 	 5 3 9 9
      5.00992496628125901816e-04 	 5 4 1 1
      1.44441186411193720136e-05 	 5 4 2 1
     -1.15022503008198307382e-03 	 5 4 2 2
      1.03717074540053881093e-04 	 5 4 3 1
     -7.70468281608850248187e-07 	 5 4 3 2
     -3.42310425606768978582e-04 	 5 4 3 3
     -6.75438889144791749543e-05 	 5 4 4 1
     -9.16868195648185197767e-05 	 5 4 4 2
     -5.84295923143078840584e-05 	 5 4 4 3
     -1.90187060871100993217e-04 	 5 4 4 4
      2.57150704521306849436e-05 	 5 4 5 1
      8.56950892272720674914e-05 	 5 4 5 2
      1.23741954910745193024e-06 	 5 4 5 3
      3.76917638456589405328e-04 	 5 4 5 4
      2.12448682999576664299e-03 	 5 4 5 5
      1.30522519181585006836e-04 	 5 4 6 1
     -9.74361533726100200579e-07 	 5 4 6 2
      9.03863004387650035925e-06 	 5 4 6 3
     -6.60100162219441166482e-05 	 5 4 6 4
     -2.65534420478425795789e-05 	 5 4 6 5
      1.38875556393980650882e-03 	 5 4 6 6
      1.30566517074945377642e-05 	 5 4 7 1
     -2.89093286061767479626e-05 	 5 4 7 2
     -1.92400283736801639897e-05 	 5 4 7 3
      5.99208098254438276641e-04 	 5 4 7 4
      3.51427700438094821789e-05 	 5 4 7 5
     -1.96130207330061018321e-05 	 5 4 7 6
     -2.04097915928342678316e-03 	 5 4 7 7
      8.74538297008245696720e-06 	 5 4 8 1
      1.35598581723545390525e-05 	 5 4 8 2
      2.75869570871830706867e-07 	 5 4 8 3
      6.04312537619144607101e-05 	 5 4 8 4
      4.33948415566410194890e-04 	 5 4 8 5
     -6.41142932387193137281e-06 	 5 4 8 6
      2.59028450892862157891e-05 	 5 4 8 7
     -1.38033916586060992696e-03 	 5 4 8 8
     -3.32013010149203560868e-05 	 5 4 9 1
      5.14391021240000523621e-05 	 5 4 9 2
      6.30112774756217372573e-06 	 5 4 9 3
      5.05800105910688357035e-04 	 5 4 9 4
     -6.47021489923617961620e-04 	 5 4 9 5
      4.58574649859012825051e-05 	 5 4 9 6
      2.87081830441620930558e-05 	 5 4 9 7
     -9.00795711180117587760e-05 	 5 4 9 8
      5.23647689801177203955e-03 	 5 4 9 9
      1.37200584965701838369e-01 	 5 5 1 1
     -1.07006591221288463759e-04 	 5 5 2 1
      1.93293821713545838081e-01 	 5 5 2 2
      9.43545564865079142668e-04 	 5 5 3 1
     -3.03392843997633037865e-05 	 5 5 3 2
      1.09398477896717416513e-01 	 5 5 3 3
      2.88781590242308911984e-03 	 5 5 4 1
     -1.15022374374107146447e-03 	 5 5 4 2
     -3.96563438709826175579e-04 	 5 5 4 3
      2.00350766439442606881e-01 	 5 5 4 4
      1.33595924071906973878e-03 	 5 5 5 1
     -2.04335166988666360952e-03 	 5 5 5 2
      7.22172778380220396419e-04 	 5 5 5 3
      2.12448682999572544330e-03 	 5 5 5 4
      5.18446381536143530155e-01 	 5 5 5 5
      1.36083654730635228365e-05 	 5 5 6 1
     -5.24989626393693195827e-06 	 5 5 6 2
      5.94137808946488686808e-04 	 5 5 6 3
     -3.32816946447886310295e-04 	 5 5 6 4
      3.87436206358320929131e-05 	 5 5 6 5
      1.25652866144494529399e-01 	 5 5 6 6
     -1.73814246424269357866e-03 	 5 5 7 1
      3.65496834075660194732e-03 	 5 5 7 2
      6.16436652864080550894e-05 	 5 5 7 3
     -2.44256095196656447532e-03 	 5 5 7 4
     -1.78859797629525823885e-03 	 5 5 7 5
      2.86688792359108559314e-04 	 5 5 7 6
      1.68785817790850722897e-01 	 5 5 7 7
      2.46740788580751080764e-06 	 5 5 8 1
     -1.95606742520882228090e-03 	 5 5 8 2
     -1.32286028098152318036e-04 	 5 5 8 3
      9.13624802913814786608e-04 	 5 5 8 4
     -1.58311669719683155433e-02 	 5 5 8 5
     -1.42847170828184371651e-04 	 5 5 8 6
     -1.11402026010363401458e-03 	 5 5 8 7
      2.97438493259391756318e-01 	 5 5 8 8
      1.50268278120802164198e-03 	 5 5 9 1
     -1.29391396511540517945e-03 	 5 5 9 2
      8.40187349110354609119e-04 	 5 5 9 3
      1.43159327246853720038e-03 	 5 5 9 4
     -1.64319219812811001535e-02 	 5 5 9 5
      1.63140844823428062850e-03 	 5 5 9 6
     -8.61683679500460479594e-04 	 5 5 9 7
     -6.24835058534717064510e-03 	 5 5 9 8
      2.98487130367854125446e-01 	 5 5 9 9
      8.48872872409911645962e-04 	 6 1 1 1
      4.70672027651101510578e-05 	 6 1 2 1
     -9.43544253155807343021e-04 	 6 1 2 2
      1.37241612948399427374e-03 	 6 1 3 1
      1.89235451173858470484e-06 	 6 1 3 2
     -3.98323050145161280250e-03 	 6 1 3 3
      7.63882927594642172076e-04 	 6 1 4 1
     -1.03716909128208446063e-04 	 6 1 4 2
     -1.07961636825009018280e-04 	 6 1 4 3
     -2.50209271141130966745e-03 	 6 1 4 4
     -1.11160101199178580405e-04 	 6 1 5 1
     -1.54860237730642891571e-06 	 6 1 5 2
     -4.34183231619373125721e-06 	 6 1 5 3
      1.30522519181603844848e-04 	 6 1 5 4
      1.36083654729739829837e-05 	 6 1 5 5
      5.30940682804840590608e-03 	 6 1 6 1
     -1.36989958327575368899e-05 	 6 1 6 2
      4.33155710675715767844e-04 	 6 1 6 3
      3.73174788764336941836e-05 	 6 1 6 4
      3.60115015915163125628e-06 	 6 1 6 5
      1.10708960457469307581e-02 	 6 1 6 6
     -2.41443780145103404158e-05 	 6 1 7 1
      6.14502864710695116462e-05 	 6 1 7 2
      9.59984972742439362256e-06 	 6 1 7 3
      4.05480038407302620981e-04 	 6 1 7 4
      2.44218852793178215594e-05 	 6 1 7 5
      8.43944638483768821676e-05 	 6 1 7 6
     -2.38853121457515554793e-03 	 6 1 7 7
     -3.11222445978558969761e-05 	 6 1 8 1
      3.45061233852942186698e-07 	 6 1 8 2
     -1.22666120871461325754e-06 	 6 1 8 3
      3.58761381387151341766e-05 	 6 1 8 4
      3.35002445993473491341e-05 	 6 1 8 5
     -2.55330635119493789271e-06 	 6 1 8 6
      2.21454646944109812576e-05 	 6 1 8 7
     -3.97704287140614046528e-04 	 6 1 8 8
     -4.11419470638375547097e-04 	 6 1 9 1
      3.67679034253524198990e-05 	 6 1 9 2
     -1.34723989728651781322e-05 	 6 1 9 3
      3.95451246696274742037e-04 	 6 1 9 4
      1.16590862935548952189e-04 	 6 1 9 5
     -1.34365578765386587280e-04 	 6 1 9 6
     -2.99538281966100327486e-05 	 6 1 9 7
      2.10161912130658956133e-05 	 6 1 9 8
      8.64348688138251593747e-04 	 6 1 9 9
      2.03725739603770133156e-04 	 6 2 1 1
     -6.32624829018077306728e-06 	 6 2 2 1
     -7.22172660289249258338e-04 	 6 2 2 2
     -4.34191037035329322586e-06 	 6 2 3 1
      1.89318711644502941090e-06 	 6 2 3 2
      2.31959569302384700177e-04 	 6 2 3 3
     -2.14271325092482097560e-05 	 6 2 4 1
     -1.23747725848232056487e-06 	 6 2 4 2
      1.01851429084036344003e-06 	 6 2 4 3
      3.27495121315506544212e-04 	 6 2 4 4
      3.06532769371703327763e-07 	 6 2 5 1
      6.80732553670078626671e-06 	 6 2 5 2
     -7.70372716382868197402e-07 	 6 2 5 3
     -9.74361533728531185137e-07 	 6 2 5 4
     -5.24989626393305085331e-06 	 6 2 5 5
     -1.36989958327563595141e-05 	 6 2 6 1
      4.41267567798180508030e-06 	 6 2 6 2
      7.61947445431186094674e-06 	 6 2 6 3
      7.40956528183222841558e-06 	 6 2 6 4
     -5.75570835845338692514e-06 	 6 2 6 5
     -3.70723076953955192527e-04 	 6 2 6 6
     -5.53514755449569562275e-06 	 6 2 7 1
     -8.81100653044085838973e-06 	 6 2 7 2
     -4.51824062579539494230e-06 	 6 2 7 3
     -4.04339873211123287944e-05 	 6 2 7 4
     -1.56272076964150923396e-06 	 6 2 7 5
     -2.66918551473819426297e-06 	 6 2 7 6
      1.57849780912722561024e-04 	 6 2 7 7
      8.76959887773420066171e-07 	 6 2 8 1
      1.66874688071219252363e-05 	 6 2 8 2
      2.87737820986025747669e-07 	 6 2 8 3
     -1.84521628037814378455e-06 	 6 2 8 4
     -8.53281310295736931449e-06 	 6 2 8 5
     -2.12752689716809666634e-06 	 6 2 8 6
     -1.79011264435773528067e-05 	 6 2 8 7
     -2.30782843461746316194e-04 	 6 2 8 8
      7.45816131509134697212e-06 	 6 2 9 1
     -9.95890750206606683204e-06 	 6 2 9 2
     -7.96882986399400444712e-07 	 6 2 9 3
      1.69269367960892346586e-06 	 6 2 9 4
     -4.75858171791721144633e-06 	 6 2 9 5
     -7.55732896125986713297e-06 	 6 2 9 6
      1.27997136939414974971e-05 	 6 2 9 7
     -6.84913903919096425956e-07 	 6 2 9 8
      1.84315187970472411753e-04 	 6 2 9 9
      6.08295803549506984564e-03 	 6 3 1 1
      5.20759051173760635644e-06 	 6 3 2 1
      5.94139758546860887768e-04 	 6 3 2 2
     -4.33154913709567039592e-04 	 6 3 3 1
      2.78139106610668319832e-05 	 6 3 3 2
     -1.33222868340592253550e-04 	 6 3 3 3
     -8.55461392057226162333e-05 	 6 3 4 1
      9.03863383374610089148e-06 	 6 3 4 2
     -9.61832978817542537690e-05 	 6 3 4 3
      2.15783421965403971604e-03 	 6 3 4 4
      5.20766690511450936591e-06 	 6 3 5 1
      1.57474804299848914217e-06 	 6 3 5 2
     -7.61955275747655715594e-06 	 6 3 5 3
      9.03863004388464881620e-06 	 6 3 5 4
      5.94137808946462015434e-04 	 6 3 5 5
      4.33155710675713165759e-04 	 6 3 6 1
      7.61947445431152721576e-06 	 6 3 6 2
      3.01331602546852695985e-04 	 6 3 6 3
      9.61834630449854628047e-05 	 6 3 6 4
     -2.78138016816890774495e-05 	 6 3 6 5
     -1.33210810934221500317e-04 	 6 3 6 6
      4.21388446974947327686e-05 	 6 3 7 1
     -1.69099123121021016288e-05 	 6 3 7 2
     -6.72293449696155661320e-05 	 6 3 7 3
     -2.36166493465048759281e-05 	 6 3 7 4
      1.01408998777476599409e-05 	 6 3 7 5
     -4.80120344559368325695e-06 	 6 3 7 6
      1.14963701238440427731e-03 	 6 3 7 7
      4.27315969763892694036e-06 	 6 3 8 1
     -1.04619220493241726265e-05 	 6 3 8 2
      8.41219939958258306465e-06 	 6 3 8 3
     -1.15586254405611310852e-05 	 6 3 8 4
     -1.04619021795465134007e-05 	 6 3 8 5
     -8.41207032013858921609e-06 	 6 3 8 6
     -8.01017783639520317596e-06 	 6 3 8 7
      4.87165476387364305196e-04 	 6 3 8 8
     -4.21388531281429072422e-05 	 6 3 9 1
     -1.01408977599600404754e-05 	 6 3 9 2
     -4.80124923780354761983e-06 	 6 3 9 3
      2.36166650641691167804e-05 	 6 3 9 4
      1.69100935908005002746e-05 	 6 3 9 5
     -6.72292731217668778146e-05 	 6 3 9 6
      5.24155621984308131914e-05 	 6 3 9 7
      8.01018244551871084016e-06 	 6 3 9 8
      1.14963561688651082042e-03 	 6 3 9 9
      4.32769025798943399175e-03 	 6 4 1 1
     -7.21202215018618274532e-06 	 6 4 2 1
      3.96564306957899331569e-04 	 6 4 2 2
     -1.07961570988250108566e-04 	 6 4 3 1
      9.94100218649251522220e-06 	 6 4 3 2
      2.59558656832673505244e-03 	 6 4 3 3
     -4.93705914888192430243e-04 	 6 4 4 1
      5.84302403812738473349e-05 	 6 4 4 2
     -7.97349283810597919556e-05 	 6 4 4 3
      4.31543429893048793855e-03 	 6 4 4 4
      2.97161682968335595753e-05 	 6 4 5 1
     -3.14529313082274983060e-06 	 6 4 5 2
      1.01844736772126914339e-06 	 6 4 5 3
     -6.60100162219352668480e-05 	 6 4 5 4
     -3.32816946447918619520e-04 	 6 4 5 5
      3.73174788764270534453e-05 	 6 4 6 1
      7.40956528183202512767e-06 	 6 4 6 2
      9.61834630449839042641e-05 	 6 4 6 3
      3.25724154577375964864e-04 	 6 4 6 4
     -3.26731131782093212621e-05 	 6 4 6 5
     -4.99168606697224150753e-03 	 6 4 6 6
      2.31350519951395048809e-05 	 6 4 7 1
     -1.21613268080285634107e-04 	 6 4 7 2
     -3.38374264888673966347e-05 	 6 4 7 3
     -8.19394769133398363998e-05 	 6 4 7 4
     -1.94912029926987840687e-06 	 6 4 7 5
      1.72739024567917660836e-05 	 6 4 7 6
      1.58334308016034740370e-03 	 6 4 7 7
      1.05199919566525441358e-05 	 6 4 8 1
      1.71134653295578690723e-05 	 6 4 8 2
      4.91526275868623049994e-06 	 6 4 8 3
     -6.89532367104598290950e-05 	 6 4 8 4
     -8.53434989702949688606e-06 	 6 4 8 5
     -1.23822480141790090911e-05 	 6 4 8 6
     -2.43365325176322126407e-05 	 6 4 8 7
      5.54048667187952277276e-06 	 6 4 8 8
      8.47841248215388539706e-05 	 6 4 9 1
     -3.33726848581025728924e-05 	 6 4 9 2
      1.67533272816960352795e-06 	 6 4 9 3
     -2.92338476679078267898e-04 	 6 4 9 4
      2.35750260021661528205e-05 	 6 4 9 5
     -7.58798450995109972266e-05 	 6 4 9 6
      8.81322172455302157339e-05 	 6 4 9 7
      5.34490298664714999559e-06 	 6 4 9 8
     -4.39191630759094495118e-04 	 6 4 9 9
      5.03652898325960976869e-05 	 6 5 1 1
     -6.14910060318080986496e-07 	 6 5 2 1
      3.03405806678863369167e-05 	 6 5 2 2
      1.89240047772788041361e-06 	 6 5 3 1
     -2.06929737980922071053e-06 	 6 5 3 2
      2.96294787276488927189e-05 	 6 5 3 3
      6.47895477855952374750e-05 	 6 5 4 1
      7.70475553145137735402e-07 	 6 5 4 2
      9.94092202862128410687e-06 	 6 5 4 3
     -4.89275220484665092184e-04 	 6 5 4 4
     -1.27538035637946101648e-06 	 6 5 5 1
     -1.57773014231255492238e-05 	 6 5 5 2
      1.89299354995009517343e-06 	 6 5 5 3
     -2.65534420478442600923e-05 	 6 5 5 4
      3.87436206358318760727e-05 	 6 5 5 5
      3.60115015915299540284e-06 	 6 5 6 1
     -5.75570835845336066711e-06 	 6 5 6 2
     -2.78138016816888572209e-05 	 6 5 6 3
     -3.26731131782089960014e-05 	 6 5 6 4
      4.07733958923799856447e-05 	 6 5 6 5
      3.33376732908861016236e-03 	 6 5 6 6
      1.55288705575985409185e-05 	 6 5 7 1
      3.06385595947399118639e-06 	 6 5 7 2
      4.35026669516070044609e-06 	 6 5 7 3
     -1.00397335096600649230e-05 	 6 5 7 4
     -6.10436463019346335363e-06 	 6 5 7 5
      1.26751796047182758070e-05 	 6 5 7 6
     -1.43575548511000163293e-04 	 6 5 7 7
     -2.28680994128139940494e-06 	 6 5 8 1
     -1.71395524110297207299e-06 	 6 5 8 2
     -9.54412318741760435677e-07 	 6 5 8 3
     -1.56478975134302443626e-06 	 6 5 8 4
     -6.63108505681599656473e-05 	 6 5 8 5
      1.31648588940830542414e-05 	 6 5 8 6
     -8.87863116709878763309e-07 	 6 5 8 7
      2.36245677293949574811e-04 	 6 5 8 8
     -1.26962351061034123078e-05 	 6 5 9 1
     -5.69702231437406678849e-06 	 6 5 9 2
      3.59968121900807495547e-07 	 6 5 9 3
     -9.83697355809276706364e-06 	 6 5 9 4
      6.81543908031593767029e-05 	 6 5 9 5
      4.60252104046330888011e-05 	 6 5 9 6
     -9.91909183079111251094e-06 	 6 5 9 7
     -9.48389117687449938808e-07 	 6 5 9 8
     -7.10393161964266461363e-04 	 6 5 9 9
      3.74591898731630679187e-01 	 6 6 1 1
      2.84511785318212085272e-04 	 6 6 2 1
      1.09398464684407045744e-01 	 6 6 2 2
      3.98324249016398460738e-03 	 6 6 3 1
     -2.96284287975640537563e-05 	 6 6 3 2
      2.33433313864067987220e-01 	 6 6 3 3
     -5.21229829707514505724e-04 	 6 6 4 1
     -3.42315112735456215411e-04 	 6 6 4 2
     -2.59558227418230612338e-03 	 6 6 4 3
      2.15295117812152464465e-01 	 6 6 4 4
     -5.51231190608093878439e-04 	 6 6 5 1
      4.62834210195020589757e-04 	 6 6 5 2
     -2.31960218702231368675e-04 	 6 6 5 3
      1.38875556393982515710e-03 	 6 6 5 4
      1.25652866144494362866e-01 	 6 6 5 5
      1.10708960457469845345e-02 	 6 6 6 1
     -3.70723076953954921477e-04 	 6 6 6 2
     -1.33210810934206077541e-04 	 6 6 6 3
     -4.99168606697223630336e-03 	 6 6 6 4
      3.33376732908861580021e-03 	 6 6 6 5
      7.68419304432511829361e-01 	 6 6 6 6
      1.44771308363259194885e-03 	 6 6 7 1
     -2.70228609050103551776e-04 	 6 6 7 2
     -9.41207475514320738783e-04 	 6 6 7 3
      1.35301770192851073676e-03 	 6 6 7 4
      7.09321735150829054198e-04 	 6 6 7 5
      4.29211845991284276711e-04 	 6 6 7 6
      1.44099793807817122548e-01 	 6 6 7 7
      1.18230982318425008700e-05 	 6 6 8 1
     -8.84658724869433221207e-04 	 6 6 8 2
     -5.74958791557372145276e-05 	 6 6 8 3
     -5.86486593556186401252e-04 	 6 6 8 4
     -2.80064860403651165553e-04 	 6 6 8 5
      1.14932260496636295954e-03 	 6 6 8 6
     -5.05396923528901326900e-04 	 6 6 8 7
      1.04395602010775231938e-01 	 6 6 8 8
     -3.82833068016287438734e-03 	 6 6 9 1
     -9.90035694035608013468e-06 	 6 6 9 2
     -1.84255603733597650949e-04 	 6 6 9 3
      3.20285997435090351998e-03 	 6 6 9 4
      2.51453943031991348014e-03 	 6 6 9 5
      2.77667762736443640703e-03 	 6 6 9 6
      2.64865054525471313104e-03 	 6 6 9 7
      9.77482382529101280488e-04 	 6 6 9 8
      1.87106774895735128439e-01 	 6 6 9 9
      5.24608859019671646545e-03 	 7 1 1 1
     -6.75855722670331647003e-06 	 7 1 2 1
     -1.50267598183119574680e-03 	 7 1 2 2
     -4.11417877107450276949e-04 	 7 1 3 1
     -1.26962935484601775309e-05 	 7 1 3 2
      3.82832645897514213182e-03 	 7 1 3 3
      3.16483714952932250648e-04 	 7 1 4 1
      3.32008068942155542755e-05 	 7 1 4 2
      8.47842577591449540622e-05 	 7 1 4 3
     -5.02989744419489979987e-03 	 7 1 4 4
      2.38153249878616050646e-05 	 7 1 5 1
      6.23413432202267840112e-06 	 7 1 5 2
      7.45809399763109623301e-06 	 7 1 5 3
      1.30566517074850018673e-05 	 7 1 5 4
     -1.73814246424268533872e-03 	 7 1 5 5
     -2.41443780145030288274e-05 	 7 1 6 1
     -5.53514755449603528296e-06 	 7 1 6 2
      4.21388446974949496091e-05 	 7 1 6 3
      2.31350519951466097933e-05 	 7 1 6 4
      1.55288705575981546714e-05 	 7 1 6 5
      1.44771308363256375959e-03 	 7 1 6 6
      4.07946144455472500118e-04 	 7 1 7 1
     -2.60998902929013537177e-04 	 7 1 7 2
     -9.06231165796129840514e-06 	 7 1 7 3
      7.74085998284816125502e-04 	 7 1 7 4
     -4.85386843312410088151e-05 	 7 1 7 5
     -4.61881785648477147526e-05 	 7 1 7 6
     -3.45914671708772705414e-03 	 7 1 7 7
     -8.31694003771744475625e-06 	 7 1 8 1
      1.87664379445399374371e-04 	 7 1 8 2
     -5.33739538032914990817e-06 	 7 1 8 3
      2.48796565398991576554e-05 	 7 1 8 4
      1.15368424903327905983e-04 	 7 1 8 5
      6.92777692408015273483e-06 	 7 1 8 6
      1.18866049063158311092e-05 	 7 1 8 7
     -1.57494287886054723687e-03 	 7 1 8 8
     -1.77190319854102272621e-04 	 7 1 9 1
      3.43243242957446079177e-05 	 7 1 9 2
     -1.09302228210958795381e-05 	 7 1 9 3
     -2.12715974158831033986e-04 	 7 1 9 4
      8.49543757052903785593e-05 	 7 1 9 5
      1.03403223511450385056e-05 	 7 1 9 6
     -1.73223349447644477681e-04 	 7 1 9 7
     -1.32898929061992788055e-05 	 7 1 9 8
     -2.34829777151166450844e-03 	 7 1 9 9
     -1.37201381296741435969e-03 	 7 2 1 1
      1.05299715177711684998e-04 	 7 2 2 1
      1.64319091970503879108e-02 	 7 2 2 2
      1.16590513544825798197e-04 	 7 2 3 1
      6.81544115036547310145e-05 	 7 2 3 2
     -2.51453408949877136799e-03 	 7 2 3 3
      5.87740760739700949904e-04 	 7 2 4 1
      6.47022824339044209246e-04 	 7 2 4 2
      2.35742761660346156010e-05 	 7 2 4 3
      2.96963086434143394218e-03 	 7 2 4 4
     -3.00856507652417506319e-05 	 7 2 5 1
      3.93825736139775104717e-04 	 7 2 5 2
     -4.75832645300370319182e-06 	 7 2 5 3
     -2.89093286061128884547e-05 	 7 2 5 4
      3.65496834075678929746e-03 	 7 2 5 5
      6.14502864710405092381e-05 	 7 2 6 1
     -8.81100653044411607844e-06 	 7 2 6 2
     -1.69099123121100908436e-05 	 7 2 6 3
     -1.21613268080286894492e-04 	 7 2 6 4
      3.06385595947207731545e-06 	 7 2 6 5
     -2.70228609050038716486e-04 	 7 2 6 6
     -2.60998902929004375668e-04 	 7 2 7 1
      7.23172218798917576521e-03 	 7 2 7 2
      2.99180841648087343220e-04 	 7 2 7 3
      4.59442506499625725417e-04 	 7 2 7 4
      8.75971340039494519858e-05 	 7 2 7 5
      1.58206152151141630309e-04 	 7 2 7 6
      1.60128492459285509675e-02 	 7 2 7 7
      6.65401686425786038394e-05 	 7 2 8 1
      5.39884104267912470071e-04 	 7 2 8 2
      1.88924080834954536540e-05 	 7 2 8 3
      2.74213587668537407249e-04 	 7 2 8 4
     -6.50419048375845600812e-04 	 7 2 8 5
     -1.67049606156457526194e-05 	 7 2 8 6
      7.53782882402497683184e-04 	 7 2 8 7
      2.17102009264811884534e-03 	 7 2 8 8
      8.49542727777153055136e-05 	 7 2 9 1
     -9.04747820461616631543e-05 	 7 2 9 2
      4.41873766235989956811e-05 	 7 2 9 3
      5.38619828446552082780e-04 	 7 2 9 4
     -4.95412518143215812108e-04 	 7 2 9 5
      3.54763556121090927950e-05 	 7 2 9 6
     -3.50551901001763268305e-04 	 7 2 9 7
     -4.43668155402783098143e-05 	 7 2 9 8
      3.64691954283599250458e-03 	 7 2 9 9
     -1.75927550761911929630e-03 	 7 3 1 1
      8.40493842266125704924e-06 	 7 3 2 1
      1.63140637142452455885e-03 	 7 3 2 2
      1.34365771319114622262e-04 	 7 3 3 1
     -4.60250932201921659267e-05 	 7 3 3 2
      2.77666845937515633508e-03 	 7 3 3 3
      1.95465799353170650247e-04 	 7 3 4 1
      4.58571501070654746562e-05 	 7 3 4 2
      7.58797730593074962755e-05 	 7 3 4 3
     -1.06977155488098660437e-03 	 7 3 4 4
     -2.47139754983052138088e-06 	 7 3 5 1
      5.95813511094185517265e-06 	 7 3 5 2
      7.55743784999193850071e-06 	 7 3 5 3
     -1.92400283736816174983e-05 	 7 3 5 4
      6.16436652864086649531e-05 	 7 3 5 5
      9.59984972742694488580e-06 	 7 3 6 1
     -4.51824062579556434889e-06 	 7 3 6 2
     -6.72293449696155525795e-05 	 7 3 6 3
     -3.38374264888642321196e-05 	 7 3 6 4
      4.35026669516039551423e-06 	 7 3 6 5
     -9.41207475514324208229e-04 	 7 3 6 6
     -9.06231165796140851942e-06 	 7 3 7 1
      2.99180841648083385882e-04 	 7 3 7 2
      1.38838706283072243694e-04 	 7 3 7 3
      3.35834119563192771561e-05 	 7 3 7 4
     -3.58239063123025222547e-05 	 7 3 7 5
      2.34901402435237342022e-05 	 7 3 7 6
      3.08765355973540395890e-03 	 7 3 7 7
     -2.78051661787323889217e-08 	 7 3 8 1
      1.26269870526351870601e-05 	 7 3 8 2
     -1.46814051537017618273e-05 	 7 3 8 3
      2.60508549636063571121e-05 	 7 3 8 4
     -4.97607153595031958084e-06 	 7 3 8 5
      1.18279394563827160130e-06 	 7 3 8 6
      7.08107199112298401136e-05 	 7 3 8 7
      5.48206450392046224993e-04 	 7 3 8 8
     -1.03402083084607950036e-05 	 7 3 9 1
      5.89637659909543977499e-06 	 7 3 9 2
      1.56290542726223991010e-05 	 7 3 9 3
     -3.86283515996242493486e-05 	 7 3 9 4
     -3.54767394741155642733e-05 	 7 3 9 5
      1.60464282311793294004e-05 	 7 3 9 6
     -6.61886904041839339375e-05 	 7 3 9 7
     -4.53874042224825491966e-06 	 7 3 9 8
     -4.72641477416933125134e-04 	 7 3 9 9
     -9.69633633642785178371e-04 	 7 4 1 1
      1.13471295099510920026e-04 	 7 4 2 1
     -1.43158637249067945997e-03 	 7 4 2 2
      3.95451747820929318603e-04 	 7 4 3 1
     -9.83755082107190617104e-06 	 7 4 3 2
     -3.20285498891625768081e-03 	 7 4 3 3
     -1.08768452258472874891e-03 	 7 4 4 1
     -5.05800568864402133075e-04 	 7 4 4 2
     -2.92339094161370887433e-04 	 7 4 4 3
     -1.27253906606869856416e-02 	 7 4 4 4
      3.15449008677656856078e-06 	 7 4 5 1
      3.62165839504502575603e-05 	 7 4 5 2
      1.69255349969530254473e-06 	 7 4 5 3
      5.99208098254371923468e-04 	 7 4 5 4
     -2.44256095196674401920e-03 	 7 4 5 5
      4.05480038407338562283e-04 	 7 4 6 1
     -4.04339873211136637183e-05 	 7 4 6 2
     -2.36166493464965580645e-05 	 7 4 6 3
     -8.19394769133219335114e-05 	 7 4 6 4
     -1.00397335096610220703e-05 	 7 4 6 5
      1.35301770192846368239e-03 	 7 4 6 6
      7.74085998284837159024e-04 	 7 4 7 1
      4.59442506499522997261e-04 	 7 4 7 2
      3.35834119563190264344e-05 	 7 4 7 3
      6.80718693971259138781e-03 	 7 4 7 4
     -1.05004775873045769099e-04 	 7 4 7 5
     -1.78781216878821984330e-04 	 7 4 7 6
     -1.47227069495533425397e-02 	 7 4 7 7
     -3.68192665631780716721e-06 	 7 4 8 1
      6.37862492694342246569e-04 	 7 4 8 2
     -7.42611480361541131332e-06 	 7 4 8 3
      3.06393999138139470884e-06 	 7 4 8 4
      4.67302968981231955491e-04 	 7 4 8 5
     -2.18802252799294510177e-06 	 7 4 8 6
      3.63228899791010904820e-04 	 7 4 8 7
     -2.86816597623517407362e-03 	 7 4 8 8
     -2.12716229588333669920e-04 	 7 4 9 1
      2.78694081469314433857e-04 	 7 4 9 2
     -2.05980095220275976047e-05 	 7 4 9 3
      1.48494771901482654382e-03 	 7 4 9 4
      5.38620210803140097265e-04 	 7 4 9 5
      3.86283849798825439591e-05 	 7 4 9 6
     -9.12189099437852039982e-04 	 7 4 9 7
      2.04787896698549806837e-05 	 7 4 9 8
      4.22633103138142832665e-04 	 7 4 9 9
      7.95324258967199386634e-04 	 7 5 1 1
      2.18441855191880443760e-06 	 7 5 2 1
      1.29391349062876444623e-03 	 7 5 2 2
      3.67679076282993161210e-05 	 7 5 3 1
     -5.69683008044543608280e-06 	 7 5 3 2
      9.90150002848153026761e-06 	 7 5 3 3
      8.85749452614492834273e-07 	 7 5 4 1
     -5.14397054093467865667e-05 	 7 5 4 2
     -3.33727309445078337878e-05 	 7 5 4 3
      1.77618108186409465361e-03 	 7 5 4 4
     -1.90785847286726968825e-05 	 7 5 5 1
     -4.35917202198686986941e-05 	 7 5 5 2
     -9.95835594307757400727e-06 	 7 5 5 3
      3.51427700438431127750e-05 	 7 5 5 4
     -1.78859797629530073958e-03 	 7 5 5 5
      2.44218852793135050795e-05 	 7 5 6 1
     -1.56272076964102219001e-06 	 7 5 6 2
      1.01408998777469806205e-05 	 7 5 6 3
     -1.94912029927718067791e-06 	 7 5 6 4
     -6.10436463019316265694e-06 	 7 5 6 5
      7.09321735150818537437e-04 	 7 5 6 6
     -4.85386843312354522790e-05 	 7 5 7 1
      8.75971340039359130112e-05 	 7 5 7 2
     -3.58239063122990121502e-05 	 7 5 7 3
     -1.05004775873019395882e-04 	 7 5 7 4
      1.19850897807776175124e-04 	 7 5 7 5
     -1.71069758003101442423e-06 	 7 5 7 6
     -1.85754647645092890729e-03 	 7 5 7 7
     -1.57742064302413265939e-07 	 7 5 8 1
     -2.97512025609413021179e-04 	 7 5 8 2
     -5.81044187638945871900e-07 	 7 5 8 3
     -9.35524857810599987464e-06 	 7 5 8 4
     -4.41019613439818880204e-05 	 7 5 8 5
      3.13256751240764940197e-07 	 7 5 8 6
      4.62005358636070865446e-05 	 7 5 8 7
      1.30335965414000564538e-03 	 7 5 8 8
      3.43244556530180008652e-05 	 7 5 9 1
     -3.35706721235641206356e-06 	 7 5 9 2
      9.10685133362150064614e-06 	 7 5 9 3
      2.78693542787097762233e-04 	 7 5 9 4
     -9.04737118483673740266e-05 	 7 5 9 5
     -5.89625829800782394940e-06 	 7 5 9 6
      8.24448504103430959526e-05 	 7 5 9 7
      4.26408771128061782883e-05 	 7 5 9 8
      1.40941908432259759530e-03 	 7 5 9 9
      2.33349455369333574526e-05 	 7 6 1 1
     -1.87627997427325216875e-07 	 7 6 2 1
      8.40191398894710780171e-04 	 7 6 2 2
      1.34724174355354626753e-05 	 7 6 3 1
     -3.59868233379050580700e-07 	 7 6 3 2
     -1.84255770219654823336e-04 	 7 6 3 3
      9.77528431572132736104e-05 	 7 6 4 1
      6.30161625590868607738e-06 	 7 6 4 2
     -1.67547415821986302113e-06 	 7 6 4 3
      7.83738145728794994606e-04 	 7 6 4 4
     -1.36488120094240339315e-06 	 7 6 5 1
     -1.22205009754385661036e-06 	 7 6 5 2
      7.96913415993701261844e-07 	 7 6 5 3
     -1.96130207330059629187e-05 	 7 6 5 4
      2.86688792359108721945e-04 	 7 6 5 5
      8.43944638483776275566e-05 	 7 6 6 1
     -2.66918551473823492055e-06 	 7 6 6 2
     -4.80120344559328006927e-06 	 7 6 6 3
      1.72739024567911392792e-05 	 7 6 6 4
      1.26751796047182554783e-05 	 7 6 6 5
      4.29211845991285523543e-04 	 7 6 6 6
     -4.61881785648483246163e-05 	 7 6 7 1
      1.58206152151144638970e-04 	 7 6 7 2
      2.34901402435240391341e-05 	 7 6 7 3
     -1.78781216878820710392e-04 	 7 6 7 4
     -1.71069758002820608649e-06 	 7 6 7 5
      3.20280035106225303000e-05 	 7 6 7 6
      1.72984710562793658761e-03 	 7 6 7 7
      1.55173831180468411690e-06 	 7 6 8 1
     -4.64161993609882932393e-05 	 7 6 8 2
      7.73404509587583183678e-07 	 7 6 8 3
     -1.20893100127113873181e-06 	 7 6 8 4
     -3.42228910867367185772e-05 	 7 6 8 5
      3.27153350859402710431e-06 	 7 6 8 6
      1.64632394676720862333e-05 	 7 6 8 7
      4.90473433817903100608e-04 	 7 6 8 8
      1.09302291598387290363e-05 	 7 6 9 1
     -9.10701855301175350506e-06 	 7 6 9 2
      7.62523167713155257158e-06 	 7 6 9 3
      2.05981323181262078123e-05 	 7 6 9 4
     -4.41871486098517759437e-05 	 7 6 9 5
      1.56294053252328048490e-05 	 7 6 9 6
      1.73541161607660207730e-05 	 7 6 9 7
     -9.08854824324831223906e-07 	 7 6 9 8
      1.02008872142827903585e-04 	 7 6 9 9
      2.02570365914840566646e-01 	 7 7 1 1
      1.33260816873086407027e-04 	 7 7 2 1
      2.98487132798581245030e-01 	 7 7 2 2
     -8.64347787241377674139e-04 	 7 7 3 1
      7.10393972969116868632e-04 	 7 7 3 2
      1.87106715601857681586e-01 	 7 7 3 3
      2.72079171804951022370e-03 	 7 7 4 1
      5.23647957222999737431e-03 	 7 7 4 2
      4.39188991131385971910e-04 	 7 7 4 3
      3.05611785430036586586e-01 	 7 7 4 4
     -1.12283600911871378112e-04 	 7 7 5 1
      1.12663253740838366010e-03 	 7 7 5 2
     -1.84314445582163083078e-04 	 7 7 5 3
     -2.04097915928356556103e-03 	 7 7 5 4
      1.68785817790850556364e-01 	 7 7 5 5
     -2.38853121457511825138e-03 	 7 7 6 1
      1.57849780912722777865e-04 	 7 7 6 2
      1.14963701238440991516e-03 	 7 7 6 3
      1.58334308016035217419e-03 	 7 7 6 4
     -1.43575548511002521433e-04 	 7 7 6 5
      1.44099793807817344593e-01 	 7 7 6 6
     -3.45914671708768065028e-03 	 7 7 7 1
      1.60128492459284121896e-02 	 7 7 7 2
      3.08765355973539441792e-03 	 7 7 7 3
     -1.47227069495535715232e-02 	 7 7 7 4
     -1.85754647645093909879e-03 	 7 7 7 5
      1.72984710562792921504e-03 	 7 7 7 6
      5.19502157208305614944e-01 	 7 7 7 7
      3.22354041107505919113e-04 	 7 7 8 1
     -1.80571061849453496848e-03 	 7 7 8 2
      2.80348283647546131503e-04 	 7 7 8 3
      5.77990703283156118109e-04 	 7 7 8 4
     -3.47348208711549706618e-03 	 7 7 8 5
     -3.73654853452736200646e-05 	 7 7 8 6
      2.22100780668428110856e-03 	 7 7 8 7
      1.93460637031518334350e-01 	 7 7 8 8
      2.34830277630372922723e-03 	 7 7 9 1
     -1.40942774413248196781e-03 	 7 7 9 2
      1.02011327887459990861e-04 	 7 7 9 3
     -4.22618137889353728300e-04 	 7 7 9 4
     -3.64692578902260861398e-03 	 7 7 9 5
     -4.72647180280126360998e-04 	 7 7 9 6
      2.45259257793831175753e-03 	 7 7 9 7
      5.21085365954277856398e-04 	 7 7 9 8
      1.91214598795461765413e-01 	 7 7 9 9
      5.19345372453330054487e-04 	 8 1 1 1
      2.59954917115299153217e-06 	 8 1 2 1
      2.46306820707055122680e-06 	 8 1 2 2
      3.11222321166232629127e-05 	 8 1 3 1
      2.28674763873938677956e-06 	 8 1 3 2
      1.18214420528867957308e-05 	 8 1 3 3
     -4.23807293616112790201e-05 	 8 1 4 1
      8.74578353338967460725e-06 	 8 1 4 2
     -1.05199192762827361083e-05 	 8 1 4 3
      3.96792616442060244210e-04 	 8 1 4 4
      2.59932879296951018728e-06 	 8 1 5 1
      3.44475833813084140870e-05 	 8 1 5 2
     -8.76946811342599734056e-07 	 8 1 5 3
      8.74538297008171157821e-06 	 8 1 5 4
      2.46740788579662219911e-06 	 8 1 5 5
     -3.11222445978595087246e-05 	 8 1 6 1
      8.76959887773625259903e-07 	 8 1 6 2
      4.27315969763805026126e-06 	 8 1 6 3
      1.05199919566500132013e-05 	 8 1 6 4
     -2.28680994128081495220e-06 	 8 1 6 5
      1.18230982318475542686e-05 	 8 1 6 6
     -8.31694003771595736639e-06 	 8 1 7 1
      6.65401686425726407274e-05 	 8 1 7 2
     -2.78051661780482112934e-08 	 8 1 7 3
     -3.68192665630419365368e-06 	 8 1 7 4
     -1.57742064308777024471e-07 	 8 1 7 5
      1.55173831180442746591e-06 	 8 1 7 6
      3.22354041107529283670e-04 	 8 1 7 7
      1.52950611612739909473e-05 	 8 1 8 1
      2.98932007221648480839e-05 	 8 1 8 2
      5.39597586487137772631e-06 	 8 1 8 3
      2.88657045586508883303e-05 	 8 1 8 4
      2.98925992932244761981e-05 	 8 1 8 5
     -5.39598182298317063027e-06 	 8 1 8 6
      3.45846685413370568082e-06 	 8 1 8 7
     -1.53026385695280865012e-03 	 8 1 8 8
      8.31686551828139239895e-06 	 8 1 9 1
      1.57663859007878749306e-07 	 8 1 9 2
      1.55176054319333530091e-06 	 8 1 9 3
      3.68112462541283376585e-06 	 8 1 9 4
     -6.65404295228055707575e-05 	 8 1 9 5
     -2.78376863653041211154e-08 	 8 1 9 6
     -1.17735302783624737207e-06 	 8 1 9 7
     -3.45888095311076086330e-06 	 8 1 9 8
      3.22350838770394992807e-04 	 8 1 9 9
     -1.15965709615304681489e-03 	 8 2 1 1
      4.91712885114606063509e-05 	 8 2 2 1
     -1.58311865425712766653e-02 	 8 2 2 2
     -3.35001931222570924120e-05 	 8 2 3 1
      6.63112236748433726743e-05 	 8 2 3 2
     -2.80066215276165042958e-04 	 8 2 3 3
     -1.98132146497433331376e-04 	 8 2 4 1
      4.33946223030921526039e-04 	 8 2 4 2
      8.53447659346173067283e-06 	 8 2 4 3
     -3.85958763356306685383e-03 	 8 2 4 4
      3.70139658581983112067e-05 	 8 2 5 1
      6.94224072739916967315e-04 	 8 2 5 2
      8.53262854550333487336e-06 	 8 2 5 3
      1.35598581723974768466e-05 	 8 2 5 4
     -1.95606742520888386358e-03 	 8 2 5 5
      3.45061233887435644712e-07 	 8 2 6 1
      1.66874688071214102403e-05 	 8 2 6 2
     -1.04619220493170592438e-05 	 8 2 6 3
      1.71134653295757956776e-05 	 8 2 6 4
     -1.71395524110606819017e-06 	 8 2 6 5
     -8.84658724869491334443e-04 	 8 2 6 6
      1.87664379445364192011e-04 	 8 2 7 1
      5.39884104267999748346e-04 	 8 2 7 2
      1.26269870526219784283e-05 	 8 2 7 3
      6.37862492694207805499e-04 	 8 2 7 4
     -2.97512025609350408504e-04 	 8 2 7 5
     -4.64161993609796602795e-05 	 8 2 7 6
     -1.80571061849478238341e-03 	 8 2 7 7
      2.98932007221668877392e-05 	 8 2 8 1
      7.00679570371431133941e-03 	 8 2 8 2
     -1.47860818662920830624e-05 	 8 2 8 3
     -2.75683885754698872238e-05 	 8 2 8 4
     -5.81274267327868071967e-04 	 8 2 8 5
     -3.65331090957490944968e-05 	 8 2 8 6
     -6.73464760309128618494e-04 	 8 2 8 7
     -1.57357195380500997084e-02 	 8 2 8 8
     -1.15368159360409075595e-04 	 8 2 9 1
      4.41019337614374310201e-05 	 8 2 9 2
     -3.42228561930904237078e-05 	 8 2 9 3
     -4.67302659964627116040e-04 	 8 2 9 4
      6.50418276788028416023e-04 	 8 2 9 5
     -4.97604604416536204243e-06 	 8 2 9 6
     -1.03424068949153587834e-04 	 8 2 9 7
     -4.23770701520563932742e-04 	 8 2 9 8
     -3.47347916658397298101e-03 	 8 2 9 9
     -3.33184830025637482341e-05 	 8 3 1 1
      5.59996452191693170175e-07 	 8 3 2 1
      1.42849562823096410714e-04 	 8 3 2 2
     -2.55367121144363696880e-06 	 8 3 3 1
      1.31647846493097373378e-05 	 8 3 3 2
     -1.14931958422367290311e-03 	 8 3 3 3
     -1.66116319218956030629e-05 	 8 3 4 1
      6.41151496990855541437e-06 	 8 3 4 2
     -1.23824065683853774638e-05 	 8 3 4 3
      2.12025087938561154028e-04 	 8 3 4 4
      7.75780566175846386534e-08 	 8 3 5 1
      1.15237653363499484180e-05 	 8 3 5 2
     -2.12751695465210255220e-06 	 8 3 5 3
      2.75869570871650130031e-07 	 8 3 5 4
     -1.32286028098155841693e-04 	 8 3 5 5
     -1.22666120871543106785e-06 	 8 3 6 1
      2.87737820986077522558e-07 	 8 3 6 2
      8.41219939958229507345e-06 	 8 3 6 3
      4.91526275868547918172e-06 	 8 3 6 4
     -9.54412318741616440076e-07 	 8 3 6 5
     -5.74958791557360693390e-05 	 8 3 6 6
     -5.33739538032889241015e-06 	 8 3 7 1
      1.88924080834951182289e-05 	 8 3 7 2
     -1.46814051537015873385e-05 	 8 3 7 3
     -7.42611480361354953490e-06 	 8 3 7 4
     -5.81044187640029544677e-07 	 8 3 7 5
      7.73404509587575983898e-07 	 8 3 7 6
      2.80348283647548408327e-04 	 8 3 7 7
      5.39597586487140398433e-06 	 8 3 8 1
     -1.47860818662935806166e-05 	 8 3 8 2
      6.56960942535074909237e-06 	 8 3 8 3
      1.00724921064563598285e-05 	 8 3 8 4
      3.65330385323360377643e-05 	 8 3 8 5
     -1.84509260678952003575e-06 	 8 3 8 6
      6.32366802527780612196e-06 	 8 3 8 7
     -5.86952099750091610061e-04 	 8 3 8 8
      6.92779832912105980461e-06 	 8 3 9 1
      3.13325648961592568125e-07 	 8 3 9 2
     -3.27106013812819159493e-06 	 8 3 9 3
     -2.18823990685377807122e-06 	 8 3 9 4
     -1.67046096703185375848e-05 	 8 3 9 5
     -1.18286294560641299692e-06 	 8 3 9 6
      1.66358412949715409745e-06 	 8 3 9 7
      5.07710715963999722019e-06 	 8 3 9 8
      3.73606989002063527312e-05 	 8 3 9 9
     -1.53955154497125920598e-03 	 8 4 1 1
      3.37736507661181824944e-06 	 8 4 2 1
      9.13626044623342846093e-04 	 8 4 2 2
     -3.58764975591267259070e-05 	 8 4 3 1
      1.56459820346825120910e-06 	 8 4 3 2
     -5.86484744722478527207e-04 	 8 4 3 3
      7.10722163828345830606e-05 	 8 4 4 1
      6.04321701366362451849e-05 	 8 4 4 2
      6.89541582737495658629e-05 	 8 4 4 3
     -4.19589877842976161082e-03 	 8 4 4 4
      3.37675271913941539787e-06 	 8 4 5 1
      5.67227965179161415835e-05 	 8 4 5 2
      1.84518790683935977683e-06 	 8 4 5 3
      6.04312537619073456333e-05 	 8 4 5 4
      9.13624802913787681553e-04 	 8 4 5 5
      3.58761381387022389470e-05 	 8 4 6 1
     -1.84521628037729039886e-06 	 8 4 6 2
     -1.15586254405646090025e-05 	 8 4 6 3
     -6.89532367104690041559e-05 	 8 4 6 4
     -1.56478975134126324301e-06 	 8 4 6 5
     -5.86486593556177836055e-04 	 8 4 6 6
      2.48796565399117987751e-05 	 8 4 7 1
      2.74213587668516698987e-04 	 8 4 7 2
      2.60508549636104330346e-05 	 8 4 7 3
      3.06393999145506158778e-06 	 8 4 7 4
     -9.35524857814060455867e-06 	 8 4 7 5
     -1.20893100127317626956e-06 	 8 4 7 6
      5.77990703283252937363e-04 	 8 4 7 7
      2.88657045586519386512e-05 	 8 4 8 1
     -2.75683885754715948422e-05 	 8 4 8 2
      1.00724921064565004359e-05 	 8 4 8 3
      1.77967946045536355628e-04 	 8 4 8 4
     -2.75692359595331080665e-05 	 8 4 8 5
     -1.00726443287932122567e-05 	 8 4 8 6
      5.25119029292217128174e-05 	 8 4 8 7
     -2.71391845581492622760e-03 	 8 4 8 8
     -2.48801288506498007600e-05 	 8 4 9 1
      9.35520038171997993714e-06 	 8 4 9 2
     -1.20925980687218061549e-06 	 8 4 9 3
     -3.06554625978052720895e-06 	 8 4 9 4
     -2.74213144585531629072e-04 	 8 4 9 5
      2.60509562656565642148e-05 	 8 4 9 6
     -1.01183944753472824336e-04 	 8 4 9 7
     -5.25113955525403536847e-05 	 8 4 9 8
      5.77986256171850176777e-04 	 8 4 9 9
     -1.15965548137908556862e-03 	 8 5 1 1
      3.70137593974175817257e-05 	 8 5 2 1
     -1.95606145424395173882e-03 	 8 5 2 2
     -3.44901923540905564347e-07 	 8 5 3 1
      1.71377260621930863849e-06 	 8 5 3 2
     -8.84658656565160284729e-04 	 8 5 3 3
     -1.98132534920486791082e-04 	 8 5 4 1
      1.35594817538566676606e-05 	 8 5 4 2
     -1.71132956935678166431e-05 	 8 5 4 3
     -3.85958636993640434587e-03 	 8 5 4 4
      4.91724636692841092218e-05 	 8 5 5 1
      6.94221965248108729626e-04 	 8 5 5 2
     -1.66882162241296114289e-05 	 8 5 5 3
      4.33948415566373332016e-04 	 8 5 5 4
     -1.58311669719682530932e-02 	 8 5 5 5
      3.35002445993842458893e-05 	 8 5 6 1
     -8.53281310295899731182e-06 	 8 5 6 2
     -1.04619021795386800400e-05 	 8 5 6 3
     -8.53434989701860743049e-06 	 8 5 6 4
     -6.63108505681596132816e-05 	 8 5 6 5
     -2.80064860403761374703e-04 	 8 5 6 6
      1.15368424903310274146e-04 	 8 5 7 1
     -6.50419048375728940659e-04 	 8 5 7 2
     -4.97607153595936589272e-06 	 8 5 7 3
      4.67302968981177365912e-04 	 8 5 7 4
     -4.41019613439394753867e-05 	 8 5 7 5
     -3.42228910867320497316e-05 	 8 5 7 6
     -3.47348208711560461903e-03 	 8 5 7 7
      2.98925992932157653112e-05 	 8 5 8 1
     -5.81274267327801285113e-04 	 8 5 8 2
      3.65330385323350348772e-05 	 8 5 8 3
     -2.75692359595674129009e-05 	 8 5 8 4
      7.00678828484275866006e-03 	 8 5 8 5
      1.47861650854391275735e-05 	 8 5 8 6
      4.23770630273638797963e-04 	 8 5 8 7
     -1.57356869049392750215e-02 	 8 5 8 8
     -1.87664679702156738609e-04 	 8 5 9 1
      2.97511326611595494293e-04 	 8 5 9 2
     -4.64159946751053109799e-05 	 8 5 9 3
     -6.37861845469887009732e-04 	 8 5 9 4
     -5.39885844844784231443e-04 	 8 5 9 5
      1.26270948674124295518e-05 	 8 5 9 6
     -1.03424382440859150760e-04 	 8 5 9 7
      6.73465684199814579140e-04 	 8 5 9 8
     -1.80569634350124857622e-03 	 8 5 9 9
      3.33212843558507436793e-05 	 8 6 1 1
     -7.75480962454082797653e-08 	 8 6 2 1
      1.32281748867368225200e-04 	 8 6 2 2
     -1.22661740783741253105e-06 	 8 6 3 1
     -9.54396899202429436658e-07 	 8 6 3 2
      5.74972801750724550173e-05 	 8 6 3 3
      1.66115596040277732723e-05 	 8 6 4 1
     -2.75858447603403945510e-07 	 8 6 4 2
      4.91520863279553582478e-06 	 8 6 4 3
     -2.12023292569990138776e-04 	 8 6 4 4
     -5.59949848281595586366e-07 	 8 6 5 1
     -1.15238652715593397106e-05 	 8 6 5 2
      2.87658270632438944150e-07 	 8 6 5 3
     -6.41142932387235658335e-06 	 8 6 5 4
     -1.42847170828182067721e-04 	 8 6 5 5
     -2.55330635119435513404e-06 	 8 6 6 1
     -2.12752689716810979535e-06 	 8 6 6 2
     -8.41207032013845030268e-06 	 8 6 6 3
     -1.23822480141785838805e-05 	 8 6 6 4
      1.31648588940829763144e-05 	 8 6 6 5
      1.14932260496636339323e-03 	 8 6 6 6
      6.92777692407962333924e-06 	 8 6 7 1
     -1.67049606156441398687e-05 	 8 6 7 2
      1.18279394563801876196e-06 	 8 6 7 3
     -2.18802252799540446193e-06 	 8 6 7 4
      3.13256751241718011081e-07 	 8 6 7 5
      3.27153350859417702914e-06 	 8 6 7 6
     -3.73654853452781737138e-05 	 8 6 7 7
     -5.39598182298326210982e-06 	 8 6 8 1
     -3.65331090957474207597e-05 	 8 6 8 2
     -1.84509260678951368300e-06 	 8 6 8 3
     -1.00726443287934358734e-05 	 8 6 8 4
      1.47861650854385854724e-05 	 8 6 8 5
      6.56917423187613016590e-06 	 8 6 8 6
      5.07701398616897499127e-06 	 8 6 8 7
      5.86952779649098929995e-04 	 8 6 8 8
     -5.33733458409238059746e-06 	 8 6 9 1
     -5.81225910893856727258e-07 	 8 6 9 2
     -7.73395591070472583015e-07 	 8 6 9 3
     -7.42578327516406743732e-06 	 8 6 9 4
      1.88922316707365104392e-05 	 8 6 9 5
      1.46810883501610889556e-05 	 8 6 9 6
     -1.66352153028692881175e-06 	 8 6 9 7
      6.32363986310172884628e-06 	 8 6 9 8
     -2.80344818520339531410e-04 	 8 6 9 9
     -9.43309569663973793152e-04 	 8 7 1 1
      4.47965178117343504165e-05 	 8 7 2 1
      6.24834624946184191696e-03 	 8 7 2 2
      2.10159336876820450584e-05 	 8 7 3 1
     -9.48504064244196662151e-07 	 8 7 3 2
     -9.77484866674613187346e-04 	 8 7 3 3
      6.35542765986026189032e-05 	 8 7 4 1
      9.00802585677065167447e-05 	 8 7 4 2
      5.34469732964730744263e-06 	 8 7 4 3
     -9.16976314045027732225e-04 	 8 7 4 4
     -3.43241322768924740668e-06 	 8 7 5 1
     -6.42535333669669897179e-05 	 8 7 5 2
     -6.84658881787060270016e-07 	 8 7 5 3
      2.59028450892770644451e-05 	 8 7 5 4
     -1.11402026010360148851e-03 	 8 7 5 5
      2.21454646943964190671e-05 	 8 7 6 1
     -1.79011264435774917201e-05 	 8 7 6 2
     -8.01017783639740884975e-06 	 8 7 6 3
     -2.43365325176409709614e-05 	 8 7 6 4
     -8.87863116707835296324e-07 	 8 7 6 5
     -5.05396923528884196505e-04 	 8 7 6 6
      1.18866049063347182499e-05 	 8 7 7 1
      7.53782882402455399300e-04 	 8 7 7 2
      7.08107199112359523034e-05 	 8 7 7 3
      3.63228899791087286864e-04 	 8 7 7 4
      4.62005358635623564287e-05 	 8 7 7 5
      1.64632394676680780734e-05 	 8 7 7 6
      2.22100780668441771804e-03 	 8 7 7 7
      3.45846685413441125927e-06 	 8 7 8 1
     -6.73464760309121354340e-04 	 8 7 8 2
      6.32366802527758335229e-06 	 8 7 8 3
      5.25119029292213333466e-05 	 8 7 8 4
      4.23770630273674305585e-04 	 8 7 8 5
      5.07701398616926552357e-06 	 8 7 8 6
      3.90279693690714728476e-04 	 8 7 8 7
      1.41093923456525496656e-03 	 8 7 8 8
     -1.32900282692379618084e-05 	 8 7 9 1
      4.26408110582187193228e-05 	 8 7 9 2
      9.08856066983402681073e-07 	 8 7 9 3
      2.04785501977756615030e-05 	 8 7 9 4
     -4.43664177192349497075e-05 	 8 7 9 5
      4.53866576575400634911e-06 	 8 7 9 6
     -1.02403792236507707836e-04 	 8 7 9 7
      9.32442338684686891507e-05 	 8 7 9 8
     -5.21100086604649377110e-04 	 8 7 9 9
      1.21056939676462915756e-01 	 8 8 1 1
      6.74332212814940401037e-05 	 8 8 2 1
      2.97438547526600316484e-01 	 8 8 2 2
      3.97703896641736671935e-04 	 8 8 3 1
     -2.36244815957590106100e-04 	 8 8 3 2
      1.04395599747342235353e-01 	 8 8 3 3
      2.66476364349358622180e-03 	 8 8 4 1
     -1.38033284953382432043e-03 	 8 8 4 2
     -5.54249514105157322448e-06 	 8 8 4 3
      1.75627208668038076178e-01 	 8 8 4 4
      6.74308853638401538375e-05 	 8 8 5 1
     -6.36015568690457416823e-03 	 8 8 5 2
      2.30784049513701777952e-04 	 8 8 5 3
     -1.38033916586054444114e-03 	 8 8 5 4
      2.97438493259391589785e-01 	 8 8 5 5
     -3.97704287140565745321e-04 	 8 8 6 1
     -2.30782843461748321968e-04 	 8 8 6 2
      4.87165476387370051468e-04 	 8 8 6 3
      5.54048667190120935731e-06 	 8 8 6 4
      2.36245677293945238002e-04 	 8 8 6 5
      1.04395602010775134794e-01 	 8 8 6 6
     -1.57494287886057087247e-03 	 8 8 7 1
      2.17102009264821035200e-03 	 8 8 7 2
      5.48206450392033756668e-04 	 8 8 7 3
     -2.86816597623524649832e-03 	 8 8 7 4
      1.30335965414009129736e-03 	 8 8 7 5
      4.90473433817913834210e-04 	 8 8 7 6
      1.93460637031518167817e-01 	 8 8 7 7
     -1.53026385695281211957e-03 	 8 8 8 1
     -1.57357195380502037918e-02 	 8 8 8 2
     -5.86952099750093127944e-04 	 8 8 8 3
     -2.71391845581493793699e-03 	 8 8 8 4
     -1.57356869049394242077e-02 	 8 8 8 5
      5.86952779649099038416e-04 	 8 8 8 6
      1.41093923456523306567e-03 	 8 8 8 7
      5.17967979257466071275e-01 	 8 8 8 8
      1.57494331726283545020e-03 	 8 8 9 1
     -1.30336128647805834894e-03 	 8 8 9 2
      4.90472510708367132742e-04 	 8 8 9 3
      2.86816827554178983839e-03 	 8 8 9 4
     -2.17101669598768675859e-03 	 8 8 9 5
      5.48204309655101417430e-04 	 8 8 9 6
     -2.71134610003414937025e-04 	 8 8 9 7
     -1.41092951169358897870e-03 	 8 8 9 8
      1.93460581680642618174e-01 	 8 8 9 9
     -5.24609094383069168160e-03 	 9 1 1 1
     -2.38151050540047391172e-05 	 9 1 2 1
      1.73814050167083182681e-03 	 9 1 2 2
     -2.41458892924871498667e-05 	 9 1 3 1
      1.55287901498173148290e-05 	 9 1 3 2
     -1.44771081025840209558e-03 	 9 1 3 3
     -3.16482496360643000138e-04 	 9 1 4 1
     -1.30567664353434104277e-05 	 9 1 4 2
      2.31353712088228435722e-05 	 9 1 4 3
      5.02989844916387155577e-03 	 9 1 4 4
      6.75815170465853008242e-06 	 9 1 5 1
     -6.23417998171721887500e-06 	 9 1 5 2
     -5.53523491683853380524e-06 	 9 1 5 3
     -3.32013010149228497518e-05 	 9 1 5 4
      1.50268278120800602947e-03 	 9 1 5 5
     -4.11419470638385955438e-04 	 9 1 6 1
      7.45816131509174084244e-06 	 9 1 6 2
     -4.21388531281452043955e-05 	 9 1 6 3
      8.47841248215358453096e-05 	 9 1 6 4
     -1.26962351061030040379e-05 	 9 1 6 5
     -3.82833068016285400434e-03 	 9 1 6 6
     -1.77190319854102950247e-04 	 9 1 7 1
      8.49542727776962642130e-05 	 9 1 7 2
     -1.03402083084630006774e-05 	 9 1 7 3
     -2.12716229588292741288e-04 	 9 1 7 4
      3.43244556530149041128e-05 	 9 1 7 5
      1.09302291598402130380e-05 	 9 1 7 6
      2.34830277630377823317e-03 	 9 1 7 7
      8.31686551828175831718e-06 	 9 1 8 1
     -1.15368159360426341515e-04 	 9 1 8 2
      6.92779832912128003318e-06 	 9 1 8 3
     -2.48801288506493670791e-05 	 9 1 8 4
     -1.87664679702134268519e-04 	 9 1 8 5
     -5.33733458409253983966e-06 	 9 1 8 6
     -1.32900282692401759525e-05 	 9 1 8 7
      1.57494331726282547554e-03 	 9 1 8 8
      4.07946276922449503535e-04 	 9 1 9 1
     -4.85390231704275760660e-05 	 9 1 9 2
      4.61881604401010432514e-05 	 9 1 9 3
      7.74085468074335570320e-04 	 9 1 9 4
     -2.61000750891052029582e-04 	 9 1 9 5
      9.06231961670277099861e-06 	 9 1 9 6
      1.73223637318293914849e-04 	 9 1 9 7
      1.18858617686881585829e-05 	 9 1 9 8
      3.45914829881844047496e-03 	 9 1 9 9
     -7.95322233511316619217e-04 	 9 2 1 1
      1.90783688493005452102e-05 	 9 2 2 1
      1.78858400912783126711e-03 	 9 2 2 2
      2.44219050633074875260e-05 	 9 2 3 1
     -6.10414355571235158810e-06 	 9 2 3 2
     -7.09321495305779308772e-04 	 9 2 3 3
     -8.85967760516297404463e-07 	 9 2 4 1
     -3.51435120347770512078e-05 	 9 2 4 2
     -1.94911491033731920920e-06 	 9 2 4 3
     -1.77618186381284085852e-03 	 9 2 4 4
     -2.18443380749943405063e-06 	 9 2 5 1
      4.35914263644720178462e-05 	 9 2 5 2
     -1.56262008473492187608e-06 	 9 2 5 3
      5.14391021240093290669e-05 	 9 2 5 4
     -1.29391396511537460495e-03 	 9 2 5 5
      3.67679034253555979666e-05 	 9 2 6 1
     -9.95890750206693927597e-06 	 9 2 6 2
     -1.01408977599594306117e-05 	 9 2 6 3
     -3.33726848581011159957e-05 	 9 2 6 4
     -5.69702231437513997923e-06 	 9 2 6 5
     -9.90035694037826392757e-06 	 9 2 6 6
      3.43243242957367948858e-05 	 9 2 7 1
     -9.04747820461314410188e-05 	 9 2 7 2
      5.89637659909447500446e-06 	 9 2 7 3
      2.78694081469262771623e-04 	 9 2 7 4
     -3.35706721233030015537e-06 	 9 2 7 5
     -9.10701855301045754465e-06 	 9 2 7 6
     -1.40942774413250777182e-03 	 9 2 7 7
      1.57663859007136986672e-07 	 9 2 8 1
      4.41019337614139851481e-05 	 9 2 8 2
      3.13325648961485736094e-07 	 9 2 8 3
      9.35520038172267519598e-06 	 9 2 8 4
      2.97511326611541121554e-04 	 9 2 8 5
     -5.81225910893843810006e-07 	 9 2 8 6
      4.26408110582312757392e-05 	 9 2 8 7
     -1.30336128647809412762e-03 	 9 2 8 8
     -4.85390231704304627542e-05 	 9 2 9 1
      1.19850508108986905024e-04 	 9 2 9 2
      1.71071085340625719237e-06 	 9 2 9 3
     -1.05005224963802132267e-04 	 9 2 9 4
      8.75978520657367013772e-05 	 9 2 9 5
      3.58239371439432634290e-05 	 9 2 9 6
     -8.24447770506899456355e-05 	 9 2 9 7
      4.62005610980243373604e-05 	 9 2 9 8
      1.85754285488345634650e-03 	 9 2 9 9
      2.33335272704148008330e-05 	 9 3 1 1
     -1.36485452177035395063e-06 	 9 3 2 1
      2.86690886278077926384e-04 	 9 3 2 2
     -8.43944376800182102447e-05 	 9 3 3 1
     -1.26751829837821993472e-05 	 9 3 3 2
      4.29218087385832059756e-04 	 9 3 3 3
      9.77531501927526006888e-05 	 9 3 4 1
     -1.96129466757870247811e-05 	 9 3 4 2
     -1.72739760390762712126e-05 	 9 3 4 3
      7.83736858742620353876e-04 	 9 3 4 4
     -1.87765837201188198333e-07 	 9 3 5 1
     -1.22191951344220229107e-06 	 9 3 5 2
      2.66907876989784216895e-06 	 9 3 5 3
      6.30112774756185015914e-06 	 9 3 5 4
      8.40187349110349730209e-04 	 9 3 5 5
     -1.34723989728687424468e-05 	 9 3 6 1
     -7.96882986399221191364e-07 	 9 3 6 2
     -4.80124923780416341278e-06 	 9 3 6 3
      1.67533272816765874030e-06 	 9 3 6 4
      3.59968121900999030872e-07 	 9 3 6 5
     -1.84255603733589682063e-04 	 9 3 6 6
     -1.09302228210957067434e-05 	 9 3 7 1
      4.41873766235949502518e-05 	 9 3 7 2
      1.56290542726221754844e-05 	 9 3 7 3
     -2.05980095220228203389e-05 	 9 3 7 4
      9.10685133362106865934e-06 	 9 3 7 5
      7.62523167713202436893e-06 	 9 3 7 6
      1.02011327887473638256e-04 	 9 3 7 7
      1.55176054319353583596e-06 	 9 3 8 1
     -3.42228561930946182149e-05 	 9 3 8 2
     -3.27106013812811027977e-06 	 9 3 8 3
     -1.20925980687141362716e-06 	 9 3 8 4
     -4.64159946751011232490e-05 	 9 3 8 5
     -7.73395591070547968948e-07 	 9 3 8 6
      9.08856066982464909722e-07 	 9 3 8 7
      4.90472510708367132742e-04 	 9 3 8 8
      4.61881604400999861543e-05 	 9 3 9 1
      1.71071085340660405236e-06 	 9 3 9 2
      3.20286026022959492633e-05 	 9 3 9 3
      1.78780468900484269725e-04 	 9 3 9 4
     -1.58205858756703789461e-04 	 9 3 9 5
      2.34900224187941638948e-05 	 9 3 9 6
      1.73542706819795502615e-05 	 9 3 9 7
     -1.64634615385398708817e-05 	 9 3 9 8
      1.72984196917507068378e-03 	 9 3 9 9
      9.69649846581636769283e-04 	 9 4 1 1
     -3.15474916681839168760e-06 	 9 4 2 1
      2.44256514687167265026e-03 	 9 4 2 2
      4.05480006374602669223e-04 	 9 4 3 1
     -1.00396919009541635975e-05 	 9 4 3 2
     -1.35301117222622708722e-03 	 9 4 3 3
      1.08768548574046685674e-03 	 9 4 4 1
     -5.99207307784852872580e-04 	 9 4 4 2
     -8.19392929312984832609e-05 	 9 4 4 3
      1.27254289925176726495e-02 	 9 4 4 4
     -1.13472946432327704983e-04 	 9 4 5 1
     -3.62167833172560637645e-05 	 9 4 5 2
     -4.04344987062030895831e-05 	 9 4 5 3
      5.05800105910664829847e-04 	 9 4 5 4
      1.43159327246857774954e-03 	 9 4 5 5
      3.95451246696258533215e-04 	 9 4 6 1
      1.69269367961134407426e-06 	 9 4 6 2
      2.36166650641638787287e-05 	 9 4 6 3
     -2.92338476679084827321e-04 	 9 4 6 4
     -9.83697355809017006062e-06 	 9 4 6 5
      3.20285997435099199088e-03 	 9 4 6 6
     -2.12715974158832822919e-04 	 9 4 7 1
      5.38619828446527037710e-04 	 9 4 7 2
     -3.86283515996316625810e-05 	 9 4 7 3
      1.48494771901497789844e-03 	 9 4 7 4
      2.78693542787057267282e-04 	 9 4 7 5
      2.05981323181313476082e-05 	 9 4 7 6
     -4.22618137889283688839e-04 	 9 4 7 7
      3.68112462541484546910e-06 	 9 4 8 1
     -4.67302659964640614357e-04 	 9 4 8 2
     -2.18823990685237284356e-06 	 9 4 8 3
     -3.06554625978659704705e-06 	 9 4 8 4
     -6.37861845469745629769e-04 	 9 4 8 5
     -7.42578327516426987820e-06 	 9 4 8 6
      2.04785501977531405910e-05 	 9 4 8 7
      2.86816827554182930335e-03 	 9 4 8 8
      7.74085468074344352357e-04 	 9 4 9 1
     -1.05005224963796385995e-04 	 9 4 9 2
      1.78780468900487088651e-04 	 9 4 9 3
      6.80719275147773691254e-03 	 9 4 9 4
      4.59441298012801930227e-04 	 9 4 9 5
     -3.35833602683294852936e-05 	 9 4 9 6
      9.12190542032540060101e-04 	 9 4 9 7
      3.63229172164389964208e-04 	 9 4 9 8
      1.47227227911931549814e-02 	 9 4 9 9
      1.37201915448044550923e-03 	 9 5 1 1
      3.00856349236085797688e-05 	 9 5 2 1
     -3.65496740191153992455e-03 	 9 5 2 2
      6.14504252225022860531e-05 	 9 5 3 1
      3.06386779034947801426e-06 	 9 5 3 2
      2.70229316822645677931e-04 	 9 5 3 3
     -5.87742128947968335735e-04 	 9 5 4 1
      2.89084440098740998203e-05 	 9 5 4 2
     -1.21613464660370092923e-04 	 9 5 4 3
     -2.96963671545606537616e-03 	 9 5 4 4
     -1.05298785002812015049e-04 	 9 5 5 1
     -3.93826974222277075878e-04 	 9 5 5 2
     -8.81112944757159816057e-06 	 9 5 5 3
     -6.47021489923591723928e-04 	 9 5 5 4
     -1.64319219812811036230e-02 	 9 5 5 5
      1.16590862935568793089e-04 	 9 5 6 1
     -4.75858171792198532402e-06 	 9 5 6 2
      1.69100935908053893488e-05 	 9 5 6 3
      2.35750260021780045055e-05 	 9 5 6 4
      6.81543908031563138317e-05 	 9 5 6 5
      2.51453943031984799433e-03 	 9 5 6 6
      8.49543757052665667691e-05 	 9 5 7 1
     -4.95412518143117908652e-04 	 9 5 7 2
     -3.54767394741178343216e-05 	 9 5 7 3
      5.38620210803013896132e-04 	 9 5 7 4
     -9.04737118482705005625e-05 	 9 5 7 5
     -4.41871486098477982770e-05 	 9 5 7 6
     -3.64692578902274218769e-03 	 9 5 7 7
     -6.65404295228063568041e-05 	 9 5 8 1
      6.50418276787990252107e-04 	 9 5 8 2
     -1.67046096703197810291e-05 	 9 5 8 3
     -2.74213144585531520651e-04 	 9 5 8 4
     -5.39885844844983074121e-04 	 9 5 8 5
      1.88922316707365680374e-05 	 9 5 8 6
     -4.43664177192150613739e-05 	 9 5 8 7
     -2.17101669598778130102e-03 	 9 5 8 8
     -2.61000750891020641929e-04 	 9 5 9 1
      8.75978520656921000103e-05 	 9 5 9 2
     -1.58205858756698856341e-04 	 9 5 9 3
      4.59441298012945153334e-04 	 9 5 9 4
      7.23172263154375424832e-03 	 9 5 9 5
     -2.99181055034896000149e-04 	 9 5 9 6
      3.50550149577909502929e-04 	 9 5 9 7
      7.53784980917441313313e-04 	 9 5 9 8
     -1.60128371563925710197e-02 	 9 5 9 9
     -1.75927367512236664839e-03 	 9 6 1 1
     -2.47151345268425487594e-06 	 9 6 2 1
      6.16376534403456215498e-05 	 9 6 2 2
     -9.59974070036707656083e-06 	 9 6 3 1
     -4.35031945279256907741e-06 	 9 6 3 2
     -9.41206708605498484216e-04 	 9 6 3 3
      1.95465883340589042854e-04 	 9 6 4 1
     -1.92400378239785128974e-05 	 9 6 4 2
      3.38372695063836082278e-05 	 9 6 4 3
     -1.06977153450282173701e-03 	 9 6 4 4
      8.40491972366620015977e-06 	 9 6 5 1
      5.95813170848618082267e-06 	 9 6 5 2
      4.51827639645350730271e-06 	 9 6 5 3
      4.58574649859008013904e-05 	 9 6 5 4
      1.63140844823428886844e-03 	 9 6 5 5
     -1.34365578765385774128e-04 	 9 6 6 1
     -7.55732896125981376990e-06 	 9 6 6 2
     -6.72292731217668778146e-05 	 9 6 6 3
     -7.58798450995108617013e-05 	 9 6 6 4
      4.60252104046332107738e-05 	 9 6 6 5
      2.77667762736444594801e-03 	 9 6 6 6
      1.03403223511439559975e-05 	 9 6 7 1
      3.54763556121127316485e-05 	 9 6 7 2
      1.60464282311796241679e-05 	 9 6 7 3
      3.86283849798753069096e-05 	 9 6 7 4
     -5.89625829800962474145e-06 	 9 6 7 5
      1.56294053252329132693e-05 	 9 6 7 6
     -4.72647180280136173028e-04 	 9 6 7 7
     -2.78376863655602493203e-08 	 9 6 8 1
     -4.97604604416127510846e-06 	 9 6 8 2
     -1.18286294560646403065e-06 	 9 6 8 3
      2.60509562656562796118e-05 	 9 6 8 4
      1.26270948674061310148e-05 	 9 6 8 5
      1.46810883501612024580e-05 	 9 6 8 6
      4.53866576575374376890e-06 	 9 6 8 7
      5.48204309655104886877e-04 	 9 6 8 8
      9.06231961670552046756e-06 	 9 6 9 1
      3.58239371439413796278e-05 	 9 6 9 2
      2.34900224187943400776e-05 	 9 6 9 3
     -3.35833602683173354530e-05 	 9 6 9 4
     -2.99181055034890524928e-04 	 9 6 9 5
      1.38838888345695332096e-04 	 9 6 9 6
     -6.61885910550297185909e-05 	 9 6 9 7
     -7.08105864056194511278e-05 	 9 6 9 8
      3.08765627527684540996e-03 	 9 6 9 9
      4.47714873062560452660e-03 	 9 7 1 1
     -1.16977966812712260618e-05 	 9 7 2 1
     -8.61690989892854885580e-04 	 9 7 2 2
      2.99538092198846902581e-05 	 9 7 3 1
      9.91927912601802224649e-06 	 9 7 3 2
      2.64864548782631388513e-03 	 9 7 3 3
     -1.04004234295466697208e-04 	 9 7 4 1
      2.87077904837853165607e-05 	 9 7 4 2
     -8.81321956637984120497e-05 	 9 7 4 3
      9.00959424460734750739e-03 	 9 7 4 4
     -1.16977073491954165519e-05 	 9 7 5 1
     -3.43401679233621117608e-05 	 9 7 5 2
     -1.27997303995666280696e-05 	 9 7 5 3
      2.87081830441730807672e-05 	 9 7 5 4
     -8.61683679500507425549e-04 	 9 7 5 5
     -2.99538281966123976646e-05 	 9 7 6 1
      1.27997136939421124431e-05 	 9 7 6 2
      5.24155621984305827984e-05 	 9 7 6 3
      8.81322172455329126868e-05 	 9 7 6 4
     -9.91909183079031799403e-06 	 9 7 6 5
      2.64865054525473177932e-03 	 9 7 6 6
     -1.73223349447642444802e-04 	 9 7 7 1
     -3.50551901001814225807e-04 	 9 7 7 2
     -6.61886904041855331357e-05 	 9 7 7 3
     -9.12189099437769640617e-04 	 9 7 7 4
      8.24448504103160586609e-05 	 9 7 7 5
      1.73541161607671490209e-05 	 9 7 7 6
      2.45259257793836423292e-03 	 9 7 7 7
     -1.17735302783141949603e-06 	 9 7 8 1
     -1.03424068949162803552e-04 	 9 7 8 2
      1.66358412949815020820e-06 	 9 7 8 3
     -1.01183944753459515754e-04 	 9 7 8 4
     -1.03424382440824198792e-04 	 9 7 8 5
     -1.66352153028789591161e-06 	 9 7 8 6
     -1.02403792236510580971e-04 	 9 7 8 7
     -2.71134610003424206953e-04 	 9 7 8 8
      1.73223637318306898170e-04 	 9 7 9 1
     -8.24447770506889834061e-05 	 9 7 9 2
      1.73542706819821794517e-05 	 9 7 9 3
      9.12190542032559684160e-04 	 9 7 9 4
      3.50550149577830735641e-04 	 9 7 9 5
     -6.61885910550363457767e-05 	 9 7 9 6
      5.65163643455354682173e-04 	 9 7 9 7
      1.02403351359728572549e-04 	 9 7 9 8
      2.45260502607806858688e-03 	 9 7 9 9
      9.43309064813812659690e-04 	 9 8 1 1
      3.43234863772181001082e-06 	 9 8 2 1
      1.11401801828749373764e-03 	 9 8 2 2
      2.21457001357727783976e-05 	 9 8 3 1
     -8.87784626728987072413e-07 	 9 8 3 2
      5.05398219350148940332e-04 	 9 8 3 3
     -6.35551962679424200945e-05 	 9 8 4 1
     -2.59028133841725260490e-05 	 9 8 4 2
     -2.43368491465111308621e-05 	 9 8 4 3
      9.16966039942956130833e-04 	 9 8 4 4
     -4.47966258579473859507e-05 	 9 8 5 1
      6.42529277430662292513e-05 	 9 8 5 2
     -1.79011776203067008307e-05 	 9 8 5 3
     -9.00795711179863748926e-05 	 9 8 5 4
     -6.24835058534715069578e-03 	 9 8 5 5
      2.10161912130744675867e-05 	 9 8 6 1
     -6.84913903921706769742e-07 	 9 8 6 2
      8.01018244551987466343e-06 	 9 8 6 3
      5.34490298665435401080e-06 	 9 8 6 4
     -9.48389117689287470908e-07 	 9 8 6 5
      9.77482382529078729083e-04 	 9 8 6 6
     -1.32898929062093652738e-05 	 9 8 7 1
     -4.43668155402403153044e-05 	 9 8 7 2
     -4.53874042224973299215e-06 	 9 8 7 3
      2.04787896698012076440e-05 	 9 8 7 4
      4.26408771128545946915e-05 	 9 8 7 5
     -9.08854824323452360147e-07 	 9 8 7 6
      5.21085365954243812450e-04 	 9 8 7 7
     -3.45888095311248118722e-06 	 9 8 8 1
     -4.23770701520577647899e-04 	 9 8 8 2
      5.07710715963932298196e-06 	 9 8 8 3
     -5.25113955525439383282e-05 	 9 8 8 4
      6.73465684199723831418e-04 	 9 8 8 5
      6.32363986310215236275e-06 	 9 8 8 6
      9.32442338684671848201e-05 	 9 8 8 7
     -1.41092951169363950252e-03 	 9 8 8 8
      1.18858617687022464349e-05 	 9 8 9 1
      4.62005610980110152262e-05 	 9 8 9 2
     -1.64634615385369232070e-05 	 9 8 9 3
      3.63229172164437018582e-04 	 9 8 9 4
      7.53784980917462563675e-04 	 9 8 9 5
     -7.08105864056215924271e-05 	 9 8 9 6
      1.02403351359753102623e-04 	 9 8 9 7
      3.90279707462353234702e-04 	 9 8 9 8
     -2.22100544366440758384e-03 	 9 8 9 9
      2.02570430667169149030e-01 	 9 9 1 1
     -1.12284141860642262931e-04 	 9 9 2 1
      1.68785750982853893776e-01 	 9 9 2 2
      2.38853492019594623383e-03 	 9 9 3 1
      1.43577050768491472832e-04 	 9 9 3 2
      1.44099801420546541619e-01 	 9 9 3 3
      2.72079240532695568189e-03 	 9 9 4 1
     -2.04097738726150479058e-03 	 9 9 4 2
     -1.58334340601910795142e-03 	 9 9 4 3
      3.05611830430847442042e-01 	 9 9 4 4
      1.33252472795106712521e-04 	 9 9 5 1
      1.12663840884155643136e-03 	 9 9 5 2
     -1.57850712447099892711e-04 	 9 9 5 3
      5.23647689801178678470e-03 	 9 9 5 4
      2.98487130367854125446e-01 	 9 9 5 5
      8.64348688138308948042e-04 	 9 9 6 1
      1.84315187970463439980e-04 	 9 9 6 2
      1.14963561688653185394e-03 	 9 9 6 3
     -4.39191630759073678436e-04 	 9 9 6 4
     -7.10393161964271231852e-04 	 9 9 6 5
      1.87106774895734906394e-01 	 9 9 6 6
     -2.34829777151169746818e-03 	 9 9 7 1
      3.64691954283612217516e-03 	 9 9 7 2
     -4.72641477416930956730e-04 	 9 9 7 3
      4.22633103137896339301e-04 	 9 9 7 4
      1.40941908432266243059e-03 	 9 9 7 5
      1.02008872142834327483e-04 	 9 9 7 6
      1.91214598795461571124e-01 	 9 9 7 7
      3.22350838770393583344e-04 	 9 9 8 1
     -3.47347916658394305703e-03 	 9 9 8 2
      3.73606989002047467567e-05 	 9 9 8 3
      5.77986256171841503160e-04 	 9 9 8 4
     -1.80569634350138692042e-03 	 9 9 8 5
     -2.80344818520340507192e-04 	 9 9 8 6
     -5.21100086604609261630e-04 	 9 9 8 7
      1.93460581680642534907e-01 	 9 9 8 8
      3.45914829881852417537e-03 	 9 9 9 1
      1.85754285488334272211e-03 	 9 9 9 2
      1.72984196917509063310e-03 	 9 9 9 3
      1.47227227911935886623e-02 	 9 9 9 4
     -1.60128371563925744891e-02 	 9 9 9 5
      3.08765627527683933842e-03 	 9 9 9 6
      2.45260502607829063149e-03 	 9 9 9 7
     -2.22100544366451470302e-03 	 9 9 9 8
      5.19502155142865351678e-01 	 9 9 9 9
     -2.93422599240774051310e+00 	 1 1 0 0
      1.61776207316920769136e-03 	 1 2 0 0
      1.55338873049573167329e-01 	 1 3 0 0
      1.00128807791386609249e-01 	 1 4 0 0
      1.61777117833479078084e-03 	 1 5 0 0
     -1.55339255393334707556e-01 	 1 6 0 0
      1.18987016710796408847e-02 	 1 7 0 0
     -2.29394282624839022239e-03 	 1 8 0 0
     -1.18986885806202161153e-02 	 1 9 0 0
      1.61776207316939135521e-03 	 2 1 0 0
     -2.04523937513154097090e+00 	 2 2 0 0
     -1.90915008679827958443e-03 	 2 3 0 0
     -1.12374465169244822788e-02 	 2 4 0 0
      1.27474563060577077145e-02 	 2 5 0 0
     -1.45152272788251664182e-03 	 2 6 0 0
     -1.56753087859724304920e-01 	 2 7 0 0
      1.63226136442210179034e-01 	 2 8 0 0
      1.74406871863476004014e-02 	 2 9 0 0
      1.55338873049556513983e-01 	 3 1 0 0
     -1.90915008679727669742e-03 	 3 2 0 0
     -2.57737285011050687444e+00 	 3 3 0 0
      1.29097444635887775161e-02 	 3 4 0 0
      1.45152807953505031020e-03 	 3 5 0 0
     -2.94699728953754548633e-02 	 3 6 0 0
      1.02202371660347676036e-02 	 3 7 0 0
     -3.02079105383890523693e-05 	 3 8 0 0
     -1.58861675406856816400e-03 	 3 9 0 0
      1.00128807791385388004e-01 	 4 1 0 0
     -1.12374465169332426323e-02 	 4 2 0 0
      1.29097444635855561346e-02 	 4 3 0 0
     -2.62505297746019561345e+00 	 4 4 0 0
     -1.12374299297342376824e-02 	 4 5 0 0
     -1.29097693054376697064e-02 	 4 6 0 0
      1.62731063983400675577e-01 	 4 7 0 0
     -7.45832460553888260818e-03 	 4 8 0 0
     -1.62731253449358237440e-01 	 4 9 0 0
      1.61777117833432912755e-03 	 5 1 0 0
      1.27474563060423935756e-02 	 5 2 0 0
      1.45152807953414283298e-03 	 5 3 0 0
     -1.12374299297331101122e-02 	 5 4 0 0
     -2.04523954735003954397e+00 	 5 5 0 0
      1.90913521356447725592e-03 	 5 6 0 0
     -1.74406729060740672832e-02 	 5 7 0 0
      1.63225987012866391446e-01 	 5 8 0 0
      1.56753084944429299519e-01 	 5 9 0 0
     -1.55339255393309561004e-01 	 6 1 0 0
     -1.45152272788217620234e-03 	 6 2 0 0
     -2.94699728953787543073e-02 	 6 3 0 0
     -1.29097693054367138737e-02 	 6 4 0 0
      1.90913521356604306070e-03 	 6 5 0 0
     -2.57737307957523942292e+00 	 6 6 0 0
     -1.58862456364751653340e-03 	 6 7 0 0
      3.02020072227547156673e-05 	 6 8 0 0
      1.02202532449694027256e-02 	 6 9 0 0
      1.18987016710733022051e-02 	 7 1 0 0
     -1.56753087859719530961e-01 	 7 2 0 0
      1.02202371660365439604e-02 	 7 3 0 0
      1.62731063983342610912e-01 	 7 4 0 0
     -1.74406729060716976509e-02 	 7 5 0 0
     -1.58862456364783290359e-03 	 7 6 0 0
     -2.26204099771269984132e+00 	 7 7 0 0
     -1.18428377865194174590e-02 	 7 8 0 0
     -3.67877873473752142752e-02 	 7 9 0 0
     -2.29394282624929661540e-03 	 8 1 0 0
      1.63226136442219171840e-01 	 8 2 0 0
     -3.02079105383735211732e-05 	 8 3 0 0
     -7.45832460553864148162e-03 	 8 4 0 0
      1.63225987012866446957e-01 	 8 5 0 0
      3.02020072230375907904e-05 	 8 6 0 0
     -1.18428377865026565607e-02 	 8 7 0 0
     -1.98218214605675813189e+00 	 8 8 0 0
      1.18428822119809352975e-02 	 8 9 0 0
     -1.18986885806240099556e-02 	 9 1 0 0
      1.74406871863496924779e-02 	 9 2 0 0
     -1.58861675406775327765e-03 	 9 3 0 0
     -1.62731253449376722653e-01 	 9 4 0 0
      1.56753084944472903528e-01 	 9 5 0 0
      1.02202532449687608779e-02 	 9 6 0 0
     -3.67877873473708913443e-02 	 9 7 0 0
      1.18428822119861915096e-02 	 9 8 0 0
     -2.26204105609218375506e+00 	 9 9 0 0
     -4.18952512253996644631e+02 	 0 0 0 0
