 # Printing electron repulsion integrals in spatial MO basis
      7.26994056091534779362e-01 	 1 1 1 1
      5.14413938124061421130e-04 	 1 1 2 1
      1.37200546016011754036e-01 	 1 1 2 2
     -8.48815367973544698289e-04 	 1 1 3 1
     -5.03617225291868724239e-05 	 1 1 3 2
      3.74591709840205566717e-01 	 1 1 3 3
     -3.21858910353634052395e-03 	 1 1 4 1
      5.00983120691293856881e-04 	 1 1 4 2
     -4.32768175638864865257e-03 	 1 1 4 3
      3.14936413501292200579e-01 	 1 1 4 4
      5.14424310395423969693e-04 	 1 1 5 1
      4.79463596466008922133e-04 	 1 1 5 2
     -2.03726857641305840810e-04 	 1 1 5 3
      5.00992496633113014969e-04 	 1 1 5 4
      1.37200584965701977147e-01 	 1 1 5 5
      8.48872872418879732652e-04 	 1 1 6 1
      2.03725739602751796265e-04 	 1 1 6 2
      6.08295803549692599976e-03 	 1 1 6 3
      4.32769025798924837634e-03 	 1 1 6 4
      5.03652898324779603077e-05 	 1 1 6 5
      3.74591898731624906027e-01 	 1 1 6 6
      5.24608859019532608459e-03 	 1 1 7 1
     -1.37201381296634381847e-03 	 1 1 7 2
     -1.75927550761999598218e-03 	 1 1 7 3
     -9.69633633651585430564e-04 	 1 1 7 4
      7.95324258967980229039e-04 	 1 1 7 5
      2.33349455375660368541e-05 	 1 1 7 6
      2.02570365914840122556e-01 	 1 1 7 7
      5.19345372458282256330e-04 	 1 1 8 1
     -1.15965709615349068726e-03 	 1 1 8 2
     -3.33184830016714701750e-05 	 1 1 8 3
     -1.53955154496323806147e-03 	 1 1 8 4
     -1.15965548137889626693e-03 	 1 1 8 5
      3.33212843549201187445e-05 	 1 1 8 6
     -9.43309569661065637665e-04 	 1 1 8 7
      1.21056939676464039857e-01 	 1 1 8 8
     -5.24609094384015112872e-03 	 1 1 9 1
     -7.95322233514049567633e-04 	 1 1 9 2
      2.33335272696115730417e-05 	 1 1 9 3
      9.69649846579619285880e-04 	 1 1 9 4
      1.37201915447938624371e-03 	 1 1 9 5
     -1.75927367512091837112e-03 	 1 1 9 6
      4.47714873062651699115e-03 	 1 1 9 7
      9.43309064811600453578e-04 	 1 1 9 8
      2.02570430667170842121e-01 	 1 1 9 9
      5.14413938124064023215e-04 	 2 1 1 1
      2.34380482702841641725e-05 	 2 1 2 1
      1.33596312698695623110e-03 	 2 1 2 2
      1.11160140320297874759e-04 	 2 1 3 1
      1.27532653204307288777e-06 	 2 1 3 2
     -5.51234716242455266393e-04 	 2 1 3 3
     -5.21206741752504656984e-05 	 2 1 4 1
      2.57152257512239857979e-05 	 2 1 4 2
     -2.97161284858218539026e-05 	 2 1 4 3
     -9.23661629670352688371e-05 	 2 1 4 4
     -1.74576681621007326217e-06 	 2 1 5 1
      4.98235875443939498050e-06 	 2 1 5 2
     -3.06608177776999014308e-07 	 2 1 5 3
      1.44441186411384522777e-05 	 2 1 5 4
     -1.07006591221948742882e-04 	 2 1 5 5
      4.70672027650912181774e-05 	 2 1 6 1
     -6.32624829017180298837e-06 	 2 1 6 2
      5.20759051182632289327e-06 	 2 1 6 3
     -7.21202215014283752831e-06 	 2 1 6 4
     -6.14910060319177682405e-07 	 2 1 6 5
      2.84511785321731242894e-04 	 2 1 6 6
     -6.75855722663590111776e-06 	 2 1 7 1
      1.05299715177665647063e-04 	 2 1 7 2
      8.40493842261945936143e-06 	 2 1 7 3
      1.13471295099458973190e-04 	 2 1 7 4
      2.18441855191152630700e-06 	 2 1 7 5
     -1.87627997437420737875e-07 	 2 1 7 6
      1.33260816873399334879e-04 	 2 1 7 7
      2.59954917115188573066e-06 	 2 1 8 1
      4.91712885114913909163e-05 	 2 1 8 2
      5.59996452190329976526e-07 	 2 1 8 3
      3.37736507656103100095e-06 	 2 1 8 4
      3.70137593974478512951e-05 	 2 1 8 5
     -7.75480962435766901309e-08 	 2 1 8 6
      4.47965178116602519742e-05 	 2 1 8 7
      6.74332212798533576137e-05 	 2 1 8 8
     -2.38151050540911466422e-05 	 2 1 9 1
      1.90783688492690084795e-05 	 2 1 9 2
     -1.36485452177736293651e-06 	 2 1 9 3
     -3.15474916680534018043e-06 	 2 1 9 4
      3.00856349236873470566e-05 	 2 1 9 5
     -2.47151345271499370160e-06 	 2 1 9 6
     -1.16977966811790316077e-05 	 2 1 9 7
      3.43234863774429068876e-06 	 2 1 9 8
     -1.12284141860006690065e-04 	 2 1 9 9
      1.37200546016011670769e-01 	 2 2 1 1
      1.33596312698694734064e-03 	 2 2 2 1
      5.18446375162353811916e-01 	 2 2 2 2
     -1.36096780854391657511e-05 	 2 2 3 1
     -3.87464175014631885302e-05 	 2 2 3 2
      1.25652833665666263663e-01 	 2 2 3 3
      2.88781140828611336199e-03 	 2 2 4 1
      2.12449479399137719504e-03 	 2 2 4 2
      3.32813258414497265773e-04 	 2 2 4 3
      2.00350695484699026228e-01 	 2 2 4 4
     -1.07007560481868314937e-04 	 2 2 5 1
     -2.04337369727516059148e-03 	 2 2 5 2
      5.25061676108758266948e-06 	 2 2 5 3
     -1.15022503008130653167e-03 	 2 2 5 4
      1.93293821713545449503e-01 	 2 2 5 5
     -9.43544253155613487673e-04 	 2 2 6 1
     -7.22172660288993278205e-04 	 2 2 6 2
      5.94139758547056911521e-04 	 2 2 6 3
      3.96564306957905728362e-04 	 2 2 6 4
      3.03405806678618441120e-05 	 2 2 6 5
      1.09398464684407198400e-01 	 2 2 6 6
     -1.50267598182939163438e-03 	 2 2 7 1
      1.64319091970503185218e-02 	 2 2 7 2
      1.63140637142481317347e-03 	 2 2 7 3
     -1.43158637248863725676e-03 	 2 2 7 4
      1.29391349062859552753e-03 	 2 2 7 5
      8.40191398894385519519e-04 	 2 2 7 6
      2.98487132798584353655e-01 	 2 2 7 7
      2.46306820581226472541e-06 	 2 2 8 1
     -1.58311865425706313482e-02 	 2 2 8 2
      1.42849562822902365631e-04 	 2 2 8 3
      9.13626044621567898717e-04 	 2 2 8 4
     -1.95606145423958370511e-03 	 2 2 8 5
      1.32281748867753767493e-04 	 2 2 8 6
      6.24834624945998576284e-03 	 2 2 8 7
      2.97438547526609919913e-01 	 2 2 8 8
      1.73814050167000371319e-03 	 2 2 9 1
      1.78858400912434859290e-03 	 2 2 9 2
      2.86690886278114789257e-04 	 2 2 9 3
      2.44256514687094363272e-03 	 2 2 9 4
     -3.65496740191137729423e-03 	 2 2 9 5
      6.16376534402860581929e-05 	 2 2 9 6
     -8.61690989892691279473e-04 	 2 2 9 7
      1.11401801828948520019e-03 	 2 2 9 8
      1.68785750982855531355e-01 	 2 2 9 9
     -8.48815367973639349139e-04 	 3 1 1 1
      1.11160140320299175801e-04 	 3 1 2 1
     -1.36096780854131974150e-05 	 3 1 2 2
      5.30939550216022460027e-03 	 3 1 3 1
      3.60086579847881537060e-06 	 3 1 3 2
     -1.10708549441465419622e-02 	 3 1 3 3
     -7.63879888946555657588e-04 	 3 1 4 1
     -1.30522626504718378734e-04 	 3 1 4 2
      3.73172378670917753436e-05 	 3 1 4 3
      2.50209381899482545542e-03 	 3 1 4 4
     -4.70674192826408147668e-05 	 3 1 5 1
      1.54838073226652935303e-06 	 3 1 5 2
     -1.36986203242781843039e-05 	 3 1 5 3
      1.03717074540167505481e-04 	 3 1 5 4
      9.43545564865016042101e-04 	 3 1 5 5
      1.37241612948418704489e-03 	 3 1 6 1
     -4.34191037031790080119e-06 	 3 1 6 2
     -4.33154913709704570638e-04 	 3 1 6 3
     -1.07961570988343729424e-04 	 3 1 6 4
      1.89240047774042264222e-06 	 3 1 6 5
      3.98324249016222733250e-03 	 3 1 6 6
     -4.11417877107480905660e-04 	 3 1 7 1
      1.16590513544800915757e-04 	 3 1 7 2
      1.34365771319111911757e-04 	 3 1 7 3
      3.95451747820637559798e-04 	 3 1 7 4
      3.67679076283148608697e-05 	 3 1 7 5
      1.34724174355005598357e-05 	 3 1 7 6
     -8.64347787241525234055e-04 	 3 1 7 7
      3.11222321165860883307e-05 	 3 1 8 1
     -3.35001931222410394436e-05 	 3 1 8 2
     -2.55367121145385599779e-06 	 3 1 8 3
     -3.58764975589415306234e-05 	 3 1 8 4
     -3.44901923545263231223e-07 	 3 1 8 5
     -1.22661740781482851509e-06 	 3 1 8 6
      2.10159336876607472620e-05 	 3 1 8 7
      3.97703896641735696153e-04 	 3 1 8 8
     -2.41458892925666964249e-05 	 3 1 9 1
      2.44219050632278223832e-05 	 3 1 9 2
     -8.43944376799230850566e-05 	 3 1 9 3
      4.05480006374676232341e-04 	 3 1 9 4
      6.14504252224438068984e-05 	 3 1 9 5
     -9.59974070032246672363e-06 	 3 1 9 6
      2.99538092199374400820e-05 	 3 1 9 7
      2.21457001357045515878e-05 	 3 1 9 8
      2.38853492019568515795e-03 	 3 1 9 9
     -5.03617225291871976845e-05 	 3 2 1 1
      1.27532653204291724547e-06 	 3 2 2 1
     -3.87464175014646183218e-05 	 3 2 2 2
      3.60086579848152375845e-06 	 3 2 3 1
      4.07730887508916430007e-05 	 3 2 3 2
     -3.33376512441211584475e-03 	 3 2 3 3
     -6.47893852072451087790e-05 	 3 2 4 1
      2.65534047834898330584e-05 	 3 2 4 2
     -3.26731913416094781467e-05 	 3 2 4 3
      4.89279317767728596025e-04 	 3 2 4 4
      6.14795610113930361465e-07 	 3 2 5 1
      1.57771633285318056824e-05 	 3 2 5 2
     -5.75582900797887944444e-06 	 3 2 5 3
     -7.70468281589612330010e-07 	 3 2 5 4
     -3.03392844001814263543e-05 	 3 2 5 5
      1.89235451177493702959e-06 	 3 2 6 1
      1.89318711644394923214e-06 	 3 2 6 2
      2.78139106610439519292e-05 	 3 2 6 3
      9.94100218648649620607e-06 	 3 2 6 4
     -2.06929737980708068179e-06 	 3 2 6 5
     -2.96284287968798781398e-05 	 3 2 6 6
     -1.26962935484362217451e-05 	 3 2 7 1
      6.81544115036953208333e-05 	 3 2 7 2
     -4.60250932201040541714e-05 	 3 2 7 3
     -9.83755082103950716081e-06 	 3 2 7 4
     -5.69683008044486264150e-06 	 3 2 7 5
     -3.59868233381235608067e-07 	 3 2 7 6
      7.10393972968733820005e-04 	 3 2 7 7
      2.28674763874140525908e-06 	 3 2 8 1
      6.63112236748180701061e-05 	 3 2 8 2
      1.31647846492674754760e-05 	 3 2 8 3
      1.56459820349187389920e-06 	 3 2 8 4
      1.71377260622911177431e-06 	 3 2 8 5
     -9.54396899200934847022e-07 	 3 2 8 6
     -9.48504064211628774725e-07 	 3 2 8 7
     -2.36244815958075367887e-04 	 3 2 8 8
      1.55287901497898099751e-05 	 3 2 9 1
     -6.10414355570695514120e-06 	 3 2 9 2
     -1.26751829837721840296e-05 	 3 2 9 3
     -1.00396919009529201532e-05 	 3 2 9 4
      3.06386779037534343585e-06 	 3 2 9 5
     -4.35031945279702277665e-06 	 3 2 9 6
      9.91927912601171185103e-06 	 3 2 9 7
     -8.87784626732066143055e-07 	 3 2 9 8
      1.43577050768161333270e-04 	 3 2 9 9
      3.74591709840205622228e-01 	 3 3 1 1
     -5.51234716242450929584e-04 	 3 3 2 1
      1.25652833665666152640e-01 	 3 3 2 2
     -1.10708549441466460456e-02 	 3 3 3 1
     -3.33376512441211150795e-03 	 3 3 3 2
      7.68419254003393836783e-01 	 3 3 3 3
     -5.21236683491955749697e-04 	 3 3 4 1
      1.38875248542258823529e-03 	 3 3 4 2
      4.99168014438288332874e-03 	 3 3 4 3
      2.15295077491829439653e-01 	 3 3 4 4
      2.84517048360453147626e-04 	 3 3 5 1
      4.62833403662029209229e-04 	 3 3 5 2
      3.70720373093236103042e-04 	 3 3 5 3
     -3.42310425604414308304e-04 	 3 3 5 4
      1.09398477896717652436e-01 	 3 3 5 5
     -3.98323050144962480940e-03 	 3 3 6 1
      2.31959569301698454412e-04 	 3 3 6 2
     -1.33222868338952018293e-04 	 3 3 6 3
      2.59558656832700653666e-03 	 3 3 6 4
      2.96294787274088164766e-05 	 3 3 6 5
      2.33433313864067015775e-01 	 3 3 6 6
      3.82832645897420754955e-03 	 3 3 7 1
     -2.51453408949775395267e-03 	 3 3 7 2
      2.77666845937095136537e-03 	 3 3 7 3
     -3.20285498891910089259e-03 	 3 3 7 4
      9.90150002875639584712e-06 	 3 3 7 5
     -1.84255770219220112475e-04 	 3 3 7 6
      1.87106715601856349318e-01 	 3 3 7 7
      1.18214420552743664628e-05 	 3 3 8 1
     -2.80066215276617968416e-04 	 3 3 8 2
     -1.14931958422024465584e-03 	 3 3 8 3
     -5.86484744718820212236e-04 	 3 3 8 4
     -8.84658656564862562813e-04 	 3 3 8 5
      5.74972801744094247313e-05 	 3 3 8 6
     -9.77484866672165058840e-04 	 3 3 8 7
      1.04395599747342859853e-01 	 3 3 8 8
     -1.44771081026006504487e-03 	 3 3 9 1
     -7.09321495306936911432e-04 	 3 3 9 2
      4.29218087385079135557e-04 	 3 3 9 3
     -1.35301117222758776094e-03 	 3 3 9 4
      2.70229316822321772532e-04 	 3 3 9 5
     -9.41206708604994872307e-04 	 3 3 9 6
      2.64864548782645439773e-03 	 3 3 9 7
      5.05398219349143776498e-04 	 3 3 9 8
      1.44099801420547263264e-01 	 3 3 9 9
     -3.21858910353634312604e-03 	 4 1 1 1
     -5.21206741752356798912e-05 	 4 1 2 1
      2.88781140828606695814e-03 	 4 1 2 2
     -7.63879888946548176593e-04 	 4 1 3 1
     -6.47893852072454069346e-05 	 4 1 3 2
     -5.21236683492037823802e-04 	 4 1 3 3
      4.37785805180723134461e-03 	 4 1 4 1
     -6.75429731503980721082e-05 	 4 1 4 2
      4.93703935043702797462e-04 	 4 1 4 3
     -1.54951301814699191409e-03 	 4 1 4 4
     -5.21199656463881011719e-05 	 4 1 5 1
      1.56758734641131259138e-05 	 4 1 5 2
      2.14273947854082962049e-05 	 4 1 5 3
     -6.75438889143888067032e-05 	 4 1 5 4
      2.88781590242394303747e-03 	 4 1 5 5
      7.63882927594715030462e-04 	 4 1 6 1
     -2.14271325092799565508e-05 	 4 1 6 2
     -8.55461392056685823075e-05 	 4 1 6 3
     -4.93705914888256940272e-04 	 4 1 6 4
      6.47895477855888677872e-05 	 4 1 6 5
     -5.21229829705504069635e-04 	 4 1 6 6
      3.16483714953171208807e-04 	 4 1 7 1
      5.87740760739701708845e-04 	 4 1 7 2
      1.95465799353115003570e-04 	 4 1 7 3
     -1.08768452258493474732e-03 	 4 1 7 4
      8.85749452639029367052e-07 	 4 1 7 5
      9.77528431572742599826e-05 	 4 1 7 6
      2.72079171805084292501e-03 	 4 1 7 7
     -4.23807293616403627434e-05 	 4 1 8 1
     -1.98132146497362993760e-04 	 4 1 8 2
     -1.66116319218607290224e-05 	 4 1 8 3
      7.10722163827948606035e-05 	 4 1 8 4
     -1.98132534920461339436e-04 	 4 1 8 5
      1.66115596040118321123e-05 	 4 1 8 6
      6.35542765985770859421e-05 	 4 1 8 7
      2.66476364349457154473e-03 	 4 1 8 8
     -3.16482496361180005474e-04 	 4 1 9 1
     -8.85967760665047189671e-07 	 4 1 9 2
      9.77531501927574524935e-05 	 4 1 9 3
      1.08768548574078235958e-03 	 4 1 9 4
     -5.87742128947993706066e-04 	 4 1 9 5
      1.95465883340589557850e-04 	 4 1 9 6
     -1.04004234295264303767e-04 	 4 1 9 7
     -6.35551962679707584288e-05 	 4 1 9 8
      2.72079240532825629081e-03 	 4 1 9 9
      5.00983120691203217580e-04 	 4 2 1 1
      2.57152257512233183359e-05 	 4 2 2 1
      2.12449479399130650506e-03 	 4 2 2 2
     -1.30522626504734641766e-04 	 4 2 3 1
      2.65534047834914356447e-05 	 4 2 3 2
      1.38875248542255831131e-03 	 4 2 3 3
     -6.75429731504244453260e-05 	 4 2 4 1
      3.76916683207461451419e-04 	 4 2 4 2
      6.60111112811862671152e-05 	 4 2 4 3
     -1.90199187839377407017e-04 	 4 2 4 4
      1.44439726132552277314e-05 	 4 2 5 1
      8.56949632214574390579e-05 	 4 2 5 2
      9.74280377706646345947e-07 	 4 2 5 3
     -9.16868195649886446501e-05 	 4 2 5 4
     -1.15022374373980945314e-03 	 4 2 5 5
     -1.03716909128470850094e-04 	 4 2 6 1
     -1.23747725847276666850e-06 	 4 2 6 2
      9.03863383383275744419e-06 	 4 2 6 3
      5.84302403816217610357e-05 	 4 2 6 4
      7.70475553124191034133e-07 	 4 2 6 5
     -3.42315112730424921019e-04 	 4 2 6 6
      3.32008068939474514070e-05 	 4 2 7 1
      6.47022824339350930041e-04 	 4 2 7 2
      4.58571501070155742512e-05 	 4 2 7 3
     -5.05800568864838524449e-04 	 4 2 7 4
     -5.14397054093009586961e-05 	 4 2 7 5
      6.30161625596509931870e-06 	 4 2 7 6
      5.23647957223826680112e-03 	 4 2 7 7
      8.74578353341116722125e-06 	 4 2 8 1
      4.33946223030733904853e-04 	 4 2 8 2
      6.41151496991833102162e-06 	 4 2 8 3
      6.04321701360214347904e-05 	 4 2 8 4
      1.35594817537264058518e-05 	 4 2 8 5
     -2.75858447614703841483e-07 	 4 2 8 6
      9.00802585677356682306e-05 	 4 2 8 7
     -1.38033284953481072757e-03 	 4 2 8 8
     -1.30567664350499287580e-05 	 4 2 9 1
     -3.51435120348808703421e-05 	 4 2 9 2
     -1.96129466757422573958e-05 	 4 2 9 3
     -5.99207307784411493876e-04 	 4 2 9 4
      2.89084440098765968735e-05 	 4 2 9 5
     -1.92400378240558368411e-05 	 4 2 9 6
      2.87077904844092274771e-05 	 4 2 9 7
     -2.59028133841106045525e-05 	 4 2 9 8
     -2.04097738725446051222e-03 	 4 2 9 9
     -4.32768175638865559146e-03 	 4 3 1 1
     -2.97161284858181167932e-05 	 4 3 2 1
      3.32813258414486477961e-04 	 4 3 2 2
      3.73172378670961731387e-05 	 4 3 3 1
     -3.26731913416094984755e-05 	 4 3 3 2
      4.99168014438286684886e-03 	 4 3 3 3
      4.93703935043698785914e-04 	 4 3 4 1
      6.60111112811952253357e-05 	 4 3 4 2
      3.25723062397705747945e-04 	 4 3 4 3
     -4.31543534720498205698e-03 	 4 3 4 4
      7.21230595122019262414e-06 	 4 3 5 1
      3.14536340674632540474e-06 	 4 3 5 2
      7.40955382124750583551e-06 	 4 3 5 3
     -5.84295923145001198798e-05 	 4 3 5 4
     -3.96563438709861954250e-04 	 4 3 5 5
     -1.07961636825083706257e-04 	 4 3 6 1
      1.01851429083649631111e-06 	 4 3 6 2
     -9.61832978817667627516e-05 	 4 3 6 3
     -7.97349283810474320508e-05 	 4 3 6 4
      9.94092202861508043756e-06 	 4 3 6 5
     -2.59558227418263311875e-03 	 4 3 6 6
      8.47842577591768431586e-05 	 4 3 7 1
      2.35742761660492760472e-05 	 4 3 7 2
      7.58797730592895933871e-05 	 4 3 7 3
     -2.92339094161074574980e-04 	 4 3 7 4
     -3.33727309445352912079e-05 	 4 3 7 5
     -1.67547415820901888183e-06 	 4 3 7 6
      4.39188991131785391991e-04 	 4 3 7 7
     -1.05199192763075457033e-05 	 4 3 8 1
      8.53447659348161900643e-06 	 4 3 8 2
     -1.23824065683595666758e-05 	 4 3 8 3
      6.89541582734727690482e-05 	 4 3 8 4
     -1.71132956935639812780e-05 	 4 3 8 5
      4.91520863279424833470e-06 	 4 3 8 6
      5.34469732962915298547e-06 	 4 3 8 7
     -5.54249514088325083720e-06 	 4 3 8 8
      2.31353712088683597346e-05 	 4 3 9 1
     -1.94911491029690980839e-06 	 4 3 9 2
     -1.72739760390788156996e-05 	 4 3 9 3
     -8.19392929312843479751e-05 	 4 3 9 4
     -1.21613464660371827647e-04 	 4 3 9 5
      3.38372695063638079856e-05 	 4 3 9 6
     -8.81321956638212480580e-05 	 4 3 9 7
     -2.43368491464684708948e-05 	 4 3 9 8
     -1.58334340601949891472e-03 	 4 3 9 9
      3.14936413501292811201e-01 	 4 4 1 1
     -9.23661629669968067650e-05 	 4 4 2 1
      2.00350695484698637650e-01 	 4 4 2 2
      2.50209381899483586376e-03 	 4 4 3 1
      4.89279317767731198111e-04 	 4 4 3 2
      2.15295077491829162097e-01 	 4 4 3 3
     -1.54951301814705674938e-03 	 4 4 4 1
     -1.90199187839327154247e-04 	 4 4 4 2
     -4.31543534720500894519e-03 	 4 4 4 3
      5.64010896491548563425e-01 	 4 4 4 4
     -9.23691778440375476549e-05 	 4 4 5 1
      6.37730365655420311337e-04 	 4 4 5 2
     -3.27493835805542333420e-04 	 4 4 5 3
     -1.90187060854859427833e-04 	 4 4 5 4
      2.00350766439443078726e-01 	 4 4 5 5
     -2.50209271141010533568e-03 	 4 4 6 1
      3.27495121315678064996e-04 	 4 4 6 2
      2.15783421965466898698e-03 	 4 4 6 3
      4.31543429893067355396e-03 	 4 4 6 4
     -4.89275220484635818725e-04 	 4 4 6 5
      2.15295117812152075887e-01 	 4 4 6 6
     -5.02989744419502643469e-03 	 4 4 7 1
      2.96963086434245352591e-03 	 4 4 7 2
     -1.06977155488068302776e-03 	 4 4 7 3
     -1.27253906607166320658e-02 	 4 4 7 4
      1.77618108186600957149e-03 	 4 4 7 5
      7.83738145728471360257e-04 	 4 4 7 6
      3.05611785430033255917e-01 	 4 4 7 7
      3.96792616443628651073e-04 	 4 4 8 1
     -3.85958763356346540654e-03 	 4 4 8 2
      2.12025087938412970696e-04 	 4 4 8 3
     -4.19589877840639575296e-03 	 4 4 8 4
     -3.85958636993559943418e-03 	 4 4 8 5
     -2.12023292569929423454e-04 	 4 4 8 6
     -9.16976314039997467825e-04 	 4 4 8 7
      1.75627208668040379891e-01 	 4 4 8 8
      5.02989844916162595623e-03 	 4 4 9 1
     -1.77618186381905637274e-03 	 4 4 9 2
      7.83736858742584033104e-04 	 4 4 9 3
      1.27254289925185538890e-02 	 4 4 9 4
     -2.96963671545740675109e-03 	 4 4 9 5
     -1.06977153450260402921e-03 	 4 4 9 6
      9.00959424461074583068e-03 	 4 4 9 7
      9.16966039938693481572e-04 	 4 4 9 8
      3.05611830430850273110e-01 	 4 4 9 9
      5.14424310395419090783e-04 	 5 1 1 1
     -1.74576681621086947314e-06 	 5 1 2 1
     -1.07007560481870971233e-04 	 5 1 2 2
     -4.70674192826370471642e-05 	 5 1 3 1
      6.14795610113416106587e-07 	 5 1 3 2
      2.84517048360457159174e-04 	 5 1 3 3
     -5.21199656463895241872e-05 	 5 1 4 1
      1.44439726132525341666e-05 	 5 1 4 2
      7.21230595121951330371e-06 	 5 1 4 3
     -9.23691778440283319364e-05 	 5 1 4 4
      2.34381078755847584952e-05 	 5 1 5 1
      4.98227172217763662407e-06 	 5 1 5 2
      6.32620447037258692822e-06 	 5 1 5 3
      2.57150704521314235563e-05 	 5 1 5 4
      1.33595924071763013513e-03 	 5 1 5 5
     -1.11160101199118786655e-04 	 5 1 6 1
      3.06532769375316876195e-07 	 5 1 6 2
      5.20766690511947552008e-06 	 5 1 6 3
      2.97161682968493652101e-05 	 5 1 6 4
     -1.27538035638737590409e-06 	 5 1 6 5
     -5.51231190607327781183e-04 	 5 1 6 6
      2.38153249878289265335e-05 	 5 1 7 1
     -3.00856507652864604190e-05 	 5 1 7 2
     -2.47139754984140617777e-06 	 5 1 7 3
      3.15449008675248826112e-06 	 5 1 7 4
     -1.90785847286261032942e-05 	 5 1 7 5
     -1.36488120094723211622e-06 	 5 1 7 6
     -1.12283600911602428210e-04 	 5 1 7 7
      2.59932879296296135205e-06 	 5 1 8 1
      3.70139658581964274054e-05 	 5 1 8 2
      7.75780566170289056306e-08 	 5 1 8 3
      3.37675271912039781414e-06 	 5 1 8 4
      4.91724636693076770665e-05 	 5 1 8 5
     -5.59949848281253279176e-07 	 5 1 8 6
     -3.43241322769608042147e-06 	 5 1 8 7
      6.74308853629193815900e-05 	 5 1 8 8
      6.75815170467851158965e-06 	 5 1 9 1
     -2.18443380749438700482e-06 	 5 1 9 2
     -1.87765837209383427386e-07 	 5 1 9 3
     -1.13472946432317621903e-04 	 5 1 9 4
     -1.05298785002767982888e-04 	 5 1 9 5
      8.40491972364186151507e-06 	 5 1 9 6
     -1.16977073491652672611e-05 	 5 1 9 7
     -4.47966258579142771268e-05 	 5 1 9 8
      1.33252472795130104182e-04 	 5 1 9 9
      4.79463596465987888610e-04 	 5 2 1 1
      4.98235875443672005046e-06 	 5 2 2 1
     -2.04337369727506214592e-03 	 5 2 2 2
      1.54838073226724911927e-06 	 5 2 3 1
      1.57771633285321140024e-05 	 5 2 3 2
      4.62833403662060380041e-04 	 5 2 3 3
      1.56758734641127599955e-05 	 5 2 4 1
      8.56949632214657738621e-05 	 5 2 4 2
      3.14536340675123946638e-06 	 5 2 4 3
      6.37730365655318287912e-04 	 5 2 4 4
      4.98227172218089770092e-06 	 5 2 5 1
      3.84095170962712670077e-04 	 5 2 5 2
     -6.80728437990241302936e-06 	 5 2 5 3
      8.56950892272160413441e-05 	 5 2 5 4
     -2.04335166989147529876e-03 	 5 2 5 5
     -1.54860237729091635431e-06 	 5 2 6 1
      6.80732553671373231827e-06 	 5 2 6 2
      1.57474804299535639082e-06 	 5 2 6 3
     -3.14529313082501225560e-06 	 5 2 6 4
     -1.57773014231178886578e-05 	 5 2 6 5
      4.62834210194634830624e-04 	 5 2 6 6
      6.23413432203162815124e-06 	 5 2 7 1
      3.93825736139429840536e-04 	 5 2 7 2
      5.95813511092611137126e-06 	 5 2 7 3
      3.62165839504231457297e-05 	 5 2 7 4
     -4.35917202198587037053e-05 	 5 2 7 5
     -1.22205009754974116000e-06 	 5 2 7 6
      1.12663253740688724426e-03 	 5 2 7 7
      3.44475833813613367055e-05 	 5 2 8 1
      6.94224072740003161387e-04 	 5 2 8 2
      1.15237653363627504739e-05 	 5 2 8 3
      5.67227965180829596403e-05 	 5 2 8 4
      6.94221965248124450558e-04 	 5 2 8 5
     -1.15238652715758890403e-05 	 5 2 8 6
     -6.42535333668049285982e-05 	 5 2 8 7
     -6.36015568690827433340e-03 	 5 2 8 8
     -6.23417998172391636452e-06 	 5 2 9 1
      4.35914263644583704514e-05 	 5 2 9 2
     -1.22191951344361577730e-06 	 5 2 9 3
     -3.62167833172370224638e-05 	 5 2 9 4
     -3.93826974222112331358e-04 	 5 2 9 5
      5.95813170847174653421e-06 	 5 2 9 6
     -3.43401679233758811284e-05 	 5 2 9 7
      6.42529277430074925986e-05 	 5 2 9 8
      1.12663840884042105485e-03 	 5 2 9 9
     -2.03726857641309228942e-04 	 5 3 1 1
     -3.06608177777276364659e-07 	 5 3 2 1
      5.25061676108693892444e-06 	 5 3 2 2
     -1.36986203242774372209e-05 	 5 3 3 1
     -5.75582900797900649939e-06 	 5 3 3 2
      3.70720373093237024614e-04 	 5 3 3 3
      2.14273947854085265979e-05 	 5 3 4 1
      9.74280377704960962141e-07 	 5 3 4 2
      7.40955382124750160035e-06 	 5 3 4 3
     -3.27493835805539514495e-04 	 5 3 4 4
      6.32620447037254372954e-06 	 5 3 5 1
     -6.80728437990289414407e-06 	 5 3 5 2
      4.41273586219890194836e-06 	 5 3 5 3
      1.23741954910861003604e-06 	 5 3 5 4
      7.22172778380324262987e-04 	 5 3 5 5
     -4.34183231617652886508e-06 	 5 3 6 1
     -7.70372716383077732177e-07 	 5 3 6 2
     -7.61955275749125656570e-06 	 5 3 6 3
      1.01844736770950004411e-06 	 5 3 6 4
      1.89299354994914501422e-06 	 5 3 6 5
     -2.31960218702261536600e-04 	 5 3 6 6
      7.45809399763507644083e-06 	 5 3 7 1
     -4.75832645301067681408e-06 	 5 3 7 2
      7.55743785000186657388e-06 	 5 3 7 3
      1.69255349972501582524e-06 	 5 3 7 4
     -9.95835594306630508094e-06 	 5 3 7 5
      7.96913415993486750750e-07 	 5 3 7 6
     -1.84314445582492870274e-04 	 5 3 7 7
     -8.76946811348161458267e-07 	 5 3 8 1
      8.53262854552646903721e-06 	 5 3 8 2
     -2.12751695465222537198e-06 	 5 3 8 3
      1.84518790682536848661e-06 	 5 3 8 4
     -1.66882162241015814146e-05 	 5 3 8 5
      2.87658270633091847733e-07 	 5 3 8 6
     -6.84658881800362287178e-07 	 5 3 8 7
      2.30784049513344967017e-04 	 5 3 8 8
     -5.53523491684970362872e-06 	 5 3 9 1
     -1.56262008472296431196e-06 	 5 3 9 2
      2.66907876990058062647e-06 	 5 3 9 3
     -4.04344987062112753095e-05 	 5 3 9 4
     -8.81112944756956189337e-06 	 5 3 9 5
      4.51827639645541736201e-06 	 5 3 9 6
     -1.27997303995800247426e-05 	 5 3 9 7
     -1.79011776202980339896e-05 	 5 3 9 8
     -1.57850712447184162324e-04 	 5 3 9 9
      5.00992496633096535096e-04 	 5 4 1 1
      1.44441186411335005231e-05 	 5 4 2 1
     -1.15022503008129699069e-03 	 5 4 2 2
      1.03717074540181044455e-04 	 5 4 3 1
     -7.70468281591544941558e-07 	 5 4 3 2
     -3.42310425604423903493e-04 	 5 4 3 3
     -6.75438889143808242647e-05 	 5 4 4 1
     -9.16868195650086210751e-05 	 5 4 4 2
     -5.84295923145012921734e-05 	 5 4 4 3
     -1.90187060854788168645e-04 	 5 4 4 4
      2.57150704521324264434e-05 	 5 4 5 1
      8.56950892271986670043e-05 	 5 4 5 2
      1.23741954910905769295e-06 	 5 4 5 3
      3.76917638456604150478e-04 	 5 4 5 4
      2.12448682999649956366e-03 	 5 4 5 5
      1.30522519181511904504e-04 	 5 4 6 1
     -9.74361533722927850433e-07 	 5 4 6 2
      9.03863004391555874251e-06 	 5 4 6 3
     -6.60100162218166957879e-05 	 5 4 6 4
     -2.65534420478516868772e-05 	 5 4 6 5
      1.38875556394251050904e-03 	 5 4 6 6
      1.30566517073112686335e-05 	 5 4 7 1
     -2.89093286061199154400e-05 	 5 4 7 2
     -1.92400283737251109461e-05 	 5 4 7 3
      5.99208098254268490580e-04 	 5 4 7 4
      3.51427700439536742916e-05 	 5 4 7 5
     -1.96130207329765539348e-05 	 5 4 7 6
     -2.04097915927959781476e-03 	 5 4 7 7
      8.74538297009858108639e-06 	 5 4 8 1
      1.35598581722621260639e-05 	 5 4 8 2
      2.75869570880593686223e-07 	 5 4 8 3
      6.04312537616085327383e-05 	 5 4 8 4
      4.33948415566261279722e-04 	 5 4 8 5
     -6.41142932388141729478e-06 	 5 4 8 6
      2.59028450892827294015e-05 	 5 4 8 7
     -1.38033916586091480461e-03 	 5 4 8 8
     -3.32013010148358154224e-05 	 5 4 9 1
      5.14391021238575678678e-05 	 5 4 9 2
      6.30112774759186223053e-06 	 5 4 9 3
      5.05800105911044734289e-04 	 5 4 9 4
     -6.47021489923741343828e-04 	 5 4 9 5
      4.58574649858862866338e-05 	 5 4 9 6
      2.87081830445345910410e-05 	 5 4 9 7
     -9.00795711180752252606e-05 	 5 4 9 8
      5.23647689801644885405e-03 	 5 4 9 9
      1.37200584965702032658e-01 	 5 5 1 1
     -1.07006591221968665097e-04 	 5 5 2 1
      1.93293821713545477259e-01 	 5 5 2 2
      9.43545564865023523096e-04 	 5 5 3 1
     -3.03392844001823377617e-05 	 5 5 3 2
      1.09398477896717735702e-01 	 5 5 3 3
      2.88781590242386540859e-03 	 5 5 4 1
     -1.15022374373986800006e-03 	 5 5 4 2
     -3.96563438709860002686e-04 	 5 5 4 3
      2.00350766439443023215e-01 	 5 5 4 4
      1.33595924071761257106e-03 	 5 5 5 1
     -2.04335166989150565642e-03 	 5 5 5 2
      7.22172778380319492497e-04 	 5 5 5 3
      2.12448682999643190944e-03 	 5 5 5 4
      5.18446381536152633984e-01 	 5 5 5 5
      1.36083654731258017810e-05 	 5 5 6 1
     -5.24989626368825494342e-06 	 5 5 6 2
      5.94137808946637656186e-04 	 5 5 6 3
     -3.32816946448090086094e-04 	 5 5 6 4
      3.87436206354729441672e-05 	 5 5 6 5
      1.25652866144494917977e-01 	 5 5 6 6
     -1.73814246424202440908e-03 	 5 5 7 1
      3.65496834075662579977e-03 	 5 5 7 2
      6.16436652865326299190e-05 	 5 5 7 3
     -2.44256095196851517187e-03 	 5 5 7 4
     -1.78859797628799126537e-03 	 5 5 7 5
      2.86688792359037001971e-04 	 5 5 7 6
      1.68785817790851722098e-01 	 5 5 7 7
      2.46740788442799906843e-06 	 5 5 8 1
     -1.95606742520382237416e-03 	 5 5 8 2
     -1.32286028098288846195e-04 	 5 5 8 3
      9.13624802911901169773e-04 	 5 5 8 4
     -1.58311669719665114309e-02 	 5 5 8 5
     -1.42847170827778202412e-04 	 5 5 8 6
     -1.11402026010709066794e-03 	 5 5 8 7
      2.97438493259404412861e-01 	 5 5 8 8
      1.50268278120613513020e-03 	 5 5 9 1
     -1.29391396511904094302e-03 	 5 5 9 2
      8.40187349110531984595e-04 	 5 5 9 3
      1.43159327246762733792e-03 	 5 5 9 4
     -1.64319219812797262525e-02 	 5 5 9 5
      1.63140844823415009056e-03 	 5 5 9 6
     -8.61683679498555427957e-04 	 5 5 9 7
     -6.24835058534693819215e-03 	 5 5 9 8
      2.98487130367865005631e-01 	 5 5 9 9
      8.48872872418858915970e-04 	 6 1 1 1
      4.70672027650962529412e-05 	 6 1 2 1
     -9.43544253155655988398e-04 	 6 1 2 2
      1.37241612948418184072e-03 	 6 1 3 1
      1.89235451177595643375e-06 	 6 1 3 2
     -3.98323050144959271701e-03 	 6 1 3 3
      7.63882927594664831901e-04 	 6 1 4 1
     -1.03716909128440126515e-04 	 6 1 4 2
     -1.07961636825101216122e-04 	 6 1 4 3
     -2.50209271141014480064e-03 	 6 1 4 4
     -1.11160101199109814882e-04 	 6 1 5 1
     -1.54860237729712976450e-06 	 6 1 5 2
     -4.34183231617456374864e-06 	 6 1 5 3
      1.30522519181534862485e-04 	 6 1 5 4
      1.36083654730674073296e-05 	 6 1 5 5
      5.30940682804857243954e-03 	 6 1 6 1
     -1.36989958327877031213e-05 	 6 1 6 2
      4.33155710675834975873e-04 	 6 1 6 3
      3.73174788763406899660e-05 	 6 1 6 4
      3.60115015919225707402e-06 	 6 1 6 5
      1.10708960457489083429e-02 	 6 1 6 6
     -2.41443780144446547048e-05 	 6 1 7 1
      6.14502864710167110004e-05 	 6 1 7 2
      9.59984972736683603973e-06 	 6 1 7 3
      4.05480038407566624210e-04 	 6 1 7 4
      2.44218852793161850918e-05 	 6 1 7 5
      8.43944638484009107982e-05 	 6 1 7 6
     -2.38853121457483158832e-03 	 6 1 7 7
     -3.11222445978408672235e-05 	 6 1 8 1
      3.45061233872309595037e-07 	 6 1 8 2
     -1.22666120869215417895e-06 	 6 1 8 3
      3.58761381385488988785e-05 	 6 1 8 4
      3.35002445993437848195e-05 	 6 1 8 5
     -2.55330635121288440328e-06 	 6 1 8 6
      2.21454646943437742754e-05 	 6 1 8 7
     -3.97704287140532080844e-04 	 6 1 8 8
     -4.11419470638348442042e-04 	 6 1 9 1
      3.67679034253454539000e-05 	 6 1 9 2
     -1.34723989728569737710e-05 	 6 1 9 3
      3.95451246696271923112e-04 	 6 1 9 4
      1.16590862935535142164e-04 	 6 1 9 5
     -1.34365578765245939153e-04 	 6 1 9 6
     -2.99538281965996582891e-05 	 6 1 9 7
      2.10161912130512012857e-05 	 6 1 9 8
      8.64348688138552351430e-04 	 6 1 9 9
      2.03725739602756892015e-04 	 6 2 1 1
     -6.32624829017222819891e-06 	 6 2 2 1
     -7.22172660288993169785e-04 	 6 2 2 2
     -4.34191037031705546231e-06 	 6 2 3 1
      1.89318711644383530621e-06 	 6 2 3 2
      2.31959569301698047836e-04 	 6 2 3 3
     -2.14271325092766632867e-05 	 6 2 4 1
     -1.23747725847448720417e-06 	 6 2 4 2
      1.01851429083730120417e-06 	 6 2 4 3
      3.27495121315688961228e-04 	 6 2 4 4
      3.06532769374848890492e-07 	 6 2 5 1
      6.80732553671472249979e-06 	 6 2 5 2
     -7.70372716383207434098e-07 	 6 2 5 3
     -9.74361533724476861935e-07 	 6 2 5 4
     -5.24989626368985498866e-06 	 6 2 5 5
     -1.36989958327867544444e-05 	 6 2 6 1
      4.41267567798864741244e-06 	 6 2 6 2
      7.61947445431805360462e-06 	 6 2 6 3
      7.40956528185165681029e-06 	 6 2 6 4
     -5.75570835847354207412e-06 	 6 2 6 5
     -3.70723076956652687532e-04 	 6 2 6 6
     -5.53514755452044677250e-06 	 6 2 7 1
     -8.81100653046486499752e-06 	 6 2 7 2
     -4.51824062579172983073e-06 	 6 2 7 3
     -4.04339873211217478008e-05 	 6 2 7 4
     -1.56272076963717898977e-06 	 6 2 7 5
     -2.66918551474846369042e-06 	 6 2 7 6
      1.57849780912920617656e-04 	 6 2 7 7
      8.76959887780143284311e-07 	 6 2 8 1
      1.66874688071401703260e-05 	 6 2 8 2
      2.87737820986951872318e-07 	 6 2 8 3
     -1.84521628036191357449e-06 	 6 2 8 4
     -8.53281310297107091945e-06 	 6 2 8 5
     -2.12752689717369978929e-06 	 6 2 8 6
     -1.79011264435574576968e-05 	 6 2 8 7
     -2.30782843461355027630e-04 	 6 2 8 8
      7.45816131511156988373e-06 	 6 2 9 1
     -9.95890750206728147728e-06 	 6 2 9 2
     -7.96882986399822690636e-07 	 6 2 9 3
      1.69269367961182773008e-06 	 6 2 9 4
     -4.75858171792407326023e-06 	 6 2 9 5
     -7.55732896128604129807e-06 	 6 2 9 6
      1.27997136939406741811e-05 	 6 2 9 7
     -6.84913903930980404086e-07 	 6 2 9 8
      1.84315187970485178234e-04 	 6 2 9 9
      6.08295803549692686713e-03 	 6 3 1 1
      5.20759051182757480797e-06 	 6 3 2 1
      5.94139758547043142153e-04 	 6 3 2 2
     -4.33154913709710154279e-04 	 6 3 3 1
      2.78139106610445279116e-05 	 6 3 3 2
     -1.33222868338957059833e-04 	 6 3 3 3
     -8.55461392056761446177e-05 	 6 3 4 1
      9.03863383383606087268e-06 	 6 3 4 2
     -9.61832978817692699691e-05 	 6 3 4 3
      2.15783421965467158907e-03 	 6 3 4 4
      5.20766690512197003211e-06 	 6 3 5 1
      1.57474804299617483640e-06 	 6 3 5 2
     -7.61955275749081780264e-06 	 6 3 5 3
      9.03863004392210800126e-06 	 6 3 5 4
      5.94137808946625946803e-04 	 6 3 5 5
      4.33155710675834162721e-04 	 6 3 6 1
      7.61947445431779017737e-06 	 6 3 6 2
      3.01331602546941004252e-04 	 6 3 6 3
      9.61834630450106569527e-05 	 6 3 6 4
     -2.78138016816722282701e-05 	 6 3 6 5
     -1.33210810933112361494e-04 	 6 3 6 6
      4.21388446974803467611e-05 	 6 3 7 1
     -1.69099123121055676877e-05 	 6 3 7 2
     -6.72293449695938143259e-05 	 6 3 7 3
     -2.36166493465740276979e-05 	 6 3 7 4
      1.01408998777570569244e-05 	 6 3 7 5
     -4.80120344560294725630e-06 	 6 3 7 6
      1.14963701238477767654e-03 	 6 3 7 7
      4.27315969769523853772e-06 	 6 3 8 1
     -1.04619220493272998721e-05 	 6 3 8 2
      8.41219939956610827383e-06 	 6 3 8 3
     -1.15586254405015761987e-05 	 6 3 8 4
     -1.04619021795456257102e-05 	 6 3 8 5
     -8.41207032012942093147e-06 	 6 3 8 6
     -8.01017783637555370565e-06 	 6 3 8 7
      4.87165476387513328785e-04 	 6 3 8 8
     -4.21388531282279222450e-05 	 6 3 9 1
     -1.01408977599887125407e-05 	 6 3 9 2
     -4.80124923781692311710e-06 	 6 3 9 3
      2.36166650641361739751e-05 	 6 3 9 4
      1.69100935907970037226e-05 	 6 3 9 5
     -6.72292731217495712374e-05 	 6 3 9 6
      5.24155621984502678441e-05 	 6 3 9 7
      8.01018244550096211178e-06 	 6 3 9 8
      1.14963561688683781579e-03 	 6 3 9 9
      4.32769025798923276382e-03 	 6 4 1 1
     -7.21202215014055985671e-06 	 6 4 2 1
      3.96564306957894669500e-04 	 6 4 2 2
     -1.07961570988349543458e-04 	 6 4 3 1
      9.94100218648748045836e-06 	 6 4 3 2
      2.59558656832701087347e-03 	 6 4 3 3
     -4.93705914888287514773e-04 	 6 4 4 1
      5.84302403816335652869e-05 	 6 4 4 2
     -7.97349283810576913139e-05 	 6 4 4 3
      4.31543429893061977753e-03 	 6 4 4 4
      2.97161682968531429771e-05 	 6 4 5 1
     -3.14529313082488647121e-06 	 6 4 5 2
      1.01844736771071299529e-06 	 6 4 5 3
     -6.60100162218060570541e-05 	 6 4 5 4
     -3.32816946448097296038e-04 	 6 4 5 5
      3.73174788763373357155e-05 	 6 4 6 1
      7.40956528185136881909e-06 	 6 4 6 2
      9.61834630450098031435e-05 	 6 4 6 3
      3.25724154577552527188e-04 	 6 4 6 4
     -3.26731131782201700601e-05 	 6 4 6 5
     -4.99168606697570835240e-03 	 6 4 6 6
      2.31350519951441296808e-05 	 6 4 7 1
     -1.21613268080291624324e-04 	 6 4 7 2
     -3.38374264888579640758e-05 	 6 4 7 3
     -8.19394769136933540706e-05 	 6 4 7 4
     -1.94912029926581857795e-06 	 6 4 7 5
      1.72739024567745645385e-05 	 6 4 7 6
      1.58334308016070085361e-03 	 6 4 7 7
      1.05199919566838928251e-05 	 6 4 8 1
      1.71134653295508793564e-05 	 6 4 8 2
      4.91526275868220285828e-06 	 6 4 8 3
     -6.89532367102083484011e-05 	 6 4 8 4
     -8.53434989702255290996e-06 	 6 4 8 5
     -1.23822480141675504294e-05 	 6 4 8 6
     -2.43365325175802793567e-05 	 6 4 8 7
      5.54048667173070755426e-06 	 6 4 8 8
      8.47841248215521354472e-05 	 6 4 9 1
     -3.33726848581218852436e-05 	 6 4 9 2
      1.67533272815162821826e-06 	 6 4 9 3
     -2.92338476679208968470e-04 	 6 4 9 4
      2.35750260021781230901e-05 	 6 4 9 5
     -7.58798450995614261801e-05 	 6 4 9 6
      8.81322172455416811719e-05 	 6 4 9 7
      5.34490298663812655360e-06 	 6 4 9 8
     -4.39191630759472339575e-04 	 6 4 9 9
      5.03652898324895206134e-05 	 6 5 1 1
     -6.14910060319357782785e-07 	 6 5 2 1
      3.03405806678609123758e-05 	 6 5 2 2
      1.89240047774124659352e-06 	 6 5 3 1
     -2.06929737980710016354e-06 	 6 5 3 2
      2.96294787274062618252e-05 	 6 5 3 3
      6.47895477855929470979e-05 	 6 5 4 1
      7.70475553121565231997e-07 	 6 5 4 2
      9.94092202861630524721e-06 	 6 5 4 3
     -4.89275220484629205092e-04 	 6 5 4 4
     -1.27538035638776553925e-06 	 6 5 5 1
     -1.57773014231189965769e-05 	 6 5 5 2
      1.89299354994901520642e-06 	 6 5 5 3
     -2.65534420478526728235e-05 	 6 5 5 4
      3.87436206354681940064e-05 	 6 5 5 5
      3.60115015919355134036e-06 	 6 5 6 1
     -5.75570835847353868598e-06 	 6 5 6 2
     -2.78138016816719843246e-05 	 6 5 6 3
     -3.26731131782199667722e-05 	 6 5 6 4
      4.07733958923514507987e-05 	 6 5 6 5
      3.33376732908709444772e-03 	 6 5 6 6
      1.55288705575944514434e-05 	 6 5 7 1
      3.06385595948513051668e-06 	 6 5 7 2
      4.35026669515980852040e-06 	 6 5 7 3
     -1.00397335096291685493e-05 	 6 5 7 4
     -6.10436463018911553352e-06 	 6 5 7 5
      1.26751796047349132282e-05 	 6 5 7 6
     -1.43575548511052177893e-04 	 6 5 7 7
     -2.28680994128318664446e-06 	 6 5 8 1
     -1.71395524110093538227e-06 	 6 5 8 2
     -9.54412318739987807476e-07 	 6 5 8 3
     -1.56478975136383963566e-06 	 6 5 8 4
     -6.63108505681140903429e-05 	 6 5 8 5
      1.31648588940574636820e-05 	 6 5 8 6
     -8.87863116718176933335e-07 	 6 5 8 7
      2.36245677293786266859e-04 	 6 5 8 8
     -1.26962351061075102532e-05 	 6 5 9 1
     -5.69702231436006025167e-06 	 6 5 9 2
      3.59968121899559604258e-07 	 6 5 9 3
     -9.83697355807410015154e-06 	 6 5 9 4
      6.81543908031555819953e-05 	 6 5 9 5
      4.60252104046238663063e-05 	 6 5 9 6
     -9.91909183079596092753e-06 	 6 5 9 7
     -9.48389117665773624534e-07 	 6 5 9 8
     -7.10393161964373797378e-04 	 6 5 9 9
      3.74591898731624461938e-01 	 6 6 1 1
      2.84511785321721214024e-04 	 6 6 2 1
      1.09398464684407101255e-01 	 6 6 2 2
      3.98324249016214319841e-03 	 6 6 3 1
     -2.96284287968780248317e-05 	 6 6 3 2
      2.33433313864066960264e-01 	 6 6 3 3
     -5.21229829705469808847e-04 	 6 6 4 1
     -3.42315112730494364168e-04 	 6 6 4 2
     -2.59558227418262271041e-03 	 6 6 4 3
      2.15295117812152103642e-01 	 6 6 4 4
     -5.51231190607334503237e-04 	 6 6 5 1
      4.62834210194625181225e-04 	 6 6 5 2
     -2.31960218702263433954e-04 	 6 6 5 3
      1.38875556394249424601e-03 	 6 6 5 4
      1.25652866144494834710e-01 	 6 6 5 5
      1.10708960457489603846e-02 	 6 6 6 1
     -3.70723076956651820171e-04 	 6 6 6 2
     -1.33210810933090867186e-04 	 6 6 6 3
     -4.99168606697572569963e-03 	 6 6 6 4
      3.33376732908709965189e-03 	 6 6 6 5
      7.68419304432466754307e-01 	 6 6 6 6
      1.44771308363133709325e-03 	 6 6 7 1
     -2.70228609049780567949e-04 	 6 6 7 2
     -9.41207475515109387443e-04 	 6 6 7 3
      1.35301770192447360155e-03 	 6 6 7 4
      7.09321735151359012220e-04 	 6 6 7 5
      4.29211845993400856192e-04 	 6 6 7 6
      1.44099793807817344593e-01 	 6 6 7 7
      1.18230982340886967209e-05 	 6 6 8 1
     -8.84658724869553025547e-04 	 6 6 8 2
     -5.74958791550902778675e-05 	 6 6 8 3
     -5.86486593552392344170e-04 	 6 6 8 4
     -2.80064860403637287765e-04 	 6 6 8 5
      1.14932260496350066581e-03 	 6 6 8 6
     -5.05396923527443400238e-04 	 6 6 8 7
      1.04395602010776272772e-01 	 6 6 8 8
     -3.82833068016438272940e-03 	 6 6 9 1
     -9.90035694230092368575e-06 	 6 6 9 2
     -1.84255603733732769645e-04 	 6 6 9 3
      3.20285997435027988689e-03 	 6 6 9 4
      2.51453943031871999039e-03 	 6 6 9 5
      2.77667762736685461156e-03 	 6 6 9 6
      2.64865054525556314555e-03 	 6 6 9 7
      9.77482382527335331990e-04 	 6 6 9 8
      1.87106774895735156194e-01 	 6 6 9 9
      5.24608859019534516654e-03 	 7 1 1 1
     -6.75855722663743424739e-06 	 7 1 2 1
     -1.50267598182937146822e-03 	 7 1 2 2
     -4.11417877107484158267e-04 	 7 1 3 1
     -1.26962935484371721161e-05 	 7 1 3 2
      3.82832645897418152869e-03 	 7 1 3 3
      3.16483714953165354115e-04 	 7 1 4 1
      3.32008068939544309585e-05 	 7 1 4 2
      8.47842577591747425169e-05 	 7 1 4 3
     -5.02989744419507067014e-03 	 7 1 4 4
      2.38153249878298345528e-05 	 7 1 5 1
      6.23413432203373641625e-06 	 7 1 5 2
      7.45809399763512556874e-06 	 7 1 5 3
      1.30566517073170691151e-05 	 7 1 5 4
     -1.73814246424204565944e-03 	 7 1 5 5
     -2.41443780144384171542e-05 	 7 1 6 1
     -5.53514755452064921337e-06 	 7 1 6 2
      4.21388446974812141228e-05 	 7 1 6 3
      2.31350519951494829291e-05 	 7 1 6 4
      1.55288705575945530874e-05 	 7 1 6 5
      1.44771308363132820279e-03 	 7 1 6 6
      4.07946144455436450395e-04 	 7 1 7 1
     -2.60998902928863212546e-04 	 7 1 7 2
     -9.06231165792349871284e-06 	 7 1 7 3
      7.74085998284962709635e-04 	 7 1 7 4
     -4.85386843313082022447e-05 	 7 1 7 5
     -4.61881785648097066901e-05 	 7 1 7 6
     -3.45914671708452041779e-03 	 7 1 7 7
     -8.31694003765818802533e-06 	 7 1 8 1
      1.87664379445351290005e-04 	 7 1 8 2
     -5.33739538030934119567e-06 	 7 1 8 3
      2.48796565397402983202e-05 	 7 1 8 4
      1.15368424903260902289e-04 	 7 1 8 5
      6.92777692405988662454e-06 	 7 1 8 6
      1.18866049062639689759e-05 	 7 1 8 7
     -1.57494287885944590430e-03 	 7 1 8 8
     -1.77190319854238150258e-04 	 7 1 9 1
      3.43243242958339190717e-05 	 7 1 9 2
     -1.09302228211094456178e-05 	 7 1 9 3
     -2.12715974158905356045e-04 	 7 1 9 4
      8.49543757052367512093e-05 	 7 1 9 5
      1.03403223511697159634e-05 	 7 1 9 6
     -1.73223349447746745051e-04 	 7 1 9 7
     -1.32898929061551534711e-05 	 7 1 9 8
     -2.34829777151172825952e-03 	 7 1 9 9
     -1.37201381296645332289e-03 	 7 2 1 1
      1.05299715177670214264e-04 	 7 2 2 1
      1.64319091970503323996e-02 	 7 2 2 2
      1.16590513544816894186e-04 	 7 2 3 1
      6.81544115037012161826e-05 	 7 2 3 2
     -2.51453408949777780512e-03 	 7 2 3 3
      5.87740760739646089274e-04 	 7 2 4 1
      6.47022824339323608146e-04 	 7 2 4 2
      2.35742761660434213555e-05 	 7 2 4 3
      2.96963086434232472269e-03 	 7 2 4 4
     -3.00856507652849527003e-05 	 7 2 5 1
      3.93825736139432279991e-04 	 7 2 5 2
     -4.75832645300952823740e-06 	 7 2 5 3
     -2.89093286061176081223e-05 	 7 2 5 4
      3.65496834075680881310e-03 	 7 2 5 5
      6.14502864709996483687e-05 	 7 2 6 1
     -8.81100653046899343610e-06 	 7 2 6 2
     -1.69099123121093996647e-05 	 7 2 6 3
     -1.21613268080289049344e-04 	 7 2 6 4
      3.06385595948251614949e-06 	 7 2 6 5
     -2.70228609049731887271e-04 	 7 2 6 6
     -2.60998902928867711985e-04 	 7 2 7 1
      7.23172218798947673973e-03 	 7 2 7 2
      2.99180841648036765189e-04 	 7 2 7 3
      4.59442506500064230986e-04 	 7 2 7 4
      8.75971340040207924887e-05 	 7 2 7 5
      1.58206152151138079547e-04 	 7 2 7 6
      1.60128492459281797367e-02 	 7 2 7 7
      6.65401686425152999850e-05 	 7 2 8 1
      5.39884104267701375908e-04 	 7 2 8 2
      1.88924080835065396212e-05 	 7 2 8 3
      2.74213587668536810937e-04 	 7 2 8 4
     -6.50419048375672236885e-04 	 7 2 8 5
     -1.67049606156225134235e-05 	 7 2 8 6
      7.53782882402750193870e-04 	 7 2 8 7
      2.17102009264812578423e-03 	 7 2 8 8
      8.49542727777079600439e-05 	 7 2 9 1
     -9.04747820465729281434e-05 	 7 2 9 2
      4.41873766236062733882e-05 	 7 2 9 3
      5.38619828446719483596e-04 	 7 2 9 4
     -4.95412518143227955172e-04 	 7 2 9 5
      3.54763556120991045825e-05 	 7 2 9 6
     -3.50551901001619990988e-04 	 7 2 9 7
     -4.43668155403736044090e-05 	 7 2 9 8
      3.64691954283620500821e-03 	 7 2 9 9
     -1.75927550762000834209e-03 	 7 3 1 1
      8.40493842261946105549e-06 	 7 3 2 1
      1.63140637142481620923e-03 	 7 3 2 2
      1.34365771319108957306e-04 	 7 3 3 1
     -4.60250932201039050936e-05 	 7 3 3 2
      2.77666845937094963065e-03 	 7 3 3 3
      1.95465799353108335727e-04 	 7 3 4 1
      4.58571501070223708435e-05 	 7 3 4 2
      7.58797730592872487999e-05 	 7 3 4 3
     -1.06977155488070254340e-03 	 7 3 4 4
     -2.47139754984120204283e-06 	 7 3 5 1
      5.95813511092365243461e-06 	 7 3 5 2
      7.55743785000187758531e-06 	 7 3 5 3
     -1.92400283737224682033e-05 	 7 3 5 4
      6.16436652865141442720e-05 	 7 3 5 5
      9.59984972736866224276e-06 	 7 3 6 1
     -4.51824062579185857974e-06 	 7 3 6 2
     -6.72293449695937601158e-05 	 7 3 6 3
     -3.38374264888554094244e-05 	 7 3 6 4
      4.35026669515971195864e-06 	 7 3 6 5
     -9.41207475515113073730e-04 	 7 3 6 6
     -9.06231165792446433040e-06 	 7 3 7 1
      2.99180841648037469920e-04 	 7 3 7 2
      1.38838706282968675281e-04 	 7 3 7 3
      3.35834119564442043515e-05 	 7 3 7 4
     -3.58239063123039046125e-05 	 7 3 7 5
      2.34901402435195769645e-05 	 7 3 7 6
      3.08765355973593695268e-03 	 7 3 7 7
     -2.78051662019666548661e-08 	 7 3 8 1
      1.26269870526362102759e-05 	 7 3 8 2
     -1.46814051536528202636e-05 	 7 3 8 3
      2.60508549635482235468e-05 	 7 3 8 4
     -4.97607153594817828155e-06 	 7 3 8 5
      1.18279394564187953814e-06 	 7 3 8 6
      7.08107199112472009009e-05 	 7 3 8 7
      5.48206450392307192455e-04 	 7 3 8 8
     -1.03402083084306270781e-05 	 7 3 9 1
      5.89637659909403878249e-06 	 7 3 9 2
      1.56290542726148943891e-05 	 7 3 9 3
     -3.86283515996368803039e-05 	 7 3 9 4
     -3.54767394741255999197e-05 	 7 3 9 5
      1.60464282311767002102e-05 	 7 3 9 6
     -6.61886904041899919171e-05 	 7 3 9 7
     -4.53874042223259073936e-06 	 7 3 9 8
     -4.72641477416956923372e-04 	 7 3 9 9
     -9.69633633651386371045e-04 	 7 4 1 1
      1.13471295099454107832e-04 	 7 4 2 1
     -1.43158637248884303833e-03 	 7 4 2 2
      3.95451747820615713124e-04 	 7 4 3 1
     -9.83755082104389987367e-06 	 7 4 3 2
     -3.20285498891912170927e-03 	 7 4 3 3
     -1.08768452258491154540e-03 	 7 4 4 1
     -5.05800568864817382507e-04 	 7 4 4 2
     -2.92339094161077719166e-04 	 7 4 4 3
     -1.27253906607165435949e-02 	 7 4 4 4
      3.15449008674885533681e-06 	 7 4 5 1
      3.62165839504325850649e-05 	 7 4 5 2
      1.69255349972395279889e-06 	 7 4 5 3
      5.99208098254261009585e-04 	 7 4 5 4
     -2.44256095196870729250e-03 	 7 4 5 5
      4.05480038407589012985e-04 	 7 4 6 1
     -4.04339873211224389796e-05 	 7 4 6 2
     -2.36166493465667093332e-05 	 7 4 6 3
     -8.19394769136819563953e-05 	 7 4 6 4
     -1.00397335096303154319e-05 	 7 4 6 5
      1.35301770192447381840e-03 	 7 4 6 6
      7.74085998284980382131e-04 	 7 4 7 1
      4.59442506500064393616e-04 	 7 4 7 2
      3.35834119564452411198e-05 	 7 4 7 3
      6.80718693971302767076e-03 	 7 4 7 4
     -1.05004775873273993657e-04 	 7 4 7 5
     -1.78781216878837922101e-04 	 7 4 7 6
     -1.47227069495516824094e-02 	 7 4 7 7
     -3.68192665633834305750e-06 	 7 4 8 1
      6.37862492694403070310e-04 	 7 4 8 2
     -7.42611480361069842200e-06 	 7 4 8 3
      3.06393999170510147865e-06 	 7 4 8 4
      4.67302968981215258778e-04 	 7 4 8 5
     -2.18802252798444258505e-06 	 7 4 8 6
      3.63228899790787450753e-04 	 7 4 8 7
     -2.86816597623520443128e-03 	 7 4 8 8
     -2.12716229588617785099e-04 	 7 4 9 1
      2.78694081469553012545e-04 	 7 4 9 2
     -2.05980095220733306076e-05 	 7 4 9 3
      1.48494771901418556349e-03 	 7 4 9 4
      5.38620210803102041769e-04 	 7 4 9 5
      3.86283849799780282892e-05 	 7 4 9 6
     -9.12189099438594718471e-04 	 7 4 9 7
      2.04787896698772779790e-05 	 7 4 9 8
      4.22633103130643297818e-04 	 7 4 9 9
      7.95324258967945642990e-04 	 7 5 1 1
      2.18441855191596221854e-06 	 7 5 2 1
      1.29391349062860615271e-03 	 7 5 2 2
      3.67679076283181744626e-05 	 7 5 3 1
     -5.69683008044473219842e-06 	 7 5 3 2
      9.90150002873007514532e-06 	 7 5 3 3
      8.85749452644126070174e-07 	 7 5 4 1
     -5.14397054092983633871e-05 	 7 5 4 2
     -3.33727309445327026752e-05 	 7 5 4 3
      1.77618108186602019667e-03 	 7 5 4 4
     -1.90785847286246192924e-05 	 7 5 5 1
     -4.35917202198601131682e-05 	 7 5 5 2
     -9.95835594306613059216e-06 	 7 5 5 3
      3.51427700439693410130e-05 	 7 5 5 4
     -1.78859797628797868863e-03 	 7 5 5 5
      2.44218852793098560616e-05 	 7 5 6 1
     -1.56272076963696786681e-06 	 7 5 6 2
      1.01408998777563149235e-05 	 7 5 6 3
     -1.94912029927353335404e-06 	 7 5 6 4
     -6.10436463018878180253e-06 	 7 5 6 5
      7.09321735151352615427e-04 	 7 5 6 6
     -4.85386843313106688047e-05 	 7 5 7 1
      8.75971340040262948148e-05 	 7 5 7 2
     -3.58239063123023596244e-05 	 7 5 7 3
     -1.05004775873297981630e-04 	 7 5 7 4
      1.19850897807665288347e-04 	 7 5 7 5
     -1.71069758001803512662e-06 	 7 5 7 6
     -1.85754647645031026153e-03 	 7 5 7 7
     -1.57742064305873024951e-07 	 7 5 8 1
     -2.97512025609360491584e-04 	 7 5 8 2
     -5.81044187644953029562e-07 	 7 5 8 3
     -9.35524857806897775859e-06 	 7 5 8 4
     -4.41019613443199896916e-05 	 7 5 8 5
      3.13256751239589364345e-07 	 7 5 8 6
      4.62005358635123069460e-05 	 7 5 8 7
      1.30335965414217925390e-03 	 7 5 8 8
      3.43244556530268913230e-05 	 7 5 9 1
     -3.35706721244059655060e-06 	 7 5 9 2
      9.10685133363421461068e-06 	 7 5 9 3
      2.78693542787155441789e-04 	 7 5 9 4
     -9.04737118487740989191e-05 	 7 5 9 5
     -5.89625829798187678913e-06 	 7 5 9 6
      8.24448504104403624400e-05 	 7 5 9 7
      4.26408771126516455974e-05 	 7 5 9 8
      1.40941908432519360898e-03 	 7 5 9 9
      2.33349455375572683690e-05 	 7 6 1 1
     -1.87627997436899759673e-07 	 7 6 2 1
      8.40191398894380965870e-04 	 7 6 2 2
      1.34724174355025910207e-05 	 7 6 3 1
     -3.59868233381209561804e-07 	 7 6 3 2
     -1.84255770219212739900e-04 	 7 6 3 3
      9.77528431572734197259e-05 	 7 6 4 1
      6.30161625596626483604e-06 	 7 6 4 2
     -1.67547415820867413942e-06 	 7 6 4 3
      7.83738145728470709736e-04 	 7 6 4 4
     -1.36488120094796014104e-06 	 7 6 5 1
     -1.22205009755114405832e-06 	 7 6 5 2
      7.96913415993248099217e-07 	 7 6 5 3
     -1.96130207329786308596e-05 	 7 6 5 4
      2.86688792359038953535e-04 	 7 6 5 5
      8.43944638484011140861e-05 	 7 6 6 1
     -2.66918551474847724295e-06 	 7 6 6 2
     -4.80120344560283714201e-06 	 7 6 6 3
      1.72739024567739445104e-05 	 7 6 6 4
      1.26751796047348048080e-05 	 7 6 6 5
      4.29211845993396085702e-04 	 7 6 6 6
     -4.61881785648097947816e-05 	 7 6 7 1
      1.58206152151138675858e-04 	 7 6 7 2
      2.34901402435197057136e-05 	 7 6 7 3
     -1.78781216878837678156e-04 	 7 6 7 4
     -1.71069758001731557213e-06 	 7 6 7 5
      3.20280035106371060430e-05 	 7 6 7 6
      1.72984710562750160570e-03 	 7 6 7 7
      1.55173831179607254468e-06 	 7 6 8 1
     -4.64161993609806089564e-05 	 7 6 8 2
      7.73404509586542180185e-07 	 7 6 8 3
     -1.20893100123579691736e-06 	 7 6 8 4
     -3.42228910867224071085e-05 	 7 6 8 5
      3.27153350859623913085e-06 	 7 6 8 6
      1.64632394676974497878e-05 	 7 6 8 7
      4.90473433817720195702e-04 	 7 6 8 8
      1.09302291598136534729e-05 	 7 6 9 1
     -9.10701855302856541500e-06 	 7 6 9 2
      7.62523167713074111402e-06 	 7 6 9 3
      2.05981323181312086948e-05 	 7 6 9 4
     -4.41871486098513829204e-05 	 7 6 9 5
      1.56294053252582361663e-05 	 7 6 9 6
      1.73541161607696731791e-05 	 7 6 9 7
     -9.08854824327773816365e-07 	 7 6 9 8
      1.02008872142835601421e-04 	 7 6 9 9
      2.02570365914840150312e-01 	 7 7 1 1
      1.33260816873377813466e-04 	 7 7 2 1
      2.98487132798584020588e-01 	 7 7 2 2
     -8.64347787241527402459e-04 	 7 7 3 1
      7.10393972968725796908e-04 	 7 7 3 2
      1.87106715601856460340e-01 	 7 7 3 3
      2.72079171805090450770e-03 	 7 7 4 1
      5.23647957223834226159e-03 	 7 7 4 2
      4.39188991131793198246e-04 	 7 7 4 3
      3.05611785430033089384e-01 	 7 7 4 4
     -1.12283600911624342647e-04 	 7 7 5 1
      1.12663253740691413247e-03 	 7 7 5 2
     -1.84314445582499944693e-04 	 7 7 5 3
     -2.04097915927967847941e-03 	 7 7 5 4
      1.68785817790851527809e-01 	 7 7 5 5
     -2.38853121457483375673e-03 	 7 7 6 1
      1.57849780912924791835e-04 	 7 7 6 2
      1.14963701238477615865e-03 	 7 7 6 3
      1.58334308016069369787e-03 	 7 7 6 4
     -1.43575548511048952391e-04 	 7 7 6 5
      1.44099793807817594393e-01 	 7 7 6 6
     -3.45914671708450003479e-03 	 7 7 7 1
      1.60128492459280895310e-02 	 7 7 7 2
      3.08765355973593131483e-03 	 7 7 7 3
     -1.47227069495518073095e-02 	 7 7 7 4
     -1.85754647645030852680e-03 	 7 7 7 5
      1.72984710562750030466e-03 	 7 7 7 6
      5.19502157208326265092e-01 	 7 7 7 7
      3.22354041107627241336e-04 	 7 7 8 1
     -1.80571061849454646102e-03 	 7 7 8 2
      2.80348283647498806078e-04 	 7 7 8 3
      5.77990703288009332293e-04 	 7 7 8 4
     -3.47348208711367734125e-03 	 7 7 8 5
     -3.73654853451474460368e-05 	 7 7 8 6
      2.22100780669078805632e-03 	 7 7 8 7
      1.93460637031523385865e-01 	 7 7 8 8
      2.34830277630287661064e-03 	 7 7 9 1
     -1.40942774413506171846e-03 	 7 7 9 2
      1.02011327887425960466e-04 	 7 7 9 3
     -4.22618137890300345216e-04 	 7 7 9 4
     -3.64692578902272093733e-03 	 7 7 9 5
     -4.72647180280192117860e-04 	 7 7 9 6
      2.45259257793870640713e-03 	 7 7 9 7
      5.21085365953356392972e-04 	 7 7 9 8
      1.91214598795464291170e-01 	 7 7 9 9
      5.19345372458272932191e-04 	 8 1 1 1
      2.59954917115263366075e-06 	 8 1 2 1
      2.46306820580844375979e-06 	 8 1 2 2
      3.11222321165853497179e-05 	 8 1 3 1
      2.28674763874102112963e-06 	 8 1 3 2
      1.18214420552733500232e-05 	 8 1 3 3
     -4.23807293616449434976e-05 	 8 1 4 1
      8.74578353340946299096e-06 	 8 1 4 2
     -1.05199192763078743521e-05 	 8 1 4 3
      3.96792616443632987881e-04 	 8 1 4 4
      2.59932879296283810876e-06 	 8 1 5 1
      3.44475833813609775636e-05 	 8 1 5 2
     -8.76946811348179775355e-07 	 8 1 5 3
      8.74538297009736813521e-06 	 8 1 5 4
      2.46740788443227573778e-06 	 8 1 5 5
     -3.11222445978439097658e-05 	 8 1 6 1
      8.76959887780398876503e-07 	 8 1 6 2
      4.27315969769475149378e-06 	 8 1 6 3
      1.05199919566824122116e-05 	 8 1 6 4
     -2.28680994128296980402e-06 	 8 1 6 5
      1.18230982340942397045e-05 	 8 1 6 6
     -8.31694003765839978356e-06 	 8 1 7 1
      6.65401686425120067209e-05 	 8 1 7 2
     -2.78051662018480901058e-08 	 8 1 7 3
     -3.68192665633227237236e-06 	 8 1 7 4
     -1.57742064309260600875e-07 	 8 1 7 5
      1.55173831179619684677e-06 	 8 1 7 6
      3.22354041107641769645e-04 	 8 1 7 7
      1.52950611612993375612e-05 	 8 1 8 1
      2.98932007220905632944e-05 	 8 1 8 2
      5.39597586487967102590e-06 	 8 1 8 3
      2.88657045587183324817e-05 	 8 1 8 4
      2.98925992932353351604e-05 	 8 1 8 5
     -5.39598182299000533912e-06 	 8 1 8 6
      3.45846685420708329801e-06 	 8 1 8 7
     -1.53026385695629587799e-03 	 8 1 8 8
      8.31686551821969621313e-06 	 8 1 9 1
      1.57663859002696045869e-07 	 8 1 9 2
      1.55176054318607029932e-06 	 8 1 9 3
      3.68112462542003905162e-06 	 8 1 9 4
     -6.65404295227535290532e-05 	 8 1 9 5
     -2.78376863925958601657e-08 	 8 1 9 6
     -1.17735302776832739992e-06 	 8 1 9 7
     -3.45888095315906249360e-06 	 8 1 9 8
      3.22350838770430446218e-04 	 8 1 9 9
     -1.15965709615347594211e-03 	 8 2 1 1
      4.91712885114782246362e-05 	 8 2 2 1
     -1.58311865425707423705e-02 	 8 2 2 2
     -3.35001931222478631410e-05 	 8 2 3 1
      6.63112236748182598415e-05 	 8 2 3 2
     -2.80066215276581051332e-04 	 8 2 3 3
     -1.98132146497400723996e-04 	 8 2 4 1
      4.33946223030743608463e-04 	 8 2 4 2
      8.53447659346845103224e-06 	 8 2 4 3
     -3.85958763356357816357e-03 	 8 2 4 4
      3.70139658582093361875e-05 	 8 2 5 1
      6.94224072739925857772e-04 	 8 2 5 2
      8.53262854553015024240e-06 	 8 2 5 3
      1.35598581723102798869e-05 	 8 2 5 4
     -1.95606742520378941441e-03 	 8 2 5 5
      3.45061233897528518734e-07 	 8 2 6 1
      1.66874688071400551295e-05 	 8 2 6 2
     -1.04619220493249688375e-05 	 8 2 6 3
      1.71134653295626226212e-05 	 8 2 6 4
     -1.71395524110201196115e-06 	 8 2 6 5
     -8.84658724869583816888e-04 	 8 2 6 6
      1.87664379445333021198e-04 	 8 2 7 1
      5.39884104267714386334e-04 	 8 2 7 2
      1.26269870526288224545e-05 	 8 2 7 3
      6.37862492694321104626e-04 	 8 2 7 4
     -2.97512025609351817967e-04 	 8 2 7 5
     -4.64161993609756758365e-05 	 8 2 7 6
     -1.80571061849467006007e-03 	 8 2 7 7
      2.98932007220885981780e-05 	 8 2 8 1
      7.00679570371295305092e-03 	 8 2 8 2
     -1.47860818663514041678e-05 	 8 2 8 3
     -2.75683885755786631949e-05 	 8 2 8 4
     -5.81274267329587725033e-04 	 8 2 8 5
     -3.65331090957278847918e-05 	 8 2 8 6
     -6.73464760308744594085e-04 	 8 2 8 7
     -1.57357195380346190361e-02 	 8 2 8 8
     -1.15368159360361072544e-04 	 8 2 9 1
      4.41019337617326660480e-05 	 8 2 9 2
     -3.42228561930810724640e-05 	 8 2 9 3
     -4.67302659964585320046e-04 	 8 2 9 4
      6.50418276788067122041e-04 	 8 2 9 5
     -4.97604604414920150083e-06 	 8 2 9 6
     -1.03424068949329797792e-04 	 8 2 9 7
     -4.23770701520850650006e-04 	 8 2 9 8
     -3.47347916658286319166e-03 	 8 2 9 9
     -3.33184830016744042971e-05 	 8 3 1 1
      5.59996452190390962898e-07 	 8 3 2 1
      1.42849562822903205887e-04 	 8 3 2 2
     -2.55367121145355911274e-06 	 8 3 3 1
      1.31647846492673230100e-05 	 8 3 3 2
     -1.14931958422024378848e-03 	 8 3 3 3
     -1.66116319218618064483e-05 	 8 3 4 1
      6.41151496991780077899e-06 	 8 3 4 2
     -1.23824065683596615435e-05 	 8 3 4 3
      2.12025087938413621218e-04 	 8 3 4 4
      7.75780566170929227926e-08 	 8 3 5 1
      1.15237653363624912819e-05 	 8 3 5 2
     -2.12751695465221139593e-06 	 8 3 5 3
      2.75869570880639902458e-07 	 8 3 5 4
     -1.32286028098288249884e-04 	 8 3 5 5
     -1.22666120869264185817e-06 	 8 3 6 1
      2.87737820987010317591e-07 	 8 3 6 2
      8.41219939956608116877e-06 	 8 3 6 3
      4.91526275868175138972e-06 	 8 3 6 4
     -9.54412318739925127038e-07 	 8 3 6 5
     -5.74958791550891733365e-05 	 8 3 6 6
     -5.33739538030939032358e-06 	 8 3 7 1
      1.88924080835064786348e-05 	 8 3 7 2
     -1.46814051536527999349e-05 	 8 3 7 3
     -7.42611480361047480531e-06 	 8 3 7 4
     -5.81044187645367652190e-07 	 8 3 7 5
      7.73404509586555626834e-07 	 8 3 7 6
      2.80348283647498643448e-04 	 8 3 7 7
      5.39597586487970406018e-06 	 8 3 8 1
     -1.47860818663516091498e-05 	 8 3 8 2
      6.56960942533331376618e-06 	 8 3 8 3
      1.00724921064971580174e-05 	 8 3 8 4
      3.65330385322844094120e-05 	 8 3 8 5
     -1.84509260679136106186e-06 	 8 3 8 6
      6.32366802531648503446e-06 	 8 3 8 7
     -5.86952099750828433858e-04 	 8 3 8 8
      6.92779832910100799365e-06 	 8 3 9 1
      3.13325648962531662965e-07 	 8 3 9 2
     -3.27106013812112141092e-06 	 8 3 9 3
     -2.18823990684903002803e-06 	 8 3 9 4
     -1.67046096703145904112e-05 	 8 3 9 5
     -1.18286294560947967970e-06 	 8 3 9 6
      1.66358412949658658538e-06 	 8 3 9 7
      5.07710715961301498565e-06 	 8 3 9 8
      3.73606989001497167202e-05 	 8 3 9 9
     -1.53955154496327709275e-03 	 8 4 1 1
      3.37736507656522296701e-06 	 8 4 2 1
      9.13626044621606929995e-04 	 8 4 2 2
     -3.58764975589394096529e-05 	 8 4 3 1
      1.56459820349087270626e-06 	 8 4 3 2
     -5.86484744718833656343e-04 	 8 4 3 3
      7.10722163827818772825e-05 	 8 4 4 1
      6.04321701360080652224e-05 	 8 4 4 2
      6.89541582734724031300e-05 	 8 4 4 3
     -4.19589877840635325223e-03 	 8 4 4 4
      3.37675271911898708076e-06 	 8 4 5 1
      5.67227965180796324949e-05 	 8 4 5 2
      1.84518790682505063750e-06 	 8 4 5 3
      6.04312537616030507411e-05 	 8 4 5 4
      9.13624802911881979395e-04 	 8 4 5 5
      3.58761381385361933843e-05 	 8 4 6 1
     -1.84521628036084758353e-06 	 8 4 6 2
     -1.15586254405042663753e-05 	 8 4 6 3
     -6.89532367102147994041e-05 	 8 4 6 4
     -1.56478975136313363370e-06 	 8 4 6 5
     -5.86486593552375430616e-04 	 8 4 6 6
      2.48796565397410199922e-05 	 8 4 7 1
      2.74213587668525318394e-04 	 8 4 7 2
      2.60508549635494873200e-05 	 8 4 7 3
      3.06393999174338355621e-06 	 8 4 7 4
     -9.35524857808947087371e-06 	 8 4 7 5
     -1.20893100123580623472e-06 	 8 4 7 6
      5.77990703288073625482e-04 	 8 4 7 7
      2.88657045587188339252e-05 	 8 4 8 1
     -2.75683885755724222561e-05 	 8 4 8 2
      1.00724921064970004693e-05 	 8 4 8 3
      1.77967946044958313240e-04 	 8 4 8 4
     -2.75692359594744222358e-05 	 8 4 8 5
     -1.00726443288272443465e-05 	 8 4 8 6
      5.25119029293047559276e-05 	 8 4 8 7
     -2.71391845582433840350e-03 	 8 4 8 8
     -2.48801288504539125325e-05 	 8 4 9 1
      9.35520038169251235273e-06 	 8 4 9 2
     -1.20925980683595174579e-06 	 8 4 9 3
     -3.06554625941272432743e-06 	 8 4 9 4
     -2.74213144585526533321e-04 	 8 4 9 5
      2.60509562655878969479e-05 	 8 4 9 6
     -1.01183944753022351886e-04 	 8 4 9 7
     -5.25113955525844197268e-05 	 8 4 9 8
      5.77986256176591934978e-04 	 8 4 9 9
     -1.15965548137887263132e-03 	 8 5 1 1
      3.70137593974338379821e-05 	 8 5 2 1
     -1.95606145423982439799e-03 	 8 5 2 2
     -3.44901923548039540526e-07 	 8 5 3 1
      1.71377260622990756176e-06 	 8 5 3 2
     -8.84658656564854973398e-04 	 8 5 3 3
     -1.98132534920453343445e-04 	 8 5 4 1
      1.35594817537577901165e-05 	 8 5 4 2
     -1.71132956935640964744e-05 	 8 5 4 3
     -3.85958636993562458767e-03 	 8 5 4 4
      4.91724636693093440274e-05 	 8 5 5 1
      6.94221965248140713590e-04 	 8 5 5 2
     -1.66882162241005785276e-05 	 8 5 5 3
      4.33948415566261442352e-04 	 8 5 5 4
     -1.58311669719665218392e-02 	 8 5 5 5
      3.35002445993630158555e-05 	 8 5 6 1
     -8.53281310297230758755e-06 	 8 5 6 2
     -1.04619021795414278149e-05 	 8 5 6 3
     -8.53434989701786542963e-06 	 8 5 6 4
     -6.63108505681109190516e-05 	 8 5 6 5
     -2.80064860403692636286e-04 	 8 5 6 6
      1.15368424903254884967e-04 	 8 5 7 1
     -6.50419048375610871042e-04 	 8 5 7 2
     -4.97607153595153592015e-06 	 8 5 7 3
      4.67302968981167445462e-04 	 8 5 7 4
     -4.41019613443112889692e-05 	 8 5 7 5
     -3.42228910867204013345e-05 	 8 5 7 6
     -3.47348208711380961392e-03 	 8 5 7 7
      2.98925992932292432995e-05 	 8 5 8 1
     -5.81274267329570703058e-04 	 8 5 8 2
      3.65330385322834336301e-05 	 8 5 8 3
     -2.75692359594941208340e-05 	 8 5 8 4
      7.00678828484091638373e-03 	 8 5 8 5
      1.47861650854185395907e-05 	 8 5 8 6
      4.23770630274173905946e-04 	 8 5 8 7
     -1.57356869049280999329e-02 	 8 5 8 8
     -1.87664679702058022001e-04 	 8 5 9 1
      2.97511326611742728948e-04 	 8 5 9 2
     -4.64159946750813975458e-05 	 8 5 9 3
     -6.37861845469684372346e-04 	 8 5 9 4
     -5.39885844844932333460e-04 	 8 5 9 5
      1.26270948674134781786e-05 	 8 5 9 6
     -1.03424382441021279642e-04 	 8 5 9 7
      6.73465684199454732439e-04 	 8 5 9 8
     -1.80569634350033611167e-03 	 8 5 9 9
      3.33212843549206201880e-05 	 8 6 1 1
     -7.75480962436549480343e-08 	 8 6 2 1
      1.32281748867754770380e-04 	 8 6 2 2
     -1.22661740781499368652e-06 	 8 6 3 1
     -9.54396899200823885706e-07 	 8 6 3 2
      5.74972801744087132236e-05 	 8 6 3 3
      1.66115596040136888085e-05 	 8 6 4 1
     -2.75858447615487611657e-07 	 8 6 4 2
      4.91520863279451176195e-06 	 8 6 4 3
     -2.12023292569924246389e-04 	 8 6 4 4
     -5.59949848281249679286e-07 	 8 6 5 1
     -1.15238652715752690122e-05 	 8 6 5 2
      2.87658270633095606442e-07 	 8 6 5 3
     -6.41142932388172137961e-06 	 8 6 5 4
     -1.42847170827776359268e-04 	 8 6 5 5
     -2.55330635121238634790e-06 	 8 6 6 1
     -2.12752689717374087039e-06 	 8 6 6 2
     -8.41207032012943956619e-06 	 8 6 6 3
     -1.23822480141673352830e-05 	 8 6 6 4
      1.31648588940574230244e-05 	 8 6 6 5
      1.14932260496350088265e-03 	 8 6 6 6
      6.92777692405947242543e-06 	 8 6 7 1
     -1.67049606156214495501e-05 	 8 6 7 2
      1.18279394564171839012e-06 	 8 6 7 3
     -2.18802252798593590413e-06 	 8 6 7 4
      3.13256751240298913257e-07 	 8 6 7 5
      3.27153350859636364470e-06 	 8 6 7 6
     -3.73654853451505969994e-05 	 8 6 7 7
     -5.39598182298998924549e-06 	 8 6 8 1
     -3.65331090957281626186e-05 	 8 6 8 2
     -1.84509260679134475647e-06 	 8 6 8 3
     -1.00726443288273392142e-05 	 8 6 8 4
      1.47861650854172249956e-05 	 8 6 8 5
      6.56917423186335267389e-06 	 8 6 8 6
      5.07701398614041219325e-06 	 8 6 8 7
      5.86952779649972363266e-04 	 8 6 8 8
     -5.33733458407642588487e-06 	 8 6 9 1
     -5.81225910893819563688e-07 	 8 6 9 2
     -7.73395591070400902852e-07 	 8 6 9 3
     -7.42578327516215737803e-06 	 8 6 9 4
      1.88922316707268949211e-05 	 8 6 9 5
      1.46810883501421425226e-05 	 8 6 9 6
     -1.66352153029588067945e-06 	 8 6 9 7
      6.32363986312453351432e-06 	 8 6 9 8
     -2.80344818520360890193e-04 	 8 6 9 9
     -9.43309569661092851139e-04 	 8 7 1 1
      4.47965178116704705797e-05 	 8 7 2 1
      6.24834624946006295804e-03 	 8 7 2 2
      2.10159336876618484048e-05 	 8 7 3 1
     -9.48504064211922906916e-07 	 8 7 3 2
     -9.77484866672201488033e-04 	 8 7 3 3
      6.35542765985667995740e-05 	 8 7 4 1
      9.00802585677144449731e-05 	 8 7 4 2
      5.34469732963040235907e-06 	 8 7 4 3
     -9.16976314039989878410e-04 	 8 7 4 4
     -3.43241322770141588200e-06 	 8 7 5 1
     -6.42535333667775389408e-05 	 8 7 5 2
     -6.84658881801540086491e-07 	 8 7 5 3
      2.59028450892616992675e-05 	 8 7 5 4
     -1.11402026010707700700e-03 	 8 7 5 5
      2.21454646943340571134e-05 	 8 7 6 1
     -1.79011264435578642726e-05 	 8 7 6 2
     -8.01017783637520981027e-06 	 8 7 6 3
     -2.43365325175845484027e-05 	 8 7 6 4
     -8.87863116717798733124e-07 	 8 7 6 5
     -5.05396923527423125658e-04 	 8 7 6 6
      1.18866049062713872905e-05 	 8 7 7 1
      7.53782882402737617125e-04 	 8 7 7 2
      7.08107199112511175813e-05 	 8 7 7 3
      3.63228899790831957252e-04 	 8 7 7 4
      4.62005358634922695346e-05 	 8 7 7 5
      1.64632394676953694749e-05 	 8 7 7 6
      2.22100780669084356747e-03 	 8 7 7 7
      3.45846685420966378389e-06 	 8 7 8 1
     -6.73464760308711851179e-04 	 8 7 8 2
      6.32366802531664427665e-06 	 8 7 8 3
      5.25119029293128264575e-05 	 8 7 8 4
      4.23770630274179381167e-04 	 8 7 8 5
      5.07701398613989550316e-06 	 8 7 8 6
      3.90279693690599640415e-04 	 8 7 8 7
      1.41093923455284952530e-03 	 8 7 8 8
     -1.32900282691809666554e-05 	 8 7 9 1
      4.26408110581873587750e-05 	 8 7 9 2
      9.08856066980797313607e-07 	 8 7 9 3
      2.04785501978740088044e-05 	 8 7 9 4
     -4.43664177193892113478e-05 	 8 7 9 5
      4.53866576572621180998e-06 	 8 7 9 6
     -1.02403792236397471580e-04 	 8 7 9 7
      9.32442338685531213948e-05 	 8 7 9 8
     -5.21100086603780822750e-04 	 8 7 9 9
      1.21056939676464025979e-01 	 8 8 1 1
      6.74332212798380703630e-05 	 8 8 2 1
      2.97438547526609420313e-01 	 8 8 2 2
      3.97703896641717535767e-04 	 8 8 3 1
     -2.36244815958074690261e-04 	 8 8 3 2
      1.04395599747342915364e-01 	 8 8 3 3
      2.66476364349454422284e-03 	 8 8 4 1
     -1.38033284953478795933e-03 	 8 8 4 2
     -5.54249514089067846912e-06 	 8 8 4 3
      1.75627208668040296624e-01 	 8 8 4 4
      6.74308853629352244943e-05 	 8 8 5 1
     -6.36015568690833244664e-03 	 8 8 5 2
      2.30784049513349900137e-04 	 8 8 5 3
     -1.38033916586082546635e-03 	 8 8 5 4
      2.97438493259404579394e-01 	 8 8 5 5
     -3.97704287140494675869e-04 	 8 8 6 1
     -2.30782843461356518408e-04 	 8 8 6 2
      4.87165476387516093500e-04 	 8 8 6 3
      5.54048667174980645315e-06 	 8 8 6 4
      2.36245677293785101341e-04 	 8 8 6 5
      1.04395602010776175628e-01 	 8 8 6 6
     -1.57494287885944872322e-03 	 8 8 7 1
      2.17102009264807200781e-03 	 8 8 7 2
      5.48206450392304048269e-04 	 8 8 7 3
     -2.86816597623521267121e-03 	 8 8 7 4
      1.30335965414217448341e-03 	 8 8 7 5
      4.90473433817723014627e-04 	 8 8 7 6
      1.93460637031523330354e-01 	 8 8 7 7
     -1.53026385695629782956e-03 	 8 8 8 1
     -1.57357195380348063862e-02 	 8 8 8 2
     -5.86952099750829843321e-04 	 8 8 8 3
     -2.71391845582433450038e-03 	 8 8 8 4
     -1.57356869049281346273e-02 	 8 8 8 5
      5.86952779649973989569e-04 	 8 8 8 6
      1.41093923455289007446e-03 	 8 8 8 7
      5.17967979257548005734e-01 	 8 8 8 8
      1.57494331726182909374e-03 	 8 8 9 1
     -1.30336128648003701791e-03 	 8 8 9 2
      4.90472510708460048869e-04 	 8 8 9 3
      2.86816827554127072239e-03 	 8 8 9 4
     -2.17101669598716157106e-03 	 8 8 9 5
      5.48204309655041786310e-04 	 8 8 9 6
     -2.71134610002411507914e-04 	 8 8 9 7
     -1.41092951168458966699e-03 	 8 8 9 8
      1.93460581680649917891e-01 	 8 8 9 9
     -5.24609094384018842527e-03 	 9 1 1 1
     -2.38151050540928915301e-05 	 9 1 2 1
      1.73814050167003385401e-03 	 9 1 2 2
     -2.41458892925688004547e-05 	 9 1 3 1
      1.55287901497893254723e-05 	 9 1 3 2
     -1.44771081026003598825e-03 	 9 1 3 3
     -3.16482496361209278933e-04 	 9 1 4 1
     -1.30567664350669947779e-05 	 9 1 4 2
      2.31353712088604992689e-05 	 9 1 4 3
      5.02989844916161294580e-03 	 9 1 4 4
      6.75815170467931711798e-06 	 9 1 5 1
     -6.23417998170913394552e-06 	 9 1 5 2
     -5.53523491684890826478e-06 	 9 1 5 3
     -3.32013010148375840272e-05 	 9 1 5 4
      1.50268278120614597222e-03 	 9 1 5 5
     -4.11419470638353917263e-04 	 9 1 6 1
      7.45816131511247112679e-06 	 9 1 6 2
     -4.21388531282296027584e-05 	 9 1 6 3
      8.47841248215498992803e-05 	 9 1 6 4
     -1.26962351061076322259e-05 	 9 1 6 5
     -3.82833068016437579051e-03 	 9 1 6 6
     -1.77190319854243029168e-04 	 9 1 7 1
      8.49542727776611902727e-05 	 9 1 7 2
     -1.03402083084330648389e-05 	 9 1 7 3
     -2.12716229588588755586e-04 	 9 1 7 4
      3.43244556530206774893e-05 	 9 1 7 5
      1.09302291598174583449e-05 	 9 1 7 6
      2.34830277630295944369e-03 	 9 1 7 7
      8.31686551821905246809e-06 	 9 1 8 1
     -1.15368159360347682647e-04 	 9 1 8 2
      6.92779832910094954838e-06 	 9 1 8 3
     -2.48801288504578393772e-05 	 9 1 8 4
     -1.87664679702051679418e-04 	 9 1 8 5
     -5.33733458407692139914e-06 	 9 1 8 6
     -1.32900282691988780141e-05 	 9 1 8 7
      1.57494331726182844322e-03 	 9 1 8 8
      4.07946276922628993204e-04 	 9 1 9 1
     -4.85390231706503592836e-05 	 9 1 9 2
      4.61881604400546665035e-05 	 9 1 9 3
      7.74085468074075578639e-04 	 9 1 9 4
     -2.61000750890798326274e-04 	 9 1 9 5
      9.06231961660536729187e-06 	 9 1 9 6
      1.73223637318373901864e-04 	 9 1 9 7
      1.18858617685980461358e-05 	 9 1 9 8
      3.45914829881350735508e-03 	 9 1 9 9
     -7.95322233514042845580e-04 	 9 2 1 1
      1.90783688492687950272e-05 	 9 2 2 1
      1.78858400912434208768e-03 	 9 2 2 2
      2.44219050632334839515e-05 	 9 2 3 1
     -6.10414355570626057418e-06 	 9 2 3 2
     -7.09321495306927912554e-04 	 9 2 3 3
     -8.85967760646967059653e-07 	 9 2 4 1
     -3.51435120348656237490e-05 	 9 2 4 2
     -1.94911491029400999109e-06 	 9 2 4 3
     -1.77618186381908000834e-03 	 9 2 4 4
     -2.18443380749065243655e-06 	 9 2 5 1
      4.35914263644340639939e-05 	 9 2 5 2
     -1.56262008472223184022e-06 	 9 2 5 3
      5.14391021238740341883e-05 	 9 2 5 4
     -1.29391396511906869859e-03 	 9 2 5 5
      3.67679034253438004917e-05 	 9 2 6 1
     -9.95890750206857235550e-06 	 9 2 6 2
     -1.01408977599895629618e-05 	 9 2 6 3
     -3.33726848581203876893e-05 	 9 2 6 4
     -5.69702231435995521959e-06 	 9 2 6 5
     -9.90035694230105751696e-06 	 9 2 6 6
      3.43243242958296025918e-05 	 9 2 7 1
     -9.04747820465318775386e-05 	 9 2 7 2
      5.89637659909401083040e-06 	 9 2 7 3
      2.78694081469515499150e-04 	 9 2 7 4
     -3.35706721241275288356e-06 	 9 2 7 5
     -9.10701855302870602246e-06 	 9 2 7 6
     -1.40942774413510486971e-03 	 9 2 7 7
      1.57663859001675080000e-07 	 9 2 8 1
      4.41019337616934179293e-05 	 9 2 8 2
      3.13325648962385285084e-07 	 9 2 8 3
      9.35520038169241579097e-06 	 9 2 8 4
      2.97511326611717900718e-04 	 9 2 8 5
     -5.81225910893272062767e-07 	 9 2 8 6
      4.26408110582066575737e-05 	 9 2 8 7
     -1.30336128648004590837e-03 	 9 2 8 8
     -4.85390231706576573195e-05 	 9 2 9 1
      1.19850508108874215761e-04 	 9 2 9 2
      1.71071085332705431785e-06 	 9 2 9 3
     -1.05005224964611909317e-04 	 9 2 9 4
      8.75978520663163971738e-05 	 9 2 9 5
      3.58239371438580654671e-05 	 9 2 9 6
     -8.24447770508907127728e-05 	 9 2 9 7
      4.62005610980152368384e-05 	 9 2 9 8
      1.85754285487263644250e-03 	 9 2 9 9
      2.33335272695991081048e-05 	 9 3 1 1
     -1.36485452177781736969e-06 	 9 3 2 1
      2.86690886278126119170e-04 	 9 3 2 2
     -8.43944376799244538618e-05 	 9 3 3 1
     -1.26751829837722500982e-05 	 9 3 3 2
      4.29218087385084936039e-04 	 9 3 3 3
      9.77531501927501341289e-05 	 9 3 4 1
     -1.96129466757455269430e-05 	 9 3 4 2
     -1.72739760390810552547e-05 	 9 3 4 3
      7.83736858742574492125e-04 	 9 3 4 4
     -1.87765837208941911463e-07 	 9 3 5 1
     -1.22191951343878430137e-06 	 9 3 5 2
      2.66907876990087242932e-06 	 9 3 5 3
      6.30112774759242889557e-06 	 9 3 5 4
      8.40187349110530900392e-04 	 9 3 5 5
     -1.34723989728587084945e-05 	 9 3 6 1
     -7.96882986399569427785e-07 	 9 3 6 2
     -4.80124923781686721293e-06 	 9 3 6 3
      1.67533272815040616147e-06 	 9 3 6 4
      3.59968121899578450741e-07 	 9 3 6 5
     -1.84255603733725288650e-04 	 9 3 6 6
     -1.09302228211112464098e-05 	 9 3 7 1
      4.41873766235944284795e-05 	 9 3 7 2
      1.56290542726140202511e-05 	 9 3 7 3
     -2.05980095220721074920e-05 	 9 3 7 4
      9.10685133363372163750e-06 	 9 3 7 5
      7.62523167713195830036e-06 	 9 3 7 6
      1.02011327887446858463e-04 	 9 3 7 7
      1.55176054318630111580e-06 	 9 3 8 1
     -3.42228561930767763129e-05 	 9 3 8 2
     -3.27106013812103628411e-06 	 9 3 8 3
     -1.20925980683539079822e-06 	 9 3 8 4
     -4.64159946750800084117e-05 	 9 3 8 5
     -7.73395591070595826309e-07 	 9 3 8 6
      9.08856066976166902121e-07 	 9 3 8 7
      4.90472510708462325693e-04 	 9 3 8 8
      4.61881604400541786125e-05 	 9 3 9 1
      1.71071085332845891023e-06 	 9 3 9 2
      3.20286026022852834245e-05 	 9 3 9 3
      1.78780468900432526176e-04 	 9 3 9 4
     -1.58205858756676901247e-04 	 9 3 9 5
      2.34900224187946280688e-05 	 9 3 9 6
      1.73542706820098909816e-05 	 9 3 9 7
     -1.64634615385880907733e-05 	 9 3 9 8
      1.72984196917525629919e-03 	 9 3 9 9
      9.69649846579565401032e-04 	 9 4 1 1
     -3.15474916681590606942e-06 	 9 4 2 1
      2.44256514687105292030e-03 	 9 4 2 2
      4.05480006374675636029e-04 	 9 4 3 1
     -1.00396919009560897505e-05 	 9 4 3 2
     -1.35301117222749300167e-03 	 9 4 3 3
      1.08768548574070668226e-03 	 9 4 4 1
     -5.99207307784504518422e-04 	 9 4 4 2
     -8.19392929313033079606e-05 	 9 4 4 3
      1.27254289925186128696e-02 	 9 4 4 4
     -1.13472946432317540588e-04 	 9 4 5 1
     -3.62167833171766052978e-05 	 9 4 5 2
     -4.04344987062094524946e-05 	 9 4 5 3
      5.05800105911018713437e-04 	 9 4 5 4
      1.43159327246775722534e-03 	 9 4 5 5
      3.95451246696267640513e-04 	 9 4 6 1
      1.69269367961625453602e-06 	 9 4 6 2
      2.36166650641323758793e-05 	 9 4 6 3
     -2.92338476679213630539e-04 	 9 4 6 4
     -9.83697355807321246102e-06 	 9 4 6 5
      3.20285997435027598376e-03 	 9 4 6 6
     -2.12715974158925928781e-04 	 9 4 7 1
      5.38619828446591114059e-04 	 9 4 7 2
     -3.86283515996446120207e-05 	 9 4 7 3
      1.48494771901429875420e-03 	 9 4 7 4
      2.78693542787089684927e-04 	 9 4 7 5
      2.05981323181419287438e-05 	 9 4 7 6
     -4.22618137890116843999e-04 	 9 4 7 7
      3.68112462541814127430e-06 	 9 4 8 1
     -4.67302659964523032631e-04 	 9 4 8 2
     -2.18823990684921679880e-06 	 9 4 8 3
     -3.06554625943231619950e-06 	 9 4 8 4
     -6.37861845469634173786e-04 	 9 4 8 5
     -7.42578327516308911427e-06 	 9 4 8 6
      2.04785501977995207270e-05 	 9 4 8 7
      2.86816827554130324845e-03 	 9 4 8 8
      7.74085468074074277596e-04 	 9 4 9 1
     -1.05005224964572918696e-04 	 9 4 9 2
      1.78780468900432959857e-04 	 9 4 9 3
      6.80719275147770482015e-03 	 9 4 9 4
      4.59441298012792822929e-04 	 9 4 9 5
     -3.35833602683070152036e-05 	 9 4 9 6
      9.12190542033006917556e-04 	 9 4 9 7
      3.63229172163862445641e-04 	 9 4 9 8
      1.47227227911906916741e-02 	 9 4 9 9
      1.37201915447937843745e-03 	 9 5 1 1
      3.00856349237019227996e-05 	 9 5 2 1
     -3.65496740191146012727e-03 	 9 5 2 2
      6.14504252224442405793e-05 	 9 5 3 1
      3.06386779037924529312e-06 	 9 5 3 2
      2.70229316822306539492e-04 	 9 5 3 3
     -5.87742128947997067093e-04 	 9 5 4 1
      2.89084440099181692505e-05 	 9 5 4 2
     -1.21613464660375852748e-04 	 9 5 4 3
     -2.96963671545754292688e-03 	 9 5 4 4
     -1.05298785002759946240e-04 	 9 5 5 1
     -3.93826974222173317730e-04 	 9 5 5 2
     -8.81112944756777465385e-06 	 9 5 5 3
     -6.47021489923713479832e-04 	 9 5 5 4
     -1.64319219812798719693e-02 	 9 5 5 5
      1.16590862935546173921e-04 	 9 5 6 1
     -4.75858171792885052605e-06 	 9 5 6 2
      1.69100935908017809884e-05 	 9 5 6 3
      2.35750260021870203242e-05 	 9 5 6 4
      6.81543908031554735751e-05 	 9 5 6 5
      2.51453943031869050009e-03 	 9 5 6 6
      8.49543757052188483209e-05 	 9 5 7 1
     -4.95412518143112162380e-04 	 9 5 7 2
     -3.54767394741292048919e-05 	 9 5 7 3
      5.38620210802989284743e-04 	 9 5 7 4
     -9.04737118486775236106e-05 	 9 5 7 5
     -4.41871486098503393758e-05 	 9 5 7 6
     -3.64692578902287272563e-03 	 9 5 7 7
     -6.65404295227539627341e-05 	 9 5 8 1
      6.50418276788020176087e-04 	 9 5 8 2
     -1.67046096703149563295e-05 	 9 5 8 3
     -2.74213144585524907018e-04 	 9 5 8 4
     -5.39885844845047692571e-04 	 9 5 8 5
      1.88922316707275928763e-05 	 9 5 8 6
     -4.43664177193559060124e-05 	 9 5 8 7
     -2.17101669598721404644e-03 	 9 5 8 8
     -2.61000750890749266125e-04 	 9 5 9 1
      8.75978520662480382268e-05 	 9 5 9 2
     -1.58205858756665056339e-04 	 9 5 9 3
      4.59441298012953555901e-04 	 9 5 9 4
      7.23172263154401792629e-03 	 9 5 9 5
     -2.99181055034896162780e-04 	 9 5 9 6
      3.50550149577542988384e-04 	 9 5 9 7
      7.53784980917815905163e-04 	 9 5 9 8
     -1.60128371563968592561e-02 	 9 5 9 9
     -1.75927367512090644490e-03 	 9 6 1 1
     -2.47151345271501318335e-06 	 9 6 2 1
      6.16376534402797562678e-05 	 9 6 2 2
     -9.59974070032550757191e-06 	 9 6 3 1
     -4.35031945279702531775e-06 	 9 6 3 2
     -9.41206708605004088025e-04 	 9 6 3 3
      1.95465883340603245903e-04 	 9 6 4 1
     -1.92400378240590962239e-05 	 9 6 4 2
      3.38372695063675010493e-05 	 9 6 4 3
     -1.06977153450256543162e-03 	 9 6 4 4
      8.40491972364158538233e-06 	 9 6 5 1
      5.95813170847260119045e-06 	 9 6 5 2
      4.51827639645517595762e-06 	 9 6 5 3
      4.58574649858867203146e-05 	 9 6 5 4
      1.63140844823414358535e-03 	 9 6 5 5
     -1.34365578765245749417e-04 	 9 6 6 1
     -7.55732896128611244884e-06 	 9 6 6 2
     -6.72292731217497880778e-05 	 9 6 6 3
     -7.58798450995614261801e-05 	 9 6 6 4
      4.60252104046241373569e-05 	 9 6 6 5
      2.77667762736686285149e-03 	 9 6 6 6
      1.03403223511700700232e-05 	 9 6 7 1
      3.54763556121056233481e-05 	 9 6 7 2
      1.60464282311771033978e-05 	 9 6 7 3
      3.86283849799769169820e-05 	 9 6 7 4
     -5.89625829798302367174e-06 	 9 6 7 5
      1.56294053252578228142e-05 	 9 6 7 6
     -4.72647180280202309360e-04 	 9 6 7 7
     -2.78376863926746772432e-08 	 9 6 8 1
     -4.97604604415030603179e-06 	 9 6 8 2
     -1.18286294560954553652e-06 	 9 6 8 3
      2.60509562655877953039e-05 	 9 6 8 4
      1.26270948674121313962e-05 	 9 6 8 5
      1.46810883501423220936e-05 	 9 6 8 6
      4.53866576572816422092e-06 	 9 6 8 7
      5.48204309655044388395e-04 	 9 6 8 8
      9.06231961660743744040e-06 	 9 6 9 1
      3.58239371438554566056e-05 	 9 6 9 2
      2.34900224187948110279e-05 	 9 6 9 3
     -3.35833602683000220996e-05 	 9 6 9 4
     -2.99181055034886188120e-04 	 9 6 9 5
      1.38838888345715606677e-04 	 9 6 9 6
     -6.61885910549664282891e-05 	 9 6 9 7
     -7.08105864056744472830e-05 	 9 6 9 8
      3.08765627527782119191e-03 	 9 6 9 9
      4.47714873062650571545e-03 	 9 7 1 1
     -1.16977966811749692377e-05 	 9 7 2 1
     -8.61690989892626118922e-04 	 9 7 2 2
      2.99538092199292543556e-05 	 9 7 3 1
      9.91927912601116297368e-06 	 9 7 3 2
      2.64864548782646827552e-03 	 9 7 3 3
     -1.04004234295314190620e-04 	 9 7 4 1
      2.87077904843661541577e-05 	 9 7 4 2
     -8.81321956638337705931e-05 	 9 7 4 3
      9.00959424461077705570e-03 	 9 7 4 4
     -1.16977073491608914889e-05 	 9 7 5 1
     -3.43401679233547459623e-05 	 9 7 5 2
     -1.27997303995781832930e-05 	 9 7 5 3
      2.87081830445381722963e-05 	 9 7 5 4
     -8.61683679498536562839e-04 	 9 7 5 5
     -2.99538281965892702770e-05 	 9 7 6 1
      1.27997136939417177257e-05 	 9 7 6 2
      5.24155621984534730168e-05 	 9 7 6 3
      8.81322172455461399533e-05 	 9 7 6 4
     -9.91909183079673850377e-06 	 9 7 6 5
      2.64865054525554146150e-03 	 9 7 6 6
     -1.73223349447755012092e-04 	 9 7 7 1
     -3.50551901001699950898e-04 	 9 7 7 2
     -6.61886904041923365043e-05 	 9 7 7 3
     -9.12189099438546363054e-04 	 9 7 7 4
      8.24448504104112651642e-05 	 9 7 7 5
      1.73541161607741895587e-05 	 9 7 7 6
      2.45259257793877753079e-03 	 9 7 7 7
     -1.17735302776309930081e-06 	 9 7 8 1
     -1.03424068949307124414e-04 	 9 7 8 2
      1.66358412949753060360e-06 	 9 7 8 3
     -1.01183944753005926223e-04 	 9 7 8 4
     -1.03424382441027595120e-04 	 9 7 8 5
     -1.66352153029795548665e-06 	 9 7 8 6
     -1.02403792236420565086e-04 	 9 7 8 7
     -2.71134610002408309518e-04 	 9 7 8 8
      1.73223637318388701224e-04 	 9 7 9 1
     -8.24447770508864166217e-05 	 9 7 9 2
      1.73542706820135840453e-05 	 9 7 9 3
      9.12190542033055381393e-04 	 9 7 9 4
      3.50550149577429147156e-04 	 9 7 9 5
     -6.61885910549729335021e-05 	 9 7 9 6
      5.65163643455577485719e-04 	 9 7 9 7
      1.02403351359585634045e-04 	 9 7 9 8
      2.45260502608406249017e-03 	 9 7 9 9
      9.43309064811589611556e-04 	 9 8 1 1
      3.43234863774710622627e-06 	 9 8 2 1
      1.11401801828944291631e-03 	 9 8 2 2
      2.21457001357058966761e-05 	 9 8 3 1
     -8.87784626730148460462e-07 	 9 8 3 2
      5.05398219349148004886e-04 	 9 8 3 3
     -6.35551962679750003698e-05 	 9 8 4 1
     -2.59028133840923696272e-05 	 9 8 4 2
     -2.43368491464718386978e-05 	 9 8 4 3
      9.16966039938611732728e-04 	 9 8 4 4
     -4.47966258579083140149e-05 	 9 8 5 1
      6.42529277429685968456e-05 	 9 8 5 2
     -1.79011776202963839694e-05 	 9 8 5 3
     -9.00795711180560213296e-05 	 9 8 5 4
     -6.24835058534694773313e-03 	 9 8 5 5
      2.10161912130573270280e-05 	 9 8 6 1
     -6.84913903933658828144e-07 	 9 8 6 2
      8.01018244550275104537e-06 	 9 8 6 3
      5.34490298664433276401e-06 	 9 8 6 4
     -9.48389117665174136966e-07 	 9 8 6 5
      9.77482382527321020521e-04 	 9 8 6 6
     -1.32898929061648096467e-05 	 9 8 7 1
     -4.43668155403231551266e-05 	 9 8 7 2
     -4.53874042223501748876e-06 	 9 8 7 3
      2.04787896698176028138e-05 	 9 8 7 4
      4.26408771127001094345e-05 	 9 8 7 5
     -9.08854824327189787148e-07 	 9 8 7 6
      5.21085365953295569230e-04 	 9 8 7 7
     -3.45888095315827390593e-06 	 9 8 8 1
     -4.23770701520898463322e-04 	 9 8 8 2
      5.07710715961327587180e-06 	 9 8 8 3
     -5.25113955525780568153e-05 	 9 8 8 4
      6.73465684199393908697e-04 	 9 8 8 5
      6.32363986312468259212e-06 	 9 8 8 6
      9.32442338685716612520e-05 	 9 8 8 7
     -1.41092951168465059915e-03 	 9 8 8 8
      1.18858617686142092185e-05 	 9 8 9 1
      4.62005610979905305814e-05 	 9 8 9 2
     -1.64634615385835574529e-05 	 9 8 9 3
      3.63229172163894321185e-04 	 9 8 9 4
      7.53784980917848973329e-04 	 9 8 9 5
     -7.08105864056777134421e-05 	 9 8 9 6
      1.02403351359621575347e-04 	 9 8 9 7
      3.90279707462256632289e-04 	 9 8 9 8
     -2.22100544367274596591e-03 	 9 8 9 9
      2.02570430667170675587e-01 	 9 9 1 1
     -1.12284141859971778755e-04 	 9 9 2 1
      1.68785750982855559110e-01 	 9 9 2 2
      2.38853492019564178986e-03 	 9 9 3 1
      1.43577050768169437681e-04 	 9 9 3 2
      1.44099801420547291020e-01 	 9 9 3 3
      2.72079240532831310301e-03 	 9 9 4 1
     -2.04097738725436423507e-03 	 9 9 4 2
     -1.58334340601949045794e-03 	 9 9 4 3
      3.05611830430850772711e-01 	 9 9 4 4
      1.33252472795134657832e-04 	 9 9 5 1
      1.12663840884039655188e-03 	 9 9 5 2
     -1.57850712447184514690e-04 	 9 9 5 3
      5.23647689801647227281e-03 	 9 9 5 4
      2.98487130367864839098e-01 	 9 9 5 5
      8.64348688138566662899e-04 	 9 9 6 1
      1.84315187970473604376e-04 	 9 9 6 2
      1.14963561688685169358e-03 	 9 9 6 3
     -4.39191630759450276061e-04 	 9 9 6 4
     -7.10393161964375532101e-04 	 9 9 6 5
      1.87106774895735183950e-01 	 9 9 6 6
     -2.34829777151174690780e-03 	 9 9 7 1
      3.64691954283636677117e-03 	 9 9 7 2
     -4.72641477416955893380e-04 	 9 9 7 3
      4.22633103130433233647e-04 	 9 9 7 4
      1.40941908432532674901e-03 	 9 9 7 5
      1.02008872142833609199e-04 	 9 9 7 6
      1.91214598795464180148e-01 	 9 9 7 7
      3.22350838770434457766e-04 	 9 9 8 1
     -3.47347916658291263128e-03 	 9 9 8 2
      3.73606989001510042103e-05 	 9 9 8 3
      5.77986256176605162245e-04 	 9 9 8 4
     -1.80569634350039877856e-03 	 9 9 8 5
     -2.80344818520360998613e-04 	 9 9 8 6
     -5.21100086603694086576e-04 	 9 9 8 7
      1.93460581680649806868e-01 	 9 9 8 8
      3.45914829881364179615e-03 	 9 9 9 1
      1.85754285487246774064e-03 	 9 9 9 2
      1.72984196917529164418e-03 	 9 9 9 3
      1.47227227911912450509e-02 	 9 9 9 4
     -1.60128371563968627256e-02 	 9 9 9 5
      3.08765627527779777314e-03 	 9 9 9 6
      2.45260502608437083727e-03 	 9 9 9 7
     -2.22100544367283964098e-03 	 9 9 9 8
      5.19502155142921084874e-01 	 9 9 9 9
 # Printing T + V integrals in spatial MO basis
     -2.91397744837422001396e+00 	 1 1 0 0
      1.84211039216582227011e-03 	 1 2 0 0
      1.55396718678657841384e-01 	 1 3 0 0
      1.01551495582363829340e-01 	 1 4 0 0
      1.41720644150704583146e-03 	 1 5 0 0
     -1.55937162151873087712e-01 	 1 6 0 0
      1.26057531248918198996e-02 	 1 7 0 0
     -2.56751593268577694984e-03 	 1 8 0 0
     -1.26301974841116545351e-02 	 1 9 0 0
      1.84211039216700513468e-03 	 2 1 0 0
     -1.93113976031999645677e+00 	 2 2 0 0
     -2.15687117024696787398e-03 	 2 3 0 0
     -1.23570676118896338042e-02 	 2 4 0 0
      1.18209134878076837366e-02 	 2 5 0 0
     -1.68590109555917934230e-03 	 2 6 0 0
     -1.60892659567457130265e-01 	 2 7 0 0
      1.65396521647911465269e-01 	 2 8 0 0
      1.83999925510890012526e-02 	 2 9 0 0
      1.55396718678649181644e-01 	 3 1 0 0
     -2.15687117024639411419e-03 	 3 2 0 0
     -2.56248246089297815331e+00 	 3 3 0 0
      1.28638299666491359718e-02 	 3 4 0 0
      1.48549249365850549905e-03 	 3 5 0 0
     -3.05625151062605127095e-02 	 3 6 0 0
      1.07554540741178743940e-02 	 3 7 0 0
     -8.49882814953818342338e-05 	 3 8 0 0
     -1.59390001688587993819e-03 	 3 9 0 0
      1.01551495582355863490e-01 	 4 1 0 0
     -1.23570676119060685744e-02 	 4 2 0 0
      1.28638299666475643124e-02 	 4 3 0 0
     -2.62135477290582796783e+00 	 4 4 0 0
     -1.20691031385848114577e-02 	 4 5 0 0
     -1.41343667287056294624e-02 	 4 6 0 0
      1.66498212351657542962e-01 	 4 7 0 0
     -8.01939244504274936776e-03 	 4 8 0 0
     -1.63572806265280867866e-01 	 4 9 0 0
      1.41720644150662732942e-03 	 5 1 0 0
      1.18209134878029670235e-02 	 5 2 0 0
      1.48549249365785432722e-03 	 5 3 0 0
     -1.20691031385777702151e-02 	 5 4 0 0
     -2.02002146995408704555e+00 	 5 5 0 0
      2.22366040705928658464e-03 	 5 6 0 0
     -1.70848028069250715277e-02 	 5 7 0 0
      1.67779609279342351025e-01 	 5 8 0 0
      1.60187108121547988615e-01 	 5 9 0 0
     -1.55937162151848635050e-01 	 6 1 0 0
     -1.68590109555923290188e-03 	 6 2 0 0
     -3.05625151062647246181e-02 	 6 3 0 0
     -1.41343667287049685327e-02 	 6 4 0 0
      2.22366040706088296391e-03 	 6 5 0 0
     -2.49850635571758550313e+00 	 6 6 0 0
     -1.64472042455063153545e-03 	 6 7 0 0
      1.99810040018532053237e-04 	 6 8 0 0
      1.03597520051385942608e-02 	 6 9 0 0
      1.26057531248873963547e-02 	 7 1 0 0
     -1.60892659567462126269e-01 	 7 2 0 0
      1.07554540741193402353e-02 	 7 3 0 0
      1.66498212351620544780e-01 	 7 4 0 0
     -1.70848028069208561497e-02 	 7 5 0 0
     -1.64472042455133800158e-03 	 7 6 0 0
     -2.22568043270464999139e+00 	 7 7 0 0
     -1.05072976262236567752e-02 	 7 8 0 0
     -3.81198710872604554223e-02 	 7 9 0 0
     -2.56751593268552021077e-03 	 8 1 0 0
      1.65396521647932726040e-01 	 8 2 0 0
     -8.49882814953328282956e-05 	 8 3 0 0
     -8.01939244504042657302e-03 	 8 4 0 0
      1.67779609279356867191e-01 	 8 5 0 0
      1.99810040018605453724e-04 	 8 6 0 0
     -1.05072976261996672842e-02 	 8 7 0 0
     -1.87882487049803903467e+00 	 8 8 0 0
      1.35046311325236114559e-02 	 8 9 0 0
     -1.26301974841206959138e-02 	 9 1 0 0
      1.83999925510913986404e-02 	 9 2 0 0
     -1.59390001688544712469e-03 	 9 3 0 0
     -1.63572806265291637029e-01 	 9 4 0 0
      1.60187108121596644139e-01 	 9 5 0 0
      1.03597520051375707739e-02 	 9 6 0 0
     -3.81198710872643758973e-02 	 9 7 0 0
      1.35046311325277990784e-02 	 9 8 0 0
     -2.25775623923656354464e+00 	 9 9 0 0
 # Printing -1/2 \lambda \lambda q integrals in spatial MO basis
      3.27853254651317566060e-02 	 1 1 0 0
      1.94050282695659958828e-04 	 1 2 0 0
      3.11381845448591160078e-05 	 1 3 0 0
      1.10471647976555600347e-03 	 1 4 0 0
     -2.21265687440760677913e-04 	 1 5 0 0
     -4.00616472887753655250e-04 	 1 6 0 0
      7.82426489969183518343e-04 	 1 7 0 0
     -2.48865118129174217945e-04 	 1 8 0 0
     -1.02176917733934097439e-03 	 1 9 0 0
      1.94050282695661368291e-04 	 2 1 0 0
      9.35532940452639266704e-02 	 2 2 0 0
     -2.60266825962569327019e-04 	 2 3 0 0
     -1.08992786734949569441e-03 	 2 4 0 0
     -7.02861494596378113403e-04 	 2 5 0 0
     -2.08175235175073593350e-04 	 2 6 0 0
     -3.99147462856900420158e-03 	 2 7 0 0
      1.97563678162850477407e-03 	 2 8 0 0
      9.59506511823543560905e-04 	 2 9 0 0
      3.11381845448898734682e-05 	 3 1 0 0
     -2.60266825962569327019e-04 	 3 2 0 0
      2.61583936161983825197e-02 	 3 3 0 0
     -1.82162183710983717087e-04 	 3 4 0 0
      1.69315917734873577001e-05 	 3 5 0 0
     -1.25152500719829368712e-03 	 3 6 0 0
      3.96775157194537587274e-04 	 3 7 0 0
     -6.18768117578049654673e-05 	 3 8 0 0
     -3.15330067279835380692e-05 	 3 9 0 0
      1.10471647976555947292e-03 	 4 1 0 0
     -1.08992786734953082256e-03 	 4 2 0 0
     -1.82162183710985289180e-04 	 4 3 0 0
      5.39700450143295630545e-03 	 4 4 0 0
     -5.41479844302531084475e-04 	 4 5 0 0
     -1.40379770023058968870e-03 	 4 6 0 0
      3.59118085512350002780e-03 	 4 7 0 0
     -5.30510652452586086748e-04 	 4 8 0 0
     -8.22564138017865169664e-04 	 4 9 0 0
     -2.21265687440760705018e-04 	 5 1 0 0
     -7.02861494596322602252e-04 	 5 2 0 0
      1.69315917734871035903e-05 	 5 3 0 0
     -5.41479844302530650794e-04 	 5 4 0 0
      1.80236181818475976746e-02 	 5 5 0 0
      3.13586622007407632429e-04 	 5 6 0 0
      3.76032191501368033906e-04 	 5 7 0 0
      4.45513041292119275211e-03 	 5 8 0 0
      3.50495797523106382421e-03 	 5 9 0 0
     -4.00616472887667840648e-04 	 6 1 0 0
     -2.08175235175073620455e-04 	 6 2 0 0
     -1.25152500719830583019e-03 	 6 3 0 0
     -1.40379770023059662759e-03 	 6 4 0 0
      3.13586622007409312942e-04 	 6 5 0 0
      1.01511817006184529300e-01 	 6 6 0 0
     -1.13257300590993817456e-04 	 6 7 0 0
      1.61914576975398836296e-04 	 6 8 0 0
      9.87239646121668590773e-05 	 6 9 0 0
      7.82426489969184819386e-04 	 7 1 0 0
     -3.99147462856912910167e-03 	 7 2 0 0
      3.96775157194534117827e-04 	 7 3 0 0
      3.59118085512349699204e-03 	 7 4 0 0
      3.76032191501344669349e-04 	 7 5 0 0
     -1.13257300590980427559e-04 	 7 6 0 0
      2.66151523879115010918e-02 	 7 7 0 0
      1.11013741588605126427e-03 	 7 8 0 0
     -1.06841118606193388567e-03 	 7 9 0 0
     -2.48865118129172862693e-04 	 8 1 0 0
      1.97563678162829834198e-03 	 8 2 0 0
     -6.18768117578035560045e-05 	 8 3 0 0
     -5.30510652452608529733e-04 	 8 4 0 0
      4.45513041292109213815e-03 	 8 5 0 0
      1.61914576975399974708e-04 	 8 6 0 0
      1.11013741588615122771e-03 	 8 7 0 0
      8.39996305721952551959e-02 	 8 8 0 0
      1.63566137716977008480e-03 	 8 9 0 0
     -1.02176917733935094905e-03 	 9 1 0 0
      9.59506511823501168600e-04 	 9 2 0 0
     -3.15330067279806446046e-05 	 9 3 0 0
     -8.22564138017867663329e-04 	 9 4 0 0
      3.50495797523104517593e-03 	 9 5 0 0
      9.87239646121714127264e-05 	 9 6 0 0
     -1.06841118606193041622e-03 	 9 7 0 0
      1.63566137716974644919e-03 	 9 8 0 0
      8.11263162485221893394e-03 	 9 9 0 0
 # Printing \lambda mu integrals in spatial MO basis
     -2.43614437745837714155e-01 	 1 1 0 0
      6.32128320323222187352e-04 	 1 2 0 0
      2.45355053397273363113e-04 	 1 3 0 0
      5.40736134736288873853e-03 	 1 4 0 0
      4.38692925547939580055e-04 	 1 5 0 0
     -3.63946287214905999513e-03 	 1 6 0 0
     -1.75354550747342094116e-03 	 1 7 0 0
     -4.68244995870548282556e-04 	 1 8 0 0
      6.03914140471280367489e-03 	 1 9 0 0
      6.32128320323218826325e-04 	 2 1 0 0
      4.18986147876415582214e-01 	 2 2 0 0
      3.18087297853679213007e-04 	 2 3 0 0
     -4.22481117864163791507e-04 	 2 4 0 0
     -4.50694212071877427922e-03 	 2 5 0 0
     -5.09588503764235676435e-04 	 2 6 0 0
     -2.07701580963037335872e-03 	 2 7 0 0
      3.00858746933440127092e-03 	 2 8 0 0
     -4.72777540651018044946e-05 	 2 9 0 0
      2.45355053397306864960e-04 	 3 1 0 0
      3.18087297853680351419e-04 	 3 2 0 0
     -2.17729652375471871562e-01 	 3 3 0 0
      2.69460054898894687050e-03 	 3 4 0 0
      3.31416160493364542368e-04 	 3 5 0 0
      3.17114765832109254604e-03 	 3 6 0 0
      2.62974304024427485080e-03 	 3 7 0 0
      1.83733655818888342182e-04 	 3 8 0 0
      4.80828886888530373893e-04 	 3 9 0 0
      5.40736134736291302466e-03 	 4 1 0 0
     -4.22481117864141131682e-04 	 4 2 0 0
      2.69460054898895120731e-03 	 4 3 0 0
     -2.54626885184111861893e-02 	 4 4 0 0
     -5.60821665396588932284e-03 	 4 5 0 0
      3.58680045343756160117e-03 	 4 6 0 0
      2.36222022606913774692e-03 	 4 7 0 0
     -5.12815906659428214463e-04 	 4 8 0 0
      7.68780798934794130581e-04 	 4 9 0 0
      4.38692925547944621596e-04 	 5 1 0 0
     -4.50694212071888269944e-03 	 5 2 0 0
      3.31416160493365030259e-04 	 5 3 0 0
     -5.60821665396583467905e-03 	 5 4 0 0
      1.52929140255886636401e-01 	 5 5 0 0
     -5.06194758590746153571e-05 	 5 6 0 0
     -3.57769208635887073049e-04 	 5 7 0 0
      1.09041522135772421184e-03 	 5 8 0 0
     -2.29571533607270117372e-03 	 5 9 0 0
     -3.63946287214912287886e-03 	 6 1 0 0
     -5.09588503764235784856e-04 	 6 2 0 0
      3.17114765832106695886e-03 	 6 3 0 0
      3.58680045343755162651e-03 	 6 4 0 0
     -5.06194758590649591815e-05 	 6 5 0 0
     -4.44420879506972621442e-01 	 6 6 0 0
      1.09981510684183775815e-03 	 6 7 0 0
      1.09601918899274470968e-04 	 6 8 0 0
      6.85424354917993448183e-04 	 6 9 0 0
     -1.75354550747342614533e-03 	 7 1 0 0
     -2.07701580963020292214e-03 	 7 2 0 0
      2.62974304024427181503e-03 	 7 3 0 0
      2.36222022606908440417e-03 	 7 4 0 0
     -3.57769208635913364951e-04 	 7 5 0 0
      1.09981510684184274548e-03 	 7 6 0 0
      2.03634648157005604396e-01 	 7 7 0 0
      4.59463700367206216019e-03 	 7 8 0 0
     -5.13857212592005486995e-03 	 7 9 0 0
     -4.68244995870546005731e-04 	 8 1 0 0
      3.00858746933414192976e-03 	 8 2 0 0
      1.83733655818888857178e-04 	 8 3 0 0
     -5.12815906659396881020e-04 	 8 4 0 0
      1.09041522135761427374e-03 	 8 5 0 0
      1.09601918899273739131e-04 	 8 6 0 0
      4.59463700367205435393e-03 	 8 7 0 0
      3.95201609675166598556e-01 	 8 8 0 0
      4.10582685430956344143e-04 	 8 9 0 0
      6.03914140471281408323e-03 	 9 1 0 0
     -4.72777540651657791990e-05 	 9 2 0 0
      4.80828886888528693380e-04 	 9 3 0 0
      7.68780798934808767310e-04 	 9 4 0 0
     -2.29571533607271938832e-03 	 9 5 0 0
      6.85424354917977727251e-04 	 9 6 0 0
     -5.13857212592005920676e-03 	 9 7 0 0
      4.10582685430863536438e-04 	 9 8 0 0
     -6.68313484084357145587e-02 	 9 9 0 0
 # Printing nuclear repulsion energy
     -4.19028636436110559771e+02 	 0 0 0 0
 # Printing photon energy
      6.61500000000000004663e-02 	 0 0 0 0
 # Printing lambda vector
  7.8781200000e-02, 5.5163200000e-02, 2.7395900000e-02 	 0 0 0 0
 # Printing RHF Electronic Dipole Moment
  5.7588285868e+00, 6.2997681916e-07, 1.1386663661e-03 	 0 0 0 0
 # Printing Nuclear Dipole Moment
  -7.9054415982e+00, -5.0345929161e-02, -2.6311930085e-02 	 0 0 0 0
