&FCI NORB=8,NELEC=0,MS2=0
ORBSYM=1,1,1,1,
ISYM=1,
/
      5.47090219493196694422e-01 	 1 1 1 1
     -4.82177903611521532778e-02 	 1 1 2 1
      2.70565017871812807382e-01 	 1 1 2 2
     -2.34910534244069831022e-02 	 1 1 3 1
     -6.92944723396244233876e-03 	 1 1 3 2
      3.07295264103058241023e-01 	 1 1 3 3
     -5.28012671437497194127e-03 	 1 1 4 1
      5.06400099415876765773e-05 	 1 1 4 2
      5.59784265710669675514e-03 	 1 1 4 3
      1.88651272925133978164e-01 	 1 1 4 4
      5.44093055616332380020e-03 	 1 1 5 1
     -3.93557410630171206761e-03 	 1 1 5 2
      1.15372644612292893362e-02 	 1 1 5 3
      1.31532490146685525009e-03 	 1 1 5 4
      1.50899238563794918511e-01 	 1 1 5 5
      2.34907426181287896927e-02 	 1 1 6 1
      6.93221994553353242779e-03 	 1 1 6 2
      1.53117782025821921876e-02 	 1 1 6 3
     -1.22242180333901259703e-02 	 1 1 6 4
     -4.40687046551192524585e-03 	 1 1 6 5
      3.07292272161093726890e-01 	 1 1 6 6
      5.42747233882749906958e-03 	 1 1 7 1
     -3.92766453479275953753e-03 	 1 1 7 2
      4.39819092472031481639e-03 	 1 1 7 3
     -6.64998439728507664132e-03 	 1 1 7 4
     -9.72030385206583402973e-05 	 1 1 7 5
     -1.15304778091563815690e-02 	 1 1 7 6
      1.50907467315950977182e-01 	 1 1 7 7
      5.32054217486669332737e-03 	 1 1 8 1
     -3.02484055810493589016e-05 	 1 1 8 2
     -1.22229594438589116850e-02 	 1 1 8 3
      5.58755202717077514851e-03 	 1 1 8 4
      6.65618825113812023070e-03 	 1 1 8 5
      5.58933194442892081893e-03 	 1 1 8 6
     -1.33014836116964905652e-03 	 1 1 8 7
      1.88637226439108351972e-01 	 1 1 8 8
     -4.82177903611520700111e-02 	 2 1 1 1
      1.91961361196290071496e-02 	 2 1 2 1
     -2.47012731840197362343e-02 	 2 1 2 2
      5.01220829692331035915e-03 	 2 1 3 1
      3.39167067123289896549e-03 	 2 1 3 2
     -2.49968506847062510445e-02 	 2 1 3 3
      2.14367169089457526229e-03 	 2 1 4 1
      3.88389593818106327455e-03 	 2 1 4 2
     -1.14398918157176845804e-03 	 2 1 4 3
     -2.79332802323233129332e-03 	 2 1 4 4
     -4.68324410490882493512e-04 	 2 1 5 1
      3.08492033912673635151e-03 	 2 1 5 2
     -3.61233738929715849850e-03 	 2 1 5 3
      5.55788085315991669741e-04 	 2 1 5 4
      2.03556172176370536731e-02 	 2 1 5 5
     -5.01180304842887679867e-03 	 2 1 6 1
     -3.39178848107164927772e-03 	 2 1 6 2
     -3.78733123339436688476e-03 	 2 1 6 3
      3.46800499478458869665e-03 	 2 1 6 4
      1.46560225310375267724e-03 	 2 1 6 5
     -2.49964743322176607965e-02 	 2 1 6 6
     -4.61135523174612460204e-04 	 2 1 7 1
      3.08761729043004803236e-03 	 2 1 7 2
     -1.46183688224683721278e-03 	 2 1 7 3
      3.82502071019229228366e-03 	 2 1 7 4
      1.80387378788166951975e-03 	 2 1 7 5
      3.60950197860944411651e-03 	 2 1 7 6
      2.03551463091188877819e-02 	 2 1 7 7
     -2.15663781337990540649e-03 	 2 1 8 1
     -3.89829194893037906181e-03 	 2 1 8 2
      3.46646970714879158054e-03 	 2 1 8 3
     -2.37862751708830871475e-03 	 2 1 8 4
     -3.82588985323561179067e-03 	 2 1 8 5
     -1.14029191624906390753e-03 	 2 1 8 6
     -5.52874225225184604861e-04 	 2 1 8 7
     -2.78784224383700788771e-03 	 2 1 8 8
      2.70565017871812918404e-01 	 2 2 1 1
     -2.47012731840197292954e-02 	 2 2 2 1
      4.36948904340418831094e-01 	 2 2 2 2
     -2.02703715865821480074e-03 	 2 2 3 1
     -8.51880883542942626829e-03 	 2 2 3 2
      1.92331991240077382344e-01 	 2 2 3 3
      6.58250808044857221857e-03 	 2 2 4 1
      3.73365160097948204851e-03 	 2 2 4 2
      3.35471358270741926155e-03 	 2 2 4 3
      2.61638094334672000052e-01 	 2 2 4 4
      3.68251561070556806751e-03 	 2 2 5 1
     -7.08600475591173416257e-03 	 2 2 5 2
      5.94418178793793688941e-03 	 2 2 5 3
      1.09185439201622521213e-03 	 2 2 5 4
      1.98959077701951564388e-01 	 2 2 5 5
      2.02773990365308527661e-03 	 2 2 6 1
      8.51997595279869492091e-03 	 2 2 6 2
      3.35375597859251944888e-03 	 2 2 6 3
     -7.67400237076727893826e-03 	 2 2 6 4
     -1.82874356467682642677e-03 	 2 2 6 5
      1.92326361277122714899e-01 	 2 2 6 6
      3.68272498661616253315e-03 	 2 2 7 1
     -7.07600911525801956614e-03 	 2 2 7 2
      1.82150287599342473356e-03 	 2 2 7 3
     -1.00106237276527051949e-02 	 2 2 7 4
     -1.60906945777075150762e-03 	 2 2 7 5
     -5.93604488926528957304e-03 	 2 2 7 6
      1.98970012537748958126e-01 	 2 2 7 7
     -6.56817959734829273644e-03 	 2 2 8 1
     -3.67950360982965919351e-03 	 2 2 8 2
     -7.67420534585579443981e-03 	 2 2 8 3
      1.14034908908713771697e-02 	 2 2 8 4
      1.00203944219260081966e-02 	 2 2 8 5
      3.35035140622059980295e-03 	 2 2 8 6
     -1.11890972356737524937e-03 	 2 2 8 7
      2.61615469530138478049e-01 	 2 2 8 8
     -2.34910534244069831022e-02 	 3 1 1 1
      5.01220829692329301192e-03 	 3 1 2 1
     -2.02703715865822173964e-03 	 3 1 2 2
      7.72329862489807856402e-03 	 3 1 3 1
      9.87735674989262618997e-04 	 3 1 3 2
     -3.72799569292077623284e-02 	 3 1 3 3
      1.17355620378643919072e-03 	 3 1 4 1
      5.78844429954912184644e-04 	 3 1 4 2
     -1.20796963925899093761e-03 	 3 1 4 3
     -1.09567561554532039159e-03 	 3 1 4 4
     -2.78102949885421636515e-04 	 3 1 5 1
      4.87407826543890870460e-04 	 3 1 5 2
     -3.47065427385877907016e-03 	 3 1 5 3
      3.12159346924593549162e-04 	 3 1 5 4
      9.92360891487759945451e-03 	 3 1 5 5
     -1.08638292459220411716e-03 	 3 1 6 1
     -1.09698052326230089705e-03 	 3 1 6 2
     -2.76537932367049675564e-03 	 3 1 6 3
      1.74985199293595542966e-03 	 3 1 6 4
      7.91273105786263102404e-04 	 3 1 6 5
     -7.56009245831645079056e-03 	 3 1 6 6
     -5.84696115676243215707e-04 	 3 1 7 1
      9.62697911842059095983e-04 	 3 1 7 2
     -1.66376706115661473530e-03 	 3 1 7 3
      2.50628163824749474603e-03 	 3 1 7 4
      7.42368759281083513690e-04 	 3 1 7 5
      1.99759250536855545444e-03 	 3 1 7 6
      8.13701406056949010093e-03 	 3 1 7 7
     -7.64315848178620765689e-04 	 3 1 8 1
     -1.12458632495440464909e-03 	 3 1 8 2
      3.30285689207174661466e-03 	 3 1 8 3
     -7.14290015633649343421e-04 	 3 1 8 4
     -1.76833276545384837294e-03 	 3 1 8 5
     -6.22743946444794861141e-04 	 3 1 8 6
     -2.62707430181773277447e-04 	 3 1 8 7
      3.43480225263440063291e-03 	 3 1 8 8
     -6.92944723396244494085e-03 	 3 2 1 1
      3.39167067123288682243e-03 	 3 2 2 1
     -8.51880883542942453357e-03 	 3 2 2 2
      9.87735674989265221083e-04 	 3 2 3 1
      9.91567567984240425677e-04 	 3 2 3 2
     -8.18333786843329635818e-03 	 3 2 3 3
      3.05915393965438750512e-04 	 3 2 4 1
      8.04000092819440637278e-04 	 3 2 4 2
     -2.22906287610531104451e-04 	 3 2 4 3
     -1.52856179703881765383e-03 	 3 2 4 4
     -2.18191977740856714579e-04 	 3 2 5 1
      5.74048719512059921199e-04 	 3 2 5 2
     -9.41157609775016045298e-04 	 3 2 5 3
      6.04515018354986809700e-05 	 3 2 5 4
      2.50460829811345684487e-03 	 3 2 5 5
     -1.09676650532446835415e-03 	 3 2 6 1
     -7.64391365841015474857e-04 	 3 2 6 2
     -7.98607690055747141550e-04 	 3 2 6 3
      7.35227842997667195742e-04 	 3 2 6 4
      3.22447511375645941463e-04 	 3 2 6 5
     -5.15156184238281696086e-03 	 3 2 6 6
     -5.25852182126550432920e-05 	 3 2 7 1
      6.25280397780542530721e-04 	 3 2 7 2
     -4.25908527435327362558e-04 	 3 2 7 3
      7.54293245227160365392e-04 	 3 2 7 4
      3.11740057434487741889e-04 	 3 2 7 5
      7.46503112594226075384e-04 	 3 2 7 6
      3.16091677005097106481e-03 	 3 2 7 7
     -2.27180335894602988215e-04 	 3 2 8 1
     -5.18140368982507142082e-04 	 3 2 8 2
      9.90396034234317145309e-04 	 3 2 8 3
     -5.82549556767858727618e-04 	 3 2 8 4
     -7.96021941207688556695e-04 	 3 2 8 5
     -2.79232251532273768359e-04 	 3 2 8 6
     -1.40798520102468989381e-04 	 3 2 8 7
     -2.74249101539314086781e-03 	 3 2 8 8
      3.07295264103058685112e-01 	 3 3 1 1
     -2.49968506847063030862e-02 	 3 3 2 1
      1.92331991240076993765e-01 	 3 3 2 2
     -3.72799569292077345728e-02 	 3 3 3 1
     -8.18333786843332064431e-03 	 3 3 3 2
      6.55669907705973442624e-01 	 3 3 3 3
     -4.55405324229702854200e-03 	 3 3 4 1
      6.63481835808015407881e-04 	 3 3 4 2
      8.04053600297873448388e-03 	 3 3 4 3
      1.73245743658481082816e-01 	 3 3 4 4
      5.91634012500725017802e-04 	 3 3 5 1
     -2.37423918329862692136e-03 	 3 3 5 2
      2.95615168158604481319e-02 	 3 3 5 3
      3.88926315799967660999e-04 	 3 3 5 4
      1.19238191714537117294e-01 	 3 3 5 5
      7.56189551909170701999e-03 	 3 3 6 1
      5.15205656466053135006e-03 	 3 3 6 2
      2.04625341756494508183e-02 	 3 3 6 3
     -7.26714461738239315969e-03 	 3 3 6 4
     -1.34758555174085059222e-03 	 3 3 6 5
      2.04507809141728613689e-01 	 3 3 6 6
      2.80883691807937846407e-03 	 3 3 7 1
     -3.94326450732067606414e-03 	 3 3 7 2
      1.65072620950922135941e-02 	 3 3 7 3
     -7.66374654893871559008e-03 	 3 3 7 4
      2.17545070706831155782e-04 	 3 3 7 5
     -6.20903532678856225763e-03 	 3 3 7 6
      1.27535484096851364777e-01 	 3 3 7 7
      3.50964145904426568293e-03 	 3 3 8 1
      2.59096413381383660138e-03 	 3 3 8 2
     -2.90853381113971229399e-02 	 3 3 8 3
      4.13037850299520503672e-03 	 3 3 8 4
      8.48991472865343673078e-04 	 3 3 8 5
      2.02371470343680557452e-03 	 3 3 8 6
     -1.65750367473932545131e-03 	 3 3 8 7
      1.41212170283319893294e-01 	 3 3 8 8
     -5.28012671437502658506e-03 	 4 1 1 1
      2.14367169089458740536e-03 	 4 1 2 1
      6.58250808044863553598e-03 	 4 1 2 2
      1.17355620378645111694e-03 	 4 1 3 1
      3.05915393965443412581e-04 	 4 1 3 2
     -4.55405324229701206212e-03 	 4 1 3 3
      1.72001739935664292418e-03 	 4 1 4 1
      1.06327061721425870922e-03 	 4 1 4 2
      3.37462958578515137206e-04 	 4 1 4 3
      5.70331766171886748312e-03 	 4 1 4 4
      3.54858462733351361345e-04 	 4 1 5 1
      2.41006394152935729492e-04 	 4 1 5 2
      4.47529383158670594246e-04 	 4 1 5 3
     -1.30235935600329417626e-04 	 4 1 5 4
      5.58666443248733313870e-03 	 4 1 5 5
     -7.58815179296232840585e-04 	 4 1 6 1
     -2.24563602835649777853e-04 	 4 1 6 2
     -2.48613056749323461155e-04 	 4 1 6 3
     -5.76098103970324685458e-04 	 4 1 6 4
     -1.86395207820551518912e-04 	 4 1 6 5
     -3.48861733928204544725e-03 	 4 1 6 6
      5.30676506425080689484e-04 	 4 1 7 1
      4.83723562609272297267e-04 	 4 1 7 2
      2.46429652059288774313e-04 	 4 1 7 3
     -9.19360882380808428112e-04 	 4 1 7 4
     -1.06032010731663432421e-04 	 4 1 7 5
     -6.88634679380681520577e-04 	 4 1 7 6
      6.18673917327621555179e-03 	 4 1 7 7
     -1.11209959913840627892e-03 	 4 1 8 1
     -8.51897675086693692212e-04 	 4 1 8 2
     -2.00300349532375932980e-04 	 4 1 8 3
      4.65197028317977518395e-05 	 4 1 8 4
      1.05273197517042130245e-03 	 4 1 8 5
      2.43826688459227933214e-04 	 4 1 8 6
     -1.73222240319071794522e-05 	 4 1 8 7
      4.24837936825275559044e-03 	 4 1 8 8
      5.06400099416103973891e-05 	 4 2 1 1
      3.88389593818108539228e-03 	 4 2 2 1
      3.73365160097980991125e-03 	 4 2 2 2
      5.78844429954943734927e-04 	 4 2 3 1
      8.04000092819440095177e-04 	 4 2 3 2
      6.63481835808099108288e-04 	 4 2 3 3
      1.06327061721425979342e-03 	 4 2 4 1
      5.50010715557853677171e-03 	 4 2 4 2
      3.47733157454243366785e-06 	 4 2 4 3
      4.96066393362325133015e-03 	 4 2 4 4
     -6.00054289312292908008e-06 	 4 2 5 1
      1.06462154302432057511e-03 	 4 2 5 2
     -4.29456717288145372984e-04 	 4 2 5 3
      3.06555776323317501555e-04 	 4 2 5 4
      8.32312093206374371823e-03 	 4 2 5 5
     -1.12053011780304944030e-03 	 4 2 6 1
     -5.14522396558385959782e-04 	 4 2 6 2
     -5.41406577528367929236e-04 	 4 2 6 3
      5.33781752458598675488e-04 	 4 2 6 4
      3.04605136879201334431e-04 	 4 2 6 5
     -2.57893075808588150694e-03 	 4 2 6 6
      2.10907519698221284504e-04 	 4 2 7 1
      2.96989263984527758228e-04 	 4 2 7 2
     -3.42635821437029712902e-04 	 4 2 7 3
      1.33781348048681210123e-04 	 4 2 7 4
      7.38957757582898696128e-04 	 4 2 7 5
      8.39982540740440240118e-04 	 4 2 7 6
      7.34589718465497414079e-03 	 4 2 7 7
     -8.54350346292745486780e-04 	 4 2 8 1
      3.02221689961265345490e-04 	 4 2 8 2
      5.38169052679621424430e-04 	 4 2 8 3
      7.41747894722350880345e-05 	 4 2 8 4
     -1.01950942861778084784e-03 	 4 2 8 5
     -1.18404872126904697456e-04 	 4 2 8 6
     -5.90040844107936985827e-04 	 4 2 8 7
      2.63002400685113154472e-04 	 4 2 8 8
      5.59784265710666986693e-03 	 4 3 1 1
     -1.14398918157176325387e-03 	 4 3 2 1
      3.35471358270742142996e-03 	 4 3 2 2
     -1.20796963925898248084e-03 	 4 3 3 1
     -2.22906287610525629230e-04 	 4 3 3 2
      8.04053600297876223946e-03 	 4 3 3 3
      3.37462958578518715073e-04 	 4 3 4 1
      3.47733157454813843475e-06 	 4 3 4 2
      7.87040195646681608153e-04 	 4 3 4 3
      1.49560153294633554899e-03 	 4 3 4 4
      3.80279059685681929646e-04 	 4 3 5 1
     -1.87492372238279926848e-04 	 4 3 5 2
      1.48434735302781402322e-03 	 4 3 5 3
     -4.64003184191749738861e-04 	 4 3 5 4
     -1.70878963027836232487e-03 	 4 3 5 5
      6.24322728426953050575e-04 	 4 3 6 1
      2.80249671662588279060e-04 	 4 3 6 2
      9.51453917969883483131e-04 	 4 3 6 3
     -1.13026087178355908944e-03 	 4 3 6 4
     -6.43994205701733371180e-04 	 4 3 6 5
      2.02808595989140876339e-03 	 4 3 6 6
      5.67381804260735748968e-04 	 4 3 7 1
     -1.38509974636815438821e-04 	 4 3 7 2
      8.39876376010334772977e-04 	 4 3 7 3
     -1.50372219468709552616e-03 	 4 3 7 4
     -6.78892370679315100904e-04 	 4 3 7 5
     -1.30896659725138002871e-03 	 4 3 7 6
     -1.86362820370758680913e-03 	 4 3 7 7
     -2.42554848156466252261e-04 	 4 3 8 1
      1.20518281211414032220e-04 	 4 3 8 2
     -1.21467635811027584516e-03 	 4 3 8 3
      4.98711834502751612599e-04 	 4 3 8 4
      1.33167260886522310394e-03 	 4 3 8 5
      5.45523189245132275084e-04 	 4 3 8 6
      3.41990758113707197467e-04 	 4 3 8 7
      5.76851156534597970388e-04 	 4 3 8 8
      1.88651272925133950409e-01 	 4 4 1 1
     -2.79332802323235644681e-03 	 4 4 2 1
      2.61638094334671944541e-01 	 4 4 2 2
     -1.09567561554530564644e-03 	 4 4 3 1
     -1.52856179703878707933e-03 	 4 4 3 2
      1.73245743658481055061e-01 	 4 4 3 3
      5.70331766171880243099e-03 	 4 4 4 1
      4.96066393362319148219e-03 	 4 4 4 2
      1.49560153294630085452e-03 	 4 4 4 3
      4.13879647619019241933e-01 	 4 4 4 4
      6.12190942327749121343e-04 	 4 4 5 1
      8.18210484927846346676e-04 	 4 4 5 2
      3.28939091068757125287e-04 	 4 4 5 3
     -4.11336204932074428475e-03 	 4 4 5 4
      1.72511527748316739750e-01 	 4 4 5 5
     -3.43274724002977588491e-03 	 4 4 6 1
      2.74373092570725802403e-03 	 4 4 6 2
     -4.19372322832847039230e-04 	 4 4 6 3
     -1.07264767406519065385e-02 	 4 4 6 4
      1.68286540247624370747e-03 	 4 4 6 5
      1.41216053790043316596e-01 	 4 4 6 6
      2.96412362142062539225e-03 	 4 4 7 1
     -6.95771594635673056028e-03 	 4 4 7 2
      3.33156561723380647416e-03 	 4 4 7 3
     -1.72527830802529820453e-02 	 4 4 7 4
     -3.50972639543492299224e-03 	 4 4 7 5
     -5.55156263422806710295e-03 	 4 4 7 6
      2.59081827121598162744e-01 	 4 4 7 7
     -4.25046759455658881843e-03 	 4 4 8 1
     -2.46783998869635969216e-04 	 4 4 8 2
     -1.83609647945038863097e-03 	 4 4 8 3
      8.25397048761924989613e-03 	 4 4 8 4
     -1.91951700996538911562e-03 	 4 4 8 5
      5.80323766037472597509e-04 	 4 4 8 6
      3.03131815325738830213e-04 	 4 4 8 7
      1.80003472168529576880e-01 	 4 4 8 8
      5.44093055616334114744e-03 	 5 1 1 1
     -4.68324410490914314845e-04 	 5 1 2 1
      3.68251561070550431642e-03 	 5 1 2 2
     -2.78102949885428087518e-04 	 5 1 3 1
     -2.18191977740861159808e-04 	 5 1 3 2
      5.91634012500713091579e-04 	 5 1 3 3
      3.54858462733362311787e-04 	 5 1 4 1
     -6.00054289311757159669e-06 	 5 1 4 2
      3.80279059685688705910e-04 	 5 1 4 3
      6.12190942327797585180e-04 	 5 1 4 4
      1.38649928074337214744e-03 	 5 1 5 1
      6.32180424303726467075e-04 	 5 1 5 2
      1.54668475245687132673e-03 	 5 1 5 3
      2.87827311406465440914e-05 	 5 1 5 4
      1.20366258944329049263e-03 	 5 1 5 5
      5.87397045213421359171e-04 	 5 1 6 1
      5.40324545882111634222e-05 	 5 1 6 2
      5.75591450711087130286e-04 	 5 1 6 3
     -7.90322242208072378231e-04 	 5 1 6 4
     -8.35931452984833714762e-04 	 5 1 6 5
      2.81653513678838248943e-03 	 5 1 6 6
      4.61196211690211076237e-04 	 5 1 7 1
      7.37671519288127111938e-05 	 5 1 7 2
      4.91690489062333955378e-04 	 5 1 7 3
     -1.28988365207134214954e-03 	 5 1 7 4
     -4.26636351064041483960e-04 	 5 1 7 5
     -1.13754135247884011206e-03 	 5 1 7 6
     -1.99081295282036981140e-04 	 5 1 7 7
     -5.28061320488145162153e-04 	 5 1 8 1
     -2.07521840704602593885e-04 	 5 1 8 2
     -1.05270763153554993211e-03 	 5 1 8 3
      2.77134593614020521314e-04 	 5 1 8 4
      1.48422939025945918416e-03 	 5 1 8 5
      5.67177652702238483534e-04 	 5 1 8 6
      2.99819084104960243645e-04 	 5 1 8 7
      2.96762614956452364448e-03 	 5 1 8 8
     -3.93557410630175109889e-03 	 5 2 1 1
      3.08492033912667260043e-03 	 5 2 2 1
     -7.08600475591188248142e-03 	 5 2 2 2
      4.87407826543867126433e-04 	 5 2 3 1
      5.74048719512039321358e-04 	 5 2 3 2
     -2.37423918329866074847e-03 	 5 2 3 3
      2.41006394152950366222e-04 	 5 2 4 1
      1.06462154302430778152e-03 	 5 2 4 2
     -1.87492372238269410087e-04 	 5 2 4 3
      8.18210484927942623828e-04 	 5 2 4 4
      6.32180424303726033394e-04 	 5 2 5 1
      2.37162362430463772092e-03 	 5 2 5 2
     -1.36104951523929353085e-03 	 5 2 5 3
      6.26967459354942730984e-04 	 5 2 5 4
     -2.78449249185336918794e-03 	 5 2 5 5
     -9.62649498816532775587e-04 	 5 2 6 1
     -6.24669092223275896486e-04 	 5 2 6 2
     -5.44753903310150021377e-04 	 5 2 6 3
      7.70225424939118322697e-04 	 5 2 6 4
      5.69628962742992506901e-04 	 5 2 6 5
     -3.94604537122957878259e-03 	 5 2 6 6
      7.35695164650398698413e-05 	 5 2 7 1
      7.01953092331698228629e-04 	 5 2 7 2
     -2.03822002976908881649e-04 	 5 2 7 3
      6.19607657882072595558e-04 	 5 2 7 4
      1.44179474719005194967e-03 	 5 2 7 5
      7.05034626657834997618e-04 	 5 2 7 6
      5.97920557858956907421e-03 	 5 2 7 7
     -4.84401351233348313307e-04 	 5 2 8 1
     -3.00559253904898076356e-04 	 5 2 8 2
      8.74936904192365823459e-04 	 5 2 8 3
     -6.73130011752588026074e-04 	 5 2 8 4
     -2.04531468971377774352e-03 	 5 2 8 5
     -1.38982826427243511469e-04 	 5 2 8 6
     -1.81716622849019952173e-04 	 5 2 8 7
     -6.95674868513528402159e-03 	 5 2 8 8
      1.15372644612292754585e-02 	 5 3 1 1
     -3.61233738929717627941e-03 	 5 3 2 1
      5.94418178793792214426e-03 	 5 3 2 2
     -3.47065427385878253960e-03 	 5 3 3 1
     -9.41157609775013876893e-04 	 5 3 3 2
      2.95615168158604099680e-02 	 5 3 3 3
      4.47529383158674443164e-04 	 5 3 4 1
     -4.29456717288149113481e-04 	 5 3 4 2
      1.48434735302781640846e-03 	 5 3 4 3
      3.28939091068774364102e-04 	 5 3 4 4
      1.54668475245686482152e-03 	 5 3 5 1
     -1.36104951523929873503e-03 	 5 3 5 2
      7.20616724320453840708e-03 	 5 3 5 3
     -9.72859361389587381196e-04 	 5 3 5 4
      3.04643251148347272289e-03 	 5 3 5 5
      2.00007863435768028573e-03 	 5 3 6 1
      7.47378301088124524267e-04 	 5 3 6 2
      2.79804363861709676220e-03 	 5 3 6 3
     -3.12608418985242794350e-03 	 5 3 6 4
     -2.46747387072674458780e-03 	 5 3 6 5
      6.21424492896986788854e-03 	 5 3 6 6
      1.13757162398989987960e-03 	 5 3 7 1
     -7.01445687897595850091e-04 	 5 3 7 2
      2.34101807904633441373e-03 	 5 3 7 3
     -4.80466645392329562425e-03 	 5 3 7 4
     -2.63563008616443661403e-03 	 5 3 7 5
     -3.91862443091148433816e-03 	 5 3 7 6
     -9.51743672261888551400e-03 	 5 3 7 7
     -6.83721378830218153196e-04 	 5 3 8 1
      8.48088462584889327470e-04 	 5 3 8 2
     -4.88840903708605365591e-03 	 5 3 8 3
      7.73305011730907976113e-04 	 5 3 8 4
      6.93080309888073099744e-03 	 5 3 8 5
      1.30815507577803757239e-03 	 5 3 8 6
      5.65590395567072516669e-04 	 5 3 8 7
      5.56173441375053517061e-03 	 5 3 8 8
      1.31532490146686999524e-03 	 5 4 1 1
      5.55788085316022894763e-04 	 5 4 2 1
      1.09185439201630219049e-03 	 5 4 2 2
      3.12159346924603469612e-04 	 5 4 3 1
      6.04515018355072664960e-05 	 5 4 3 2
      3.88926315799996067096e-04 	 5 4 3 3
     -1.30235935600338118348e-04 	 5 4 4 1
      3.06555776323321892574e-04 	 5 4 4 2
     -4.64003184191757436696e-04 	 5 4 4 3
     -4.11336204932076683616e-03 	 5 4 4 4
      2.87827311406455513688e-05 	 5 4 5 1
      6.26967459354932214223e-04 	 5 4 5 2
     -9.72859361389591284323e-04 	 5 4 5 3
      1.45858909678192637596e-03 	 5 4 5 4
     -3.19900788726372410295e-03 	 5 4 5 5
     -2.65777378266144183403e-04 	 5 4 6 1
     -1.41564934314984783607e-04 	 5 4 6 2
     -4.04028347070005833946e-04 	 5 4 6 3
      7.14252579868070299959e-04 	 5 4 6 4
      8.40252625994829314797e-04 	 5 4 6 5
      1.65064750233129579546e-03 	 5 4 6 6
     -3.02767849922914555460e-04 	 5 4 7 1
      1.83481687194693633041e-04 	 5 4 7 2
     -6.29470832756993817561e-04 	 5 4 7 3
      4.85715826903659214121e-04 	 5 4 7 4
      1.68850769419885736802e-03 	 5 4 7 5
      5.76153372972868882233e-04 	 5 4 7 6
      2.33958611532518023085e-03 	 5 4 7 7
     -1.43504684843280775616e-05 	 5 4 8 1
     -5.90870597360144272914e-04 	 5 4 8 2
      3.06178712624522754698e-04 	 5 4 8 3
     -5.80846076098078673011e-04 	 5 4 8 4
     -1.22088605568411879415e-03 	 5 4 8 5
     -3.44793151920906116095e-04 	 5 4 8 6
     -5.86589350122401439504e-04 	 5 4 8 7
     -3.26306677890654582910e-04 	 5 4 8 8
      1.50899238563794863000e-01 	 5 5 1 1
      2.03556172176369322424e-02 	 5 5 2 1
      1.98959077701951286832e-01 	 5 5 2 2
      9.92360891487757169893e-03 	 5 5 3 1
      2.50460829811343993132e-03 	 5 5 3 2
      1.19238191714537103416e-01 	 5 5 3 3
      5.58666443248732880189e-03 	 5 5 4 1
      8.32312093206367606402e-03 	 5 5 4 2
     -1.70878963027835148285e-03 	 5 5 4 3
      1.72511527748316739750e-01 	 5 5 4 4
      1.20366258944324452246e-03 	 5 5 5 1
     -2.78449249185339434143e-03 	 5 5 5 2
      3.04643251148343455897e-03 	 5 5 5 3
     -3.19900788726370111786e-03 	 5 5 5 4
      3.79520482741312337183e-01 	 5 5 5 5
     -8.14000602358443993423e-03 	 5 5 6 1
     -3.16221896660270375412e-03 	 5 5 6 2
     -7.13205105165152369873e-03 	 5 5 6 3
      6.62876736683252858195e-03 	 5 5 6 4
     -2.18350804178786810777e-03 	 5 5 6 5
      1.27527064130107503637e-01 	 5 5 6 6
     -1.87990561679226154523e-04 	 5 5 7 1
      5.98563153245935952729e-03 	 5 5 7 2
     -5.37010067307001209835e-03 	 5 5 7 3
      1.21226222209782318051e-02 	 5 5 7 4
     -4.11308245217263147853e-03 	 5 5 7 5
      9.51387920236587344980e-03 	 5 5 7 6
      2.09014493334032852578e-01 	 5 5 7 7
     -6.19172127421499692013e-03 	 5 5 8 1
     -7.35814409289719823654e-03 	 5 5 8 2
      6.31419052916151746224e-03 	 5 5 8 3
     -9.47714106593326938502e-04 	 5 5 8 4
      6.06412508753583108512e-03 	 5 5 8 5
     -1.86452023985023097527e-03 	 5 5 8 6
     -2.34228569889049489591e-03 	 5 5 8 7
      2.59055314679306092351e-01 	 5 5 8 8
      2.34907426181287931621e-02 	 6 1 1 1
     -5.01180304842887506395e-03 	 6 1 2 1
      2.02773990365302933178e-03 	 6 1 2 2
     -1.08638292459221127290e-03 	 6 1 3 1
     -1.09676650532447269096e-03 	 6 1 3 2
      7.56189551909171222416e-03 	 6 1 3 3
     -7.58815179296224925909e-04 	 6 1 4 1
     -1.12053011780304098352e-03 	 6 1 4 2
      6.24322728426958037905e-04 	 6 1 4 3
     -3.43274724002975463455e-03 	 6 1 4 4
      5.87397045213417889724e-04 	 6 1 5 1
     -9.62649498816541015524e-04 	 6 1 5 2
      2.00007863435767464788e-03 	 6 1 5 3
     -2.65777378266142177629e-04 	 6 1 5 4
     -8.14000602358444860784e-03 	 6 1 5 5
      7.72254905833668313375e-03 	 6 1 6 1
      9.88454839352556581186e-04 	 6 1 6 2
      2.76574424869822314138e-03 	 6 1 6 3
     -3.30390241247773604888e-03 	 6 1 6 4
     -1.66686636373557326568e-03 	 6 1 6 5
      3.72784887563728239979e-02 	 6 1 6 6
      2.75930573073127657739e-04 	 6 1 7 1
     -4.87289932352824952701e-04 	 6 1 7 2
      7.89707944042802216858e-04 	 6 1 7 3
     -1.76850051673761395933e-03 	 6 1 7 4
     -7.42516602064448348955e-04 	 6 1 7 5
     -3.46927727814428776137e-03 	 6 1 7 6
     -9.91959421113105914436e-03 	 6 1 7 7
      1.17861920195550386008e-03 	 6 1 8 1
      5.83615602482127557304e-04 	 6 1 8 2
     -1.74961589146498445145e-03 	 6 1 8 3
      7.13740211530157681909e-04 	 6 1 8 4
      2.50837896546703261955e-03 	 6 1 8 5
      1.20512295707868245971e-03 	 6 1 8 6
      3.08942792121465409708e-04 	 6 1 8 7
      1.09243317803946475737e-03 	 6 1 8 8
      6.93221994553348819235e-03 	 6 2 1 1
     -3.39178848107166142078e-03 	 6 2 2 1
      8.51997595279863073614e-03 	 6 2 2 2
     -1.09698052326230219809e-03 	 6 2 3 1
     -7.64391365841019161144e-04 	 6 2 3 2
      5.15205656466053828896e-03 	 6 2 3 3
     -2.24563602835638393730e-04 	 6 2 4 1
     -5.14522396558366444143e-04 	 6 2 4 2
      2.80249671662593374810e-04 	 6 2 4 3
      2.74373092570724978409e-03 	 6 2 4 4
      5.40324545882087985062e-05 	 6 2 5 1
     -6.24669092223293135301e-04 	 6 2 5 2
      7.47378301088124632687e-04 	 6 2 5 3
     -1.41564934314976814721e-04 	 6 2 5 4
     -3.16221896660271459614e-03 	 6 2 5 5
      9.88454839352554412782e-04 	 6 2 6 1
      9.91309093227296222323e-04 	 6 2 6 2
      7.98819111512905554937e-04 	 6 2 6 3
     -9.91964881390774945100e-04 	 6 2 6 4
     -4.27113000532322031541e-04 	 6 2 6 5
      8.19101639157877176034e-03 	 6 2 6 6
      2.17020002366627028263e-04 	 6 2 7 1
     -5.74591226340606252461e-04 	 6 2 7 2
      3.21764088681876774412e-04 	 6 2 7 3
     -7.97005714761263458178e-04 	 6 2 7 4
     -3.11232558381736347259e-04 	 6 2 7 5
     -9.41476666507383148745e-04 	 6 2 7 6
     -2.50680187376038469960e-03 	 6 2 7 7
      3.08142517543925269306e-04 	 6 2 8 1
      8.07151579993156350658e-04 	 6 2 8 2
     -7.35019974036434900651e-04 	 6 2 8 3
      5.82278062671929478970e-04 	 6 2 8 4
      7.54793381806087961342e-04 	 6 2 8 5
      2.22283119522764718162e-04 	 6 2 8 6
      5.91423982632581781110e-05 	 6 2 8 7
      1.52504842979906849940e-03 	 6 2 8 8
      1.53117782025821852487e-02 	 6 3 1 1
     -3.78733123339437642574e-03 	 6 3 2 1
      3.35375597859249299434e-03 	 6 3 2 2
     -2.76537932367050326085e-03 	 6 3 3 1
     -7.98607690055751261518e-04 	 6 3 3 2
      2.04625341756494473489e-02 	 6 3 3 3
     -2.48613056749317823304e-04 	 6 3 4 1
     -5.41406577528358496677e-04 	 6 3 4 2
      9.51453917969885976796e-04 	 6 3 4 3
     -4.19372322832845250296e-04 	 6 3 4 4
      5.75591450711085829244e-04 	 6 3 5 1
     -5.44753903310155659229e-04 	 6 3 5 2
      2.79804363861709502748e-03 	 6 3 5 3
     -4.04028347070002418710e-04 	 6 3 5 4
     -7.13205105165151936192e-03 	 6 3 5 5
      2.76574424869822617715e-03 	 6 3 6 1
      7.98819111512907723341e-04 	 6 3 6 2
      2.43931951108742814394e-03 	 6 3 6 3
     -2.46794698564966339185e-03 	 6 3 6 4
     -1.37118781672706580889e-03 	 6 3 6 5
      2.04626271303510534616e-02 	 6 3 6 6
      5.74048846114292199601e-04 	 6 3 7 1
     -5.43882268541917416639e-04 	 6 3 7 2
      1.36861488604137003337e-03 	 6 3 7 3
     -2.29265722257640004733e-03 	 6 3 7 4
     -8.69206167412333425247e-04 	 6 3 7 5
     -2.79582486663803187615e-03 	 6 3 7 6
     -7.12640576007990498436e-03 	 6 3 7 7
      2.52420826742689227012e-04 	 6 3 8 1
      5.45191195671985333673e-04 	 6 3 8 2
     -2.46700417865064643153e-03 	 6 3 8 3
      7.50485955452454087805e-04 	 6 3 8 4
      2.29418375273700032163e-03 	 6 3 8 5
      9.49486899814520782064e-04 	 6 3 8 6
      3.99849055951935494508e-04 	 6 3 8 7
     -4.24176556272800946937e-04 	 6 3 8 8
     -1.22242180333900652550e-02 	 6 4 1 1
      3.46800499478460257444e-03 	 6 4 2 1
     -7.67400237076724858060e-03 	 6 4 2 2
      1.74985199293595477914e-03 	 6 4 3 1
      7.35227842997671424130e-04 	 6 4 3 2
     -7.26714461738242178263e-03 	 6 4 3 3
     -5.76098103970338888506e-04 	 6 4 4 1
      5.33781752458571787275e-04 	 6 4 4 2
     -1.13026087178356559465e-03 	 6 4 4 3
     -1.07264767406518943954e-02 	 6 4 4 4
     -7.90322242208074221374e-04 	 6 4 5 1
      7.70225424939124068968e-04 	 6 4 5 2
     -3.12608418985242967822e-03 	 6 4 5 3
      7.14252579868064228427e-04 	 6 4 5 4
      6.62876736683251123472e-03 	 6 4 5 5
     -3.30390241247773474784e-03 	 6 4 6 1
     -9.91964881390782317674e-04 	 6 4 6 2
     -2.46794698564966382553e-03 	 6 4 6 3
      4.67986745907695601832e-03 	 6 4 6 4
      1.98138950377467135122e-03 	 6 4 6 5
     -2.90973706136013303414e-02 	 6 4 6 6
     -1.05191314214401034424e-03 	 6 4 7 1
      8.71649074715307890446e-04 	 6 4 7 2
     -1.45801007377768690292e-03 	 6 4 7 3
      4.20164980198831864572e-03 	 6 4 7 4
      1.25677403780766910359e-03 	 6 4 7 5
      4.88475756413333812161e-03 	 6 4 7 6
      6.30917806014121094332e-03 	 6 4 7 7
      1.95533089702730798016e-04 	 6 4 8 1
     -5.44823804794310239188e-04 	 6 4 8 2
      2.55459208695812739140e-03 	 6 4 8 3
     -9.79417086524868654718e-04 	 6 4 8 4
     -3.81127908606244221110e-03 	 6 4 8 5
     -1.21180693330494239530e-03 	 6 4 8 6
     -2.98394354975934337788e-04 	 6 4 8 7
     -1.83228948799511346876e-03 	 6 4 8 8
     -4.40687046551193045002e-03 	 6 5 1 1
      1.46560225310375397828e-03 	 6 5 2 1
     -1.82874356467684811081e-03 	 6 5 2 2
      7.91273105786262885564e-04 	 6 5 3 1
      3.22447511375644152529e-04 	 6 5 3 2
     -1.34758555174085818164e-03 	 6 5 3 3
     -1.86395207820549404718e-04 	 6 5 4 1
      3.04605136879193853436e-04 	 6 5 4 2
     -6.43994205701731528037e-04 	 6 5 4 3
      1.68286540247626105471e-03 	 6 5 4 4
     -8.35931452984835666326e-04 	 6 5 5 1
      5.69628962742984809066e-04 	 6 5 5 2
     -2.46747387072674588884e-03 	 6 5 5 3
      8.40252625994828881116e-04 	 6 5 5 4
     -2.18350804178790193488e-03 	 6 5 5 5
     -1.66686636373557022991e-03 	 6 5 6 1
     -4.27113000532320730498e-04 	 6 5 6 2
     -1.37118781672706537521e-03 	 6 5 6 3
      1.98138950377467091754e-03 	 6 5 6 4
      1.85458008794928195899e-03 	 6 5 6 5
     -1.65302502556901702302e-02 	 6 5 6 6
     -4.92132295224480763828e-04 	 6 5 7 1
      2.03666224377764548681e-04 	 6 5 7 2
     -8.42149571716693020468e-04 	 6 5 7 3
      1.66868991807494993981e-03 	 6 5 7 4
      1.70889443697955743795e-03 	 6 5 7 5
      2.34442546119067486698e-03 	 6 5 7 6
      5.37649008791168513816e-03 	 6 5 7 7
      2.44698805116978302179e-04 	 6 5 8 1
     -3.46514827922172249236e-04 	 6 5 8 2
      1.46119803349975671200e-03 	 6 5 8 3
     -5.91030433209466547415e-04 	 6 5 8 4
     -2.91443155953401969102e-03 	 6 5 8 5
     -8.39593834091114342433e-04 	 6 5 8 6
     -6.25941060994861372610e-04 	 6 5 8 7
     -3.34339301897076772441e-03 	 6 5 8 8
      3.07292272161093615868e-01 	 6 6 1 1
     -2.49964743322176816132e-02 	 6 6 2 1
      1.92326361277122770410e-01 	 6 6 2 2
     -7.56009245831650109754e-03 	 6 6 3 1
     -5.15156184238282910393e-03 	 6 6 3 2
      2.04507809141728474911e-01 	 6 6 3 3
     -3.48861733928206669761e-03 	 6 6 4 1
     -2.57893075808583206732e-03 	 6 6 4 2
      2.02808595989139011512e-03 	 6 6 4 3
      1.41216053790043094551e-01 	 6 6 4 4
      2.81653513678836774428e-03 	 6 6 5 1
     -3.94604537122958572148e-03 	 6 6 5 2
      6.21424492896986441909e-03 	 6 6 5 3
      1.65064750233130143331e-03 	 6 6 5 4
      1.27527064130107586903e-01 	 6 6 5 5
      3.72784887563726990978e-02 	 6 6 6 1
      8.19101639157874400476e-03 	 6 6 6 2
      2.04626271303510430533e-02 	 6 6 6 3
     -2.90973706136013546275e-02 	 6 6 6 4
     -1.65302502556902083941e-02 	 6 6 6 5
      6.55687854912539669350e-01 	 6 6 6 6
      5.84888002258450142093e-04 	 6 6 7 1
     -2.37245964207494046405e-03 	 6 6 7 2
      1.34341938510044263053e-03 	 6 6 7 3
     -8.48362437990854163089e-04 	 6 6 7 4
      2.17915304019105439447e-04 	 6 6 7 5
     -2.95486801850342525877e-02 	 6 6 7 6
      1.19231893912331993191e-01 	 6 6 7 7
      4.57586093371926787288e-03 	 6 6 8 1
     -6.41292633693195911204e-04 	 6 6 8 2
     -7.26592531858406137646e-03 	 6 6 8 3
      4.13039321534896565480e-03 	 6 6 8 4
      7.66968896895554516635e-03 	 6 6 8 5
      8.01299340186191824675e-03 	 6 6 8 6
     -3.95752079695952448547e-04 	 6 6 8 7
      1.73224142212100334914e-01 	 6 6 8 8
      5.42747233882755458073e-03 	 7 1 1 1
     -4.61135523174587198293e-04 	 7 1 2 1
      3.68272498661621414118e-03 	 7 1 2 2
     -5.84696115676236710494e-04 	 7 1 3 1
     -5.25852182126489717598e-05 	 7 1 3 2
      2.80883691807940058180e-03 	 7 1 3 3
      5.30676506425076677936e-04 	 7 1 4 1
      2.10907519698179596931e-04 	 7 1 4 2
      5.67381804260737808952e-04 	 7 1 4 3
      2.96412362142069781695e-03 	 7 1 4 4
      4.61196211690239590755e-04 	 7 1 5 1
      7.35695164650817200452e-05 	 7 1 5 2
      1.13757162398991527527e-03 	 7 1 5 3
     -3.02767849922952014645e-04 	 7 1 5 4
     -1.87990561679205717312e-04 	 7 1 5 5
      2.75930573073107328948e-04 	 7 1 6 1
      2.17020002366609897869e-04 	 7 1 6 2
      5.74048846114286453329e-04 	 7 1 6 3
     -1.05191314214400795900e-03 	 7 1 6 4
     -4.92132295224495075296e-04 	 7 1 6 5
      5.84888002258494052281e-04 	 7 1 6 6
      1.38622318633986564215e-03 	 7 1 7 1
      6.35625985286320969656e-04 	 7 1 7 2
      8.33074013588284414608e-04 	 7 1 7 3
     -1.48001178398262235418e-03 	 7 1 7 4
     -4.25336472834602805863e-04 	 7 1 7 5
     -1.54272833662167643473e-03 	 7 1 7 6
      1.20518500141038038646e-03 	 7 1 7 7
     -3.55430408511240680629e-04 	 7 1 8 1
      5.08402413305364950843e-06 	 7 1 8 2
     -7.88839561930751117548e-04 	 7 1 8 3
      2.75643324814166289834e-04 	 7 1 8 4
      1.28974620176711953987e-03 	 7 1 8 5
      3.79108132777576059980e-04 	 7 1 8 6
     -3.47559048875204390939e-05 	 7 1 8 7
      6.16552554604701276951e-04 	 7 1 8 8
     -3.92766453479269622012e-03 	 7 2 1 1
      3.08761729043008836468e-03 	 7 2 2 1
     -7.07600911525798660640e-03 	 7 2 2 2
      9.62697911842067010658e-04 	 7 2 3 1
      6.25280397780557275871e-04 	 7 2 3 2
     -3.94326450732064483912e-03 	 7 2 3 3
      4.83723562609266008894e-04 	 7 2 4 1
      2.96989263984468235529e-04 	 7 2 4 2
     -1.38509974636810532806e-04 	 7 2 4 3
     -6.95771594635661259909e-03 	 7 2 4 4
      7.37671519288495740677e-05 	 7 2 5 1
      7.01953092331747451407e-04 	 7 2 5 2
     -7.01445687897573949207e-04 	 7 2 5 3
      1.83481687194646470246e-04 	 7 2 5 4
      5.98563153245934911895e-03 	 7 2 5 5
     -4.87289932352861110843e-04 	 7 2 6 1
     -5.74591226340640296409e-04 	 7 2 6 2
     -5.43882268541929234443e-04 	 7 2 6 3
      8.71649074715315154600e-04 	 7 2 6 4
      2.03666224377744436731e-04 	 7 2 6 5
     -2.37245964207487324352e-03 	 7 2 6 6
      6.35625985286309043432e-04 	 7 2 7 1
      2.37114405904377024970e-03 	 7 2 7 2
     -5.66031692758549353009e-04 	 7 2 7 3
      2.03657728331123723600e-03 	 7 2 7 4
      1.44035612850651299766e-03 	 7 2 7 5
      1.35398280032168207530e-03 	 7 2 7 6
     -2.77867167499882151277e-03 	 7 2 7 7
     -2.45123932563222693415e-04 	 7 2 8 1
     -1.07025697764660983335e-03 	 7 2 8 2
      7.67187038049480679071e-04 	 7 2 8 3
     -6.74695645588232291098e-04 	 7 2 8 4
     -6.14457694085281981577e-04 	 7 2 8 5
     -1.86434070372000352308e-04 	 7 2 8 6
     -6.25940572104307572758e-04 	 7 2 8 7
      8.26442565471207225662e-04 	 7 2 8 8
      4.39819092472034170460e-03 	 7 3 1 1
     -1.46183688224682441920e-03 	 7 3 2 1
      1.82150287599345834383e-03 	 7 3 2 2
     -1.66376706115660888061e-03 	 7 3 3 1
     -4.25908527435326007306e-04 	 7 3 3 2
      1.65072620950922135941e-02 	 7 3 3 3
      2.46429652059286226438e-04 	 7 3 4 1
     -3.42635821437041693336e-04 	 7 3 4 2
      8.39876376010334339296e-04 	 7 3 4 3
      3.33156561723382815821e-03 	 7 3 4 4
      4.91690489062347291065e-04 	 7 3 5 1
     -2.03822002976889447325e-04 	 7 3 5 2
      2.34101807904633918422e-03 	 7 3 5 3
     -6.29470832757010405854e-04 	 7 3 5 4
     -5.37010067307000515946e-03 	 7 3 5 5
      7.89707944042795603225e-04 	 7 3 6 1
      3.21764088681872112343e-04 	 7 3 6 2
      1.36861488604136873233e-03 	 7 3 6 3
     -1.45801007377768863764e-03 	 7 3 6 4
     -8.42149571716698333058e-04 	 7 3 6 5
      1.34341938510045867672e-03 	 7 3 6 6
      8.33074013588280945161e-04 	 7 3 7 1
     -5.66031692758557918206e-04 	 7 3 7 2
      1.84787983430301119663e-03 	 7 3 7 3
     -2.90342878235814484678e-03 	 7 3 7 4
     -1.70579570045407730335e-03 	 7 3 7 5
     -2.45802221878139428787e-03 	 7 3 7 6
      2.17553765536438077632e-03 	 7 3 7 7
     -1.83896219559376365412e-04 	 7 3 8 1
      3.05785568242296411454e-04 	 7 3 8 2
     -1.97624715226452866285e-03 	 7 3 8 3
      5.90152950117184835546e-04 	 7 3 8 4
      1.66436443053228255891e-03 	 7 3 8 5
      6.41732870236967015837e-04 	 7 3 8 6
      8.33235972913877486791e-04 	 7 3 8 7
     -1.68129700525573356519e-03 	 7 3 8 8
     -6.64998439728512608093e-03 	 7 4 1 1
      3.82502071019225195134e-03 	 7 4 2 1
     -1.00106237276526167240e-02 	 7 4 2 2
      2.50628163824748043456e-03 	 7 4 3 1
      7.54293245227148656008e-04 	 7 4 3 2
     -7.66374654893875635608e-03 	 7 4 3 3
     -9.19360882380791514558e-04 	 7 4 4 1
      1.33781348048672834661e-04 	 7 4 4 2
     -1.50372219468709465880e-03 	 7 4 4 3
     -1.72527830802531000065e-02 	 7 4 4 4
     -1.28988365207133824641e-03 	 7 4 5 1
      6.19607657882098291149e-04 	 7 4 5 2
     -4.80466645392329909370e-03 	 7 4 5 3
      4.85715826903669242991e-04 	 7 4 5 4
      1.21226222209782959899e-02 	 7 4 5 5
     -1.76850051673756842284e-03 	 7 4 6 1
     -7.97005714761224535320e-04 	 7 4 6 2
     -2.29265722257638747059e-03 	 7 4 6 3
      4.20164980198832124780e-03 	 7 4 6 4
      1.66868991807496728705e-03 	 7 4 6 5
     -8.48362437990907505836e-04 	 7 4 6 6
     -1.48001178398261346372e-03 	 7 4 7 1
      2.03657728331128233881e-03 	 7 4 7 2
     -2.90342878235816045929e-03 	 7 4 7 3
      1.41351544874207708802e-02 	 7 4 7 4
      3.15663707514092549758e-03 	 7 4 7 5
      6.91438758516470675791e-03 	 7 4 7 6
     -6.06117389543660723544e-03 	 7 4 7 7
      1.04589433868852699737e-03 	 7 4 8 1
     -1.02781663873688909085e-03 	 7 4 8 2
      3.80716245674590997652e-03 	 7 4 8 3
     -1.07312391946356869635e-03 	 7 4 8 4
     -5.56921214192181070896e-03 	 7 4 8 5
     -1.32818032306436344114e-03 	 7 4 8 6
     -1.20242471797561939310e-03 	 7 4 8 7
      1.92279891334275394345e-03 	 7 4 8 8
     -9.72030385206638561759e-05 	 7 5 1 1
      1.80387378788164761886e-03 	 7 5 2 1
     -1.60906945777076169912e-03 	 7 5 2 2
      7.42368759281079827403e-04 	 7 5 3 1
      3.11740057434483513500e-04 	 7 5 3 2
      2.17545070706844328838e-04 	 7 5 3 3
     -1.06032010731636639075e-04 	 7 5 4 1
      7.38957757582902707676e-04 	 7 5 4 2
     -6.78892370679297645249e-04 	 7 5 4 3
     -3.50972639543490781341e-03 	 7 5 4 4
     -4.26636351064035737688e-04 	 7 5 5 1
      1.44179474719006214117e-03 	 7 5 5 2
     -2.63563008616443314458e-03 	 7 5 5 3
      1.68850769419884977861e-03 	 7 5 5 4
     -4.11308245217266270355e-03 	 7 5 5 5
     -7.42516602064453986806e-04 	 7 5 6 1
     -3.11232558381740196177e-04 	 7 5 6 2
     -8.69206167412333858928e-04 	 7 5 6 3
      1.25677403780767148883e-03 	 7 5 6 4
      1.70889443697955938951e-03 	 7 5 6 5
      2.17915304019113083072e-04 	 7 5 6 6
     -4.25336472834627688303e-04 	 7 5 7 1
      1.44035612850650063775e-03 	 7 5 7 2
     -1.70579570045408402540e-03 	 7 5 7 3
      3.15663707514093503856e-03 	 7 5 7 4
      4.77787203698875912600e-03 	 7 5 7 5
      2.63270091595462548545e-03 	 7 5 7 6
     -4.11518830380588288703e-03 	 7 5 7 7
      1.03512089482027549005e-04 	 7 5 8 1
     -7.41716467411411778735e-04 	 7 5 8 2
      1.25529762962582288645e-03 	 7 5 8 3
     -8.39313100848245829781e-04 	 7 5 8 4
     -3.15868921353943885033e-03 	 7 5 8 5
     -6.77931102947219648910e-04 	 7 5 8 6
     -1.68239566409765723201e-03 	 7 5 8 7
     -3.51104106112718784838e-03 	 7 5 8 8
     -1.15304778091563746301e-02 	 7 6 1 1
      3.60950197860943891234e-03 	 7 6 2 1
     -5.93604488926525314385e-03 	 7 6 2 2
      1.99759250536855025027e-03 	 7 6 3 1
      7.46503112594223906980e-04 	 7 6 3 2
     -6.20903532678856832916e-03 	 7 6 3 3
     -6.88634679380679894274e-04 	 7 6 4 1
      8.39982540740450106358e-04 	 7 6 4 2
     -1.30896659725137851082e-03 	 7 6 4 3
     -5.55156263422809659325e-03 	 7 6 4 4
     -1.13754135247884900252e-03 	 7 6 5 1
      7.05034626657822962974e-04 	 7 6 5 2
     -3.91862443091148780761e-03 	 7 6 5 3
      5.76153372972881350558e-04 	 7 6 5 4
      9.51387920236586130673e-03 	 7 6 5 5
     -3.46927727814428429193e-03 	 7 6 6 1
     -9.41476666507377727734e-04 	 7 6 6 2
     -2.79582486663803014143e-03 	 7 6 6 3
      4.88475756413334419315e-03 	 7 6 6 4
      2.34442546119068050484e-03 	 7 6 6 5
     -2.95486801850342387099e-02 	 7 6 6 6
     -1.54272833662167947050e-03 	 7 6 7 1
      1.35398280032167860586e-03 	 7 6 7 2
     -2.45802221878139645628e-03 	 7 6 7 3
      6.91438758516470936000e-03 	 7 6 7 4
      2.63270091595461117398e-03 	 7 6 7 5
      7.19058187370550869200e-03 	 7 6 7 6
     -3.03919096785169309469e-03 	 7 6 7 7
      4.41608278256092555945e-04 	 7 6 8 1
     -4.35761594800766316037e-04 	 7 6 8 2
      3.12191448728034144991e-03 	 7 6 8 3
     -7.72657707616449429718e-04 	 7 6 8 4
     -4.80367309559926163737e-03 	 7 6 8 5
     -1.47935211375855527743e-03 	 7 6 8 6
     -9.57524639807663950804e-04 	 7 6 8 7
     -3.26521248610890093764e-04 	 7 6 8 8
      1.50907467315951004938e-01 	 7 7 1 1
      2.03551463091189641097e-02 	 7 7 2 1
      1.98970012537748680570e-01 	 7 7 2 2
      8.13701406056948489676e-03 	 7 7 3 1
      3.16091677005095892175e-03 	 7 7 3 2
      1.27535484096851309266e-01 	 7 7 3 3
      6.18673917327623550111e-03 	 7 7 4 1
      7.34589718465510858186e-03 	 7 7 4 2
     -1.86362820370756620929e-03 	 7 7 4 3
      2.59081827121597885188e-01 	 7 7 4 4
     -1.99081295282042998462e-04 	 7 7 5 1
      5.97920557858952223668e-03 	 7 7 5 2
     -9.51743672261886816677e-03 	 7 7 5 3
      2.33958611532517546036e-03 	 7 7 5 4
      2.09014493334032880334e-01 	 7 7 5 5
     -9.91959421113111292079e-03 	 7 7 6 1
     -2.50680187376042329719e-03 	 7 7 6 2
     -7.12640576007991972951e-03 	 7 7 6 3
      6.30917806014121441277e-03 	 7 7 6 4
      5.37649008791167819926e-03 	 7 7 6 5
      1.19231893912332131968e-01 	 7 7 6 6
      1.20518500141034113834e-03 	 7 7 7 1
     -2.77867167499894467814e-03 	 7 7 7 2
      2.17553765536437947528e-03 	 7 7 7 3
     -6.06117389543654998957e-03 	 7 7 7 4
     -4.11518830380588462176e-03 	 7 7 7 5
     -3.03919096785163801722e-03 	 7 7 7 6
      3.79622649810156143069e-01 	 7 7 7 7
     -5.61183677878496559033e-03 	 7 7 8 1
     -8.34298680942257946114e-03 	 7 7 8 2
      6.61934747727124100924e-03 	 7 7 8 3
     -9.33106024981138204577e-04 	 7 7 8 4
     -1.21208786269446557732e-02 	 7 7 8 5
     -1.69287910292361429114e-03 	 7 7 8 6
      3.18173303487222745856e-03 	 7 7 8 7
      1.72528244606800301719e-01 	 7 7 8 8
      5.32054217486676965521e-03 	 8 1 1 1
     -2.15663781337989586551e-03 	 8 1 2 1
     -6.56817959734826584822e-03 	 8 1 2 2
     -7.64315848178608405784e-04 	 8 1 3 1
     -2.27180335894591197516e-04 	 8 1 3 2
      3.50964145904427999439e-03 	 8 1 3 3
     -1.11209959913842297563e-03 	 8 1 4 1
     -8.54350346292748630966e-04 	 8 1 4 2
     -2.42554848156479289792e-04 	 8 1 4 3
     -4.25046759455658708371e-03 	 8 1 4 4
     -5.28061320488126730716e-04 	 8 1 5 1
     -4.84401351233313185157e-04 	 8 1 5 2
     -6.83721378830214250068e-04 	 8 1 5 3
     -1.43504684843462142310e-05 	 8 1 5 4
     -6.19172127421495181732e-03 	 8 1 5 5
      1.17861920195549258437e-03 	 8 1 6 1
      3.08142517543915619906e-04 	 8 1 6 2
      2.52420826742683751791e-04 	 8 1 6 3
      1.95533089702737276124e-04 	 8 1 6 4
      2.44698805116973911161e-04 	 8 1 6 5
      4.57586093371927654649e-03 	 8 1 6 6
     -3.55430408511243391134e-04 	 8 1 7 1
     -2.45123932563236842253e-04 	 8 1 7 2
     -1.83896219559378886182e-04 	 8 1 7 3
      1.04589433868855887291e-03 	 8 1 7 4
      1.03512089482043175069e-04 	 8 1 7 5
      4.41608278256094615929e-04 	 8 1 7 6
     -5.61183677878495604935e-03 	 8 1 7 7
      1.72247771919410578093e-03 	 8 1 8 1
      1.06537675757374964911e-03 	 8 1 8 2
      5.70489980944186860466e-04 	 8 1 8 3
     -4.48692397828034898332e-05 	 8 1 8 4
     -9.13360089235086222183e-04 	 8 1 8 5
     -3.36161146837089656360e-04 	 8 1 8 6
     -1.25253145271048230711e-04 	 8 1 8 7
     -5.67701236780381295749e-03 	 8 1 8 8
     -3.02484055810032159348e-05 	 8 2 1 1
     -3.89829194893039033751e-03 	 8 2 2 1
     -3.67950360982960368236e-03 	 8 2 2 2
     -1.12458632495440269752e-03 	 8 2 3 1
     -5.18140368982497275842e-04 	 8 2 3 2
      2.59096413381381925414e-03 	 8 2 3 3
     -8.51897675086741939209e-04 	 8 2 4 1
      3.02221689961175302500e-04 	 8 2 4 2
      1.20518281211389190438e-04 	 8 2 4 3
     -2.46783998869562460309e-04 	 8 2 4 4
     -2.07521840704574784100e-04 	 8 2 5 1
     -3.00559253904872760235e-04 	 8 2 5 2
      8.48088462584893989539e-04 	 8 2 5 3
     -5.90870597360158259122e-04 	 8 2 5 4
     -7.35814409289732140190e-03 	 8 2 5 5
      5.83615602482102837495e-04 	 8 2 6 1
      8.07151579993149194923e-04 	 8 2 6 2
      5.45191195671981430546e-04 	 8 2 6 3
     -5.44823804794292458273e-04 	 8 2 6 4
     -3.46514827922169592941e-04 	 8 2 6 5
     -6.41292633693132702218e-04 	 8 2 6 6
      5.08402413305752891933e-06 	 8 2 7 1
     -1.07025697764660462918e-03 	 8 2 7 2
      3.05785568242292183066e-04 	 8 2 7 3
     -1.02781663873689429502e-03 	 8 2 7 4
     -7.41716467411382396856e-04 	 8 2 7 5
     -4.35761594800774393343e-04 	 8 2 7 6
     -8.34298680942251527637e-03 	 8 2 7 7
      1.06537675757374292705e-03 	 8 2 8 1
      5.50471887842840512661e-03 	 8 2 8 2
     -5.41156887992922676876e-04 	 8 2 8 3
     -6.92393718027638888600e-05 	 8 2 8 4
      1.45561853134588986168e-04 	 8 2 8 5
     -2.43751520496094368321e-06 	 8 2 8 6
      3.08568301743470112426e-04 	 8 2 8 7
     -4.90995207749523460139e-03 	 8 2 8 8
     -1.22229594438588839295e-02 	 8 3 1 1
      3.46646970714880025416e-03 	 8 3 2 1
     -7.67420534585575193909e-03 	 8 3 2 2
      3.30285689207175919141e-03 	 8 3 3 1
      9.90396034234321698958e-04 	 8 3 3 2
     -2.90853381113971125316e-02 	 8 3 3 3
     -2.00300349532383115819e-04 	 8 3 4 1
      5.38169052679631399090e-04 	 8 3 4 2
     -1.21467635811028321774e-03 	 8 3 4 3
     -1.83609647945040294244e-03 	 8 3 4 4
     -1.05270763153554321005e-03 	 8 3 5 1
      8.74936904192381652810e-04 	 8 3 5 2
     -4.88840903708605365591e-03 	 8 3 5 3
      3.06178712624513430559e-04 	 8 3 5 4
      6.31419052916156603450e-03 	 8 3 5 5
     -1.74961589146499139034e-03 	 8 3 6 1
     -7.35019974036439671140e-04 	 8 3 6 2
     -2.46700417865064859993e-03 	 8 3 6 3
      2.55459208695812739140e-03 	 8 3 6 4
      1.46119803349975280887e-03 	 8 3 6 5
     -7.26592531858405270284e-03 	 8 3 6 6
     -7.88839561930754695415e-04 	 8 3 7 1
      7.67187038049467777065e-04 	 8 3 7 2
     -1.97624715226452953021e-03 	 8 3 7 3
      3.80716245674593339529e-03 	 8 3 7 4
      1.25529762962582852430e-03 	 8 3 7 5
      3.12191448728034231727e-03 	 8 3 7 6
      6.61934747727123233563e-03 	 8 3 7 7
      5.70489980944186535206e-04 	 8 3 8 1
     -5.41156887992918448488e-04 	 8 3 8 2
      4.67865763550742285587e-03 	 8 3 8 3
     -9.78977565524486847276e-04 	 8 3 8 4
     -4.20555701168286773933e-03 	 8 3 8 5
     -1.12831653335820685999e-03 	 8 3 8 6
     -7.04772529263412821077e-04 	 8 3 8 7
     -1.07204130657885636502e-02 	 8 3 8 8
      5.58755202717074652558e-03 	 8 4 1 1
     -2.37862751708828616334e-03 	 8 4 2 1
      1.14034908908714240072e-02 	 8 4 2 2
     -7.14290015633647500277e-04 	 8 4 3 1
     -5.82549556767860896023e-04 	 8 4 3 2
      4.13037850299521891451e-03 	 8 4 3 3
      4.65197028318196594996e-05 	 8 4 4 1
      7.41747894722676140997e-05 	 8 4 4 2
      4.98711834502760069376e-04 	 8 4 4 3
      8.25397048761924642668e-03 	 8 4 4 4
      2.77134593614014558202e-04 	 8 4 5 1
     -6.73130011752583255584e-04 	 8 4 5 2
      7.73305011730909060315e-04 	 8 4 5 3
     -5.80846076098074769883e-04 	 8 4 5 4
     -9.47714106593244322296e-04 	 8 4 5 5
      7.13740211530168849191e-04 	 8 4 6 1
      5.82278062671933815779e-04 	 8 4 6 2
      7.50485955452455388848e-04 	 8 4 6 3
     -9.79417086524874292569e-04 	 8 4 6 4
     -5.91030433209466655835e-04 	 8 4 6 5
      4.13039321534893182769e-03 	 8 4 6 6
      2.75643324814183257598e-04 	 8 4 7 1
     -6.74695645588198680831e-04 	 8 4 7 2
      5.90152950117190907078e-04 	 8 4 7 3
     -1.07312391946358083941e-03 	 8 4 7 4
     -8.39313100848245179260e-04 	 8 4 7 5
     -7.72657707616448887616e-04 	 8 4 7 6
     -9.33106024981193824148e-04 	 8 4 7 7
     -4.48692397828049060722e-05 	 8 4 8 1
     -6.92393718027380712958e-05 	 8 4 8 2
     -9.78977565524487714638e-04 	 8 4 8 3
      1.67216526275448112981e-03 	 8 4 8 4
      1.07146276981991833699e-03 	 8 4 8 5
      4.98190903798129136604e-04 	 8 4 8 6
      5.79325545252805905461e-04 	 8 4 8 7
      8.23790262308513217271e-03 	 8 4 8 8
      6.65618825113813324112e-03 	 8 5 1 1
     -3.82588985323559834656e-03 	 8 5 2 1
      1.00203944219260619730e-02 	 8 5 2 2
     -1.76833276545385314343e-03 	 8 5 3 1
     -7.96021941207676088370e-04 	 8 5 3 2
      8.48991472865328494248e-04 	 8 5 3 3
      1.05273197517037576595e-03 	 8 5 4 1
     -1.01950942861782703486e-03 	 8 5 4 2
      1.33167260886519578204e-03 	 8 5 4 3
     -1.91951700996532514769e-03 	 8 5 4 4
      1.48422939025949366179e-03 	 8 5 5 1
     -2.04531468971374825322e-03 	 8 5 5 2
      6.93080309888074574259e-03 	 8 5 5 3
     -1.22088605568411792679e-03 	 8 5 5 4
      6.06412508753578077814e-03 	 8 5 5 5
      2.50837896546698404729e-03 	 8 5 6 1
      7.54793381806051857409e-04 	 8 5 6 2
      2.29418375273698557648e-03 	 8 5 6 3
     -3.81127908606240534822e-03 	 8 5 6 4
     -2.91443155953402576255e-03 	 8 5 6 5
      7.66968896895561975946e-03 	 8 5 6 6
      1.28974620176713363449e-03 	 8 5 7 1
     -6.14457694085264959603e-04 	 8 5 7 2
      1.66436443053228559467e-03 	 8 5 7 3
     -5.56921214192182892355e-03 	 8 5 7 4
     -3.15868921353940502322e-03 	 8 5 7 5
     -4.80367309559926944362e-03 	 8 5 7 6
     -1.21208786269446332218e-02 	 8 5 7 7
     -9.13360089235077114884e-04 	 8 5 8 1
      1.45561853134631839259e-04 	 8 5 8 2
     -4.20555701168287207614e-03 	 8 5 8 3
      1.07146276981989817083e-03 	 8 5 8 4
      1.41540680530045353408e-02 	 8 5 8 5
      1.50126305636374209225e-03 	 8 5 8 6
      4.70615815128910841038e-04 	 8 5 8 7
      1.72670122096393145739e-02 	 8 5 8 8
      5.58933194442889653281e-03 	 8 6 1 1
     -1.14029191624907626744e-03 	 8 6 2 1
      3.35035140622057248105e-03 	 8 6 2 2
     -6.22743946444801474774e-04 	 8 6 3 1
     -2.79232251532280707253e-04 	 8 6 3 2
      2.02371470343679213041e-03 	 8 6 3 3
      2.43826688459237636824e-04 	 8 6 4 1
     -1.18404872126901688795e-04 	 8 6 4 2
      5.45523189245138888717e-04 	 8 6 4 3
      5.80323766037478126940e-04 	 8 6 4 4
      5.67177652702232520422e-04 	 8 6 5 1
     -1.38982826427260126867e-04 	 8 6 5 2
      1.30815507577803583766e-03 	 8 6 5 3
     -3.44793151920895870385e-04 	 8 6 5 4
     -1.86452023985027195811e-03 	 8 6 5 5
      1.20512295707868723020e-03 	 8 6 6 1
      2.22283119522771250480e-04 	 8 6 6 2
      9.49486899814522842048e-04 	 8 6 6 3
     -1.21180693330494369635e-03 	 8 6 6 4
     -8.39593834091110005624e-04 	 8 6 6 5
      8.01299340186191304258e-03 	 8 6 6 6
      3.79108132777581589411e-04 	 8 6 7 1
     -1.86434070371987504512e-04 	 8 6 7 2
      6.41732870236969075821e-04 	 8 6 7 3
     -1.32818032306438707675e-03 	 8 6 7 4
     -6.77931102947225069921e-04 	 8 6 7 5
     -1.47935211375855787952e-03 	 8 6 7 6
     -1.69287910292360887013e-03 	 8 6 7 7
     -3.36161146837092095815e-04 	 8 6 8 1
     -2.43751520496777330987e-06 	 8 6 8 2
     -1.12831653335820794419e-03 	 8 6 8 3
      4.98190903798128160822e-04 	 8 6 8 4
      1.50126305636374491118e-03 	 8 6 8 5
      7.85284764699062777862e-04 	 8 6 8 6
      4.60449399433269102987e-04 	 8 6 8 7
      1.48571984664895486578e-03 	 8 6 8 8
     -1.33014836116963778082e-03 	 8 7 1 1
     -5.52874225225186122744e-04 	 8 7 2 1
     -1.11890972356738500719e-03 	 8 7 2 2
     -2.62707430181768669588e-04 	 8 7 3 1
     -1.40798520102466658346e-04 	 8 7 3 2
     -1.65750367473933260705e-03 	 8 7 3 3
     -1.73222240319141623918e-05 	 8 7 4 1
     -5.90040844107950321513e-04 	 8 7 4 2
      3.41990758113703782230e-04 	 8 7 4 3
      3.03131815325749997495e-04 	 8 7 4 4
      2.99819084104982252949e-04 	 8 7 5 1
     -1.81716622848993985531e-04 	 8 7 5 2
      5.65590395567083250271e-04 	 8 7 5 3
     -5.86589350122412389946e-04 	 8 7 5 4
     -2.34228569889047754868e-03 	 8 7 5 5
      3.08942792121450935609e-04 	 8 7 6 1
      5.91423982632522285516e-05 	 8 7 6 2
      3.99849055951930724018e-04 	 8 7 6 3
     -2.98394354975928645726e-04 	 8 7 6 4
     -6.25941060994860722089e-04 	 8 7 6 5
     -3.95752079695916290404e-04 	 8 7 6 6
     -3.47559048875208592222e-05 	 8 7 7 1
     -6.25940572104324594732e-04 	 8 7 7 2
      8.33235972913880197296e-04 	 8 7 7 3
     -1.20242471797560334691e-03 	 8 7 7 4
     -1.68239566409765159416e-03 	 8 7 7 5
     -9.57524639807668179192e-04 	 8 7 7 6
      3.18173303487227082664e-03 	 8 7 7 7
     -1.25253145271044056533e-04 	 8 7 8 1
      3.08568301743465504567e-04 	 8 7 8 2
     -7.04772529263409893731e-04 	 8 7 8 3
      5.79325545252799725508e-04 	 8 7 8 4
      4.70615815128898264293e-04 	 8 7 8 5
      4.60449399433268127205e-04 	 8 7 8 6
      1.45410195617508785325e-03 	 8 7 8 7
      4.08408288679262647392e-03 	 8 7 8 8
      1.88637226439108379727e-01 	 8 8 1 1
     -2.78784224383698750471e-03 	 8 8 2 1
      2.61615469530138866627e-01 	 8 8 2 2
      3.43480225263438675512e-03 	 8 8 3 1
     -2.74249101539312829107e-03 	 8 8 3 2
      1.41212170283319615738e-01 	 8 8 3 3
      4.24837936825268533414e-03 	 8 8 4 1
      2.63002400685022298329e-04 	 8 8 4 2
      5.76851156534563059078e-04 	 8 8 4 3
      1.80003472168529715658e-01 	 8 8 4 4
      2.96762614956455183374e-03 	 8 8 5 1
     -6.95674868513526233754e-03 	 8 8 5 2
      5.56173441375055598729e-03 	 8 8 5 3
     -3.26306677890651276094e-04 	 8 8 5 4
      2.59055314679306147863e-01 	 8 8 5 5
      1.09243317803941141463e-03 	 8 8 6 1
      1.52504842979903358809e-03 	 8 8 6 2
     -4.24176556272817914701e-04 	 8 8 6 3
     -1.83228948799507357012e-03 	 8 8 6 4
     -3.34339301897077206122e-03 	 8 8 6 5
      1.73224142212100501448e-01 	 8 8 6 6
      6.16552554604735212479e-04 	 8 8 7 1
      8.26442565471256014760e-04 	 8 8 7 2
     -1.68129700525574462405e-03 	 8 8 7 3
      1.92279891334271946582e-03 	 8 8 7 4
     -3.51104106112713450563e-03 	 8 8 7 5
     -3.26521248610925547175e-04 	 8 8 7 6
      1.72528244606800440497e-01 	 8 8 7 7
     -5.67701236780378173247e-03 	 8 8 8 1
     -4.90995207749514179368e-03 	 8 8 8 2
     -1.07204130657885792627e-02 	 8 8 8 3
      8.23790262308509400879e-03 	 8 8 8 4
      1.72670122096394047795e-02 	 8 8 8 5
      1.48571984664895920258e-03 	 8 8 8 6
      4.08408288679264729060e-03 	 8 8 8 7
      4.13772086210103973158e-01 	 8 8 8 8
     -2.46174170463451380542e+00 	 1 1 0 0
      2.11979922306360424322e-01 	 1 2 0 0
      2.11796112772080213915e-01 	 1 3 0 0
     -1.63795810506942481066e-02 	 1 4 0 0
     -5.39549206840493622561e-03 	 1 5 0 0
     -2.11790691123586977129e-01 	 1 6 0 0
     -5.36493997714158638718e-03 	 1 7 0 0
      1.62836200221580518210e-02 	 1 8 0 0
      2.11979922306350432315e-01 	 2 1 0 0
     -2.07800785308471525070e+00 	 2 2 0 0
      4.06031352042698079341e-02 	 2 3 0 0
     -1.56949373279619941446e-01 	 2 4 0 0
      3.60426220309716868750e-02 	 2 5 0 0
     -4.06154815870602911576e-02 	 2 6 0 0
      3.60230900448840971051e-02 	 2 7 0 0
      1.56800977628061583014e-01 	 2 8 0 0
      2.11796112772076328135e-01 	 3 1 0 0
      4.06031352042549031900e-02 	 3 2 0 0
     -2.27129212365524102424e+00 	 3 3 0 0
     -3.38656922847663799381e-02 	 3 4 0 0
     -4.78075759320751025871e-02 	 3 5 0 0
     -7.12756063430319969365e-02 	 3 6 0 0
     -1.44902934238130415290e-02 	 3 7 0 0
      5.00785015715447465179e-02 	 3 8 0 0
     -1.63795810506961736497e-02 	 4 1 0 0
     -1.56949373279634735168e-01 	 4 2 0 0
     -3.38656922847683089506e-02 	 4 3 0 0
     -1.81680416312106918220e+00 	 4 4 0 0
     -4.26511335349741022710e-03 	 4 5 0 0
      5.00848026640233132123e-02 	 4 6 0 0
     -1.10786870166567408269e-01 	 4 7 0 0
     -5.41097837500168071800e-02 	 4 8 0 0
     -5.39549206840827470094e-03 	 5 1 0 0
      3.60426220309880279702e-02 	 5 2 0 0
     -4.78075759320578455580e-02 	 5 3 0 0
     -4.26511335349473788559e-03 	 5 4 0 0
     -1.60164221862767663929e+00 	 5 5 0 0
      1.45434858484459542116e-02 	 5 6 0 0
      1.57780373256852235464e-02 	 5 7 0 0
      1.10775367321417947397e-01 	 5 8 0 0
     -2.11790691123592861311e-01 	 6 1 0 0
     -4.06154815870540739087e-02 	 6 2 0 0
     -7.12756063430246278312e-02 	 6 3 0 0
      5.00848026640234519902e-02 	 6 4 0 0
      1.45434858484523536065e-02 	 6 5 0 0
     -2.27125015579429589963e+00 	 6 6 0 0
      4.77695226002473605220e-02 	 6 7 0 0
     -3.38234442805576684954e-02 	 6 8 0 0
     -5.36493997713724610904e-03 	 7 1 0 0
      3.60230900448837987327e-02 	 7 2 0 0
     -1.44902934238121117172e-02 	 7 3 0 0
     -1.10786870166591153164e-01 	 7 4 0 0
      1.57780373257343405069e-02 	 7 5 0 0
      4.77695226002615852545e-02 	 7 6 0 0
     -1.60166789676356513539e+00 	 7 7 0 0
      4.33132498339663680326e-03 	 7 8 0 0
      1.62836200221539821598e-02 	 8 1 0 0
      1.56800977627988141760e-01 	 8 2 0 0
      5.00785015715565773320e-02 	 8 3 0 0
     -5.41097837500142328504e-02 	 8 4 0 0
      1.10775367321430964762e-01 	 8 5 0 0
     -3.38234442805535120979e-02 	 8 6 0 0
      4.33132498340219398991e-03 	 8 7 0 0
     -1.81665140151310944283e+00 	 8 8 0 0
     -2.99462688001769947732e+03 	 0 0 0 0
