 # Printing electron repulsion integrals in spatial MO basis
      4.22970577161972671743e-01 	 1 1 1 1
     -2.57892892931517112021e-03 	 1 1 2 1
      1.97795457534429425239e-01 	 1 1 2 2
     -3.48544068106968543685e-02 	 1 1 3 1
     -9.94619603417482185670e-03 	 1 1 3 2
      2.75489230383084926501e-01 	 1 1 3 3
      6.36701307803520018952e-03 	 1 1 4 1
      2.12325801440640905479e-03 	 1 1 4 2
     -1.73527003485902099026e-05 	 1 1 4 3
      1.67965113426604750746e-01 	 1 1 4 4
     -1.18451487575510217010e-02 	 1 1 5 1
     -9.96341992133055812109e-03 	 1 1 5 2
      2.53295214549366680054e-03 	 1 1 5 3
      1.12000289425442649152e-04 	 1 1 5 4
      2.52398219242635724058e-01 	 1 1 5 5
      6.79176393185276306222e-04 	 1 1 6 1
     -5.82265780098878069082e-04 	 1 1 6 2
      1.64324386096028804936e-03 	 1 1 6 3
      9.92341166448176522155e-04 	 1 1 6 4
     -5.38385966070370047126e-03 	 1 1 6 5
      1.80332589969704415456e-01 	 1 1 6 6
      3.79073090449693408943e-02 	 1 1 7 1
      6.28347733709878116665e-03 	 1 1 7 2
      1.11776897154496415721e-03 	 1 1 7 3
      1.17641806804561345305e-03 	 1 1 7 4
     -3.93100037094584959033e-04 	 1 1 7 5
     -2.68399339979473201129e-03 	 1 1 7 6
      2.68662261691888670789e-01 	 1 1 7 7
     -7.45169998830245636223e-03 	 1 1 8 1
      3.98229212537741690536e-03 	 1 1 8 2
      7.44905707517184837753e-04 	 1 1 8 3
     -6.84789088491869965547e-03 	 1 1 8 4
     -4.29646319987681078040e-03 	 1 1 8 5
     -2.72027768529130428363e-03 	 1 1 8 6
     -2.46068628814212356573e-03 	 1 1 8 7
      1.88211052895023156495e-01 	 1 1 8 8
     -2.57892892931516721708e-03 	 2 1 1 1
      1.82668034973572108309e-03 	 2 1 2 1
      1.31705682642862739740e-03 	 2 1 2 2
     -5.95951423762273264570e-04 	 2 1 3 1
      1.61650117798506397573e-03 	 2 1 3 2
      4.46067267757933611644e-03 	 2 1 3 3
     -4.18427112239866622143e-04 	 2 1 4 1
     -9.40838224066079973837e-04 	 2 1 4 2
     -3.49700432601840135744e-04 	 2 1 4 3
     -2.97347614820967377086e-03 	 2 1 4 4
      3.32098972170325433539e-04 	 2 1 5 1
      2.33106160825552726629e-03 	 2 1 5 2
      7.32112968782362748613e-04 	 2 1 5 3
      8.60480289142174424545e-05 	 2 1 5 4
      4.69813910821262597367e-03 	 2 1 5 5
     -4.60680988042635813310e-04 	 2 1 6 1
     -2.35215212867803831736e-04 	 2 1 6 2
     -2.16595206640063196865e-04 	 2 1 6 3
      1.62116778443829510047e-03 	 2 1 6 4
     -3.17164950112750723861e-05 	 2 1 6 5
      2.71944628977562291409e-04 	 2 1 6 6
      9.32607569858213145478e-05 	 2 1 7 1
     -1.64334321878560076467e-03 	 2 1 7 2
      1.00287197253157221548e-03 	 2 1 7 3
      2.24956271442410194383e-04 	 2 1 7 4
     -1.34972675088450679362e-03 	 2 1 7 5
      4.25290831843441936334e-04 	 2 1 7 6
     -3.21034502748745347641e-04 	 2 1 7 7
      7.72668074815462645188e-04 	 2 1 8 1
      1.05214376362036414518e-05 	 2 1 8 2
      3.53286698890541107573e-04 	 2 1 8 3
      4.22568344429818173059e-04 	 2 1 8 4
      1.37153932289735963623e-03 	 2 1 8 5
     -4.80924461475143775156e-04 	 2 1 8 6
     -7.72133915307673962146e-05 	 2 1 8 7
     -3.98858259587441064259e-03 	 2 1 8 8
      1.97795457534429314217e-01 	 2 2 1 1
      1.31705682642863216789e-03 	 2 2 2 1
      3.32481928943981985825e-01 	 2 2 2 2
      6.02879038489752532709e-03 	 2 2 3 1
     -1.06322685956867606094e-02 	 2 2 3 2
      1.71069963182708451033e-01 	 2 2 3 3
     -1.50163694004563441978e-03 	 2 2 4 1
      8.85858529375574584031e-03 	 2 2 4 2
     -3.02929871283306615878e-03 	 2 2 4 3
      1.76237334939362305652e-01 	 2 2 4 4
     -1.10665019252135089604e-03 	 2 2 5 1
     -1.02061944831150618745e-02 	 2 2 5 2
      5.03181218632224851878e-03 	 2 2 5 3
     -1.41086108795073915563e-03 	 2 2 5 4
      2.54673210802844773859e-01 	 2 2 5 5
     -1.02529437243649803636e-03 	 2 2 6 1
      1.19445819084035439149e-03 	 2 2 6 2
     -9.23535565756285095444e-04 	 2 2 6 3
      1.04759496974783459372e-02 	 2 2 6 4
     -2.14501387244292462952e-03 	 2 2 6 5
      1.83992011242532227389e-01 	 2 2 6 6
     -6.03362226502731930494e-03 	 2 2 7 1
      3.16485248825571288678e-03 	 2 2 7 2
     -1.20836034102604563019e-03 	 2 2 7 3
      1.99305580362951675205e-03 	 2 2 7 4
     -3.72406075153979432973e-03 	 2 2 7 5
      1.08812021670492693574e-03 	 2 2 7 6
      1.79896027457988633147e-01 	 2 2 7 7
     -1.25268720246425130588e-04 	 2 2 8 1
      1.12554883340345752984e-02 	 2 2 8 2
      8.38927575427679300853e-04 	 2 2 8 3
     -4.64326095303416782473e-03 	 2 2 8 4
     -1.01651637989736108592e-02 	 2 2 8 5
      1.39577173347080066637e-03 	 2 2 8 6
      2.69294959921686247271e-04 	 2 2 8 7
      2.29368235783318275001e-01 	 2 2 8 8
     -3.48544068106967641629e-02 	 3 1 1 1
     -5.95951423762279010841e-04 	 3 1 2 1
      6.02879038489751752083e-03 	 3 1 2 2
      1.70285124178488414537e-02 	 3 1 3 1
      1.82177074988637837001e-03 	 3 1 3 2
     -4.15498173788275831919e-02 	 3 1 3 3
     -1.23497958867521294077e-03 	 3 1 4 1
      1.42255087292839327122e-03 	 3 1 4 2
     -1.48963191645353724025e-04 	 3 1 4 3
      2.21119249099032862127e-02 	 3 1 4 4
      2.06410750870030055421e-03 	 3 1 5 1
      2.62638971783378690188e-04 	 3 1 5 2
     -5.47346663356091953979e-05 	 3 1 5 3
     -8.89876200708196538752e-04 	 3 1 5 4
      2.40518480004381460680e-04 	 3 1 5 5
     -4.08832431920870412526e-04 	 3 1 6 1
     -2.70350663665960117520e-04 	 3 1 6 2
     -1.29929274915885264313e-03 	 3 1 6 3
     -2.12203792696728397657e-03 	 3 1 6 4
     -4.63668907708452381327e-04 	 3 1 6 5
      1.91814699687526644956e-02 	 3 1 6 6
     -1.10103820219760260152e-02 	 3 1 7 1
     -2.34139201749921174343e-04 	 3 1 7 2
     -3.99074742583670726004e-03 	 3 1 7 3
     -3.52339691711711091530e-04 	 3 1 7 4
      6.71444442948399737928e-04 	 3 1 7 5
      6.88431962286368626450e-04 	 3 1 7 6
     -1.93875250355972465754e-02 	 3 1 7 7
      1.70693853719579616800e-03 	 3 1 8 1
      9.62948512135544621923e-04 	 3 1 8 2
      9.90821840944980120752e-04 	 3 1 8 3
     -1.91523324560515656456e-03 	 3 1 8 4
     -5.09410550654753311629e-05 	 3 1 8 5
      7.49890541824921753183e-04 	 3 1 8 6
      1.58214431235986861118e-04 	 3 1 8 7
      2.29041833098761818399e-02 	 3 1 8 8
     -9.94619603417482879559e-03 	 3 2 1 1
      1.61650117798505291687e-03 	 3 2 2 1
     -1.06322685956867692830e-02 	 3 2 2 2
      1.82177074988638314050e-03 	 3 2 3 1
      7.89918683805478950843e-03 	 3 2 3 2
     -1.66538898471031218684e-02 	 3 2 3 3
     -6.01250763170217022470e-04 	 3 2 4 1
     -2.80507059432378268171e-03 	 3 2 4 2
     -1.28189076845316432193e-03 	 3 2 4 3
     -1.16215450344890201990e-03 	 3 2 4 4
      2.02831360698333112297e-03 	 3 2 5 1
      8.66715668118683314758e-03 	 3 2 5 2
      2.26419794865425532196e-03 	 3 2 5 3
      2.90940792877721055281e-04 	 3 2 5 4
     -3.58119231646871795383e-03 	 3 2 5 5
     -6.28939411672125442410e-04 	 3 2 6 1
     -7.05880716087976659880e-04 	 3 2 6 2
     -9.02895146295051615089e-04 	 3 2 6 3
      4.02803401998814546853e-03 	 3 2 6 4
      1.01319381084341185104e-03 	 3 2 6 5
      7.60129072388047132003e-03 	 3 2 6 6
     -1.31024097767717625541e-03 	 3 2 7 1
     -3.33822328661610668796e-03 	 3 2 7 2
      1.65439065524074463247e-03 	 3 2 7 3
      3.70235596283409755438e-04 	 3 2 7 4
     -2.14588319427199336262e-03 	 3 2 7 5
      7.34497668890268773888e-04 	 3 2 7 6
     -3.84362933501711419304e-03 	 3 2 7 7
      1.66875200618271505616e-03 	 3 2 8 1
     -8.63136865856613971250e-04 	 3 2 8 2
      1.20724536453073656196e-03 	 3 2 8 3
      8.04038914226861398983e-04 	 3 2 8 4
      4.15825365383358080268e-03 	 3 2 8 5
     -2.57588141665398542759e-04 	 3 2 8 6
      1.89971285863282902343e-04 	 3 2 8 7
     -9.46042243535654726883e-03 	 3 2 8 8
      2.75489230383084870990e-01 	 3 3 1 1
      4.46067267757934652478e-03 	 3 3 2 1
      1.71069963182708367766e-01 	 3 3 2 2
     -4.15498173788277011531e-02 	 3 3 3 1
     -1.66538898471031288073e-02 	 3 3 3 2
      4.97332566958510691180e-01 	 3 3 3 3
      1.36037213406217790887e-03 	 3 3 4 1
     -2.67481670106676843943e-03 	 3 3 4 2
      4.21522618337468509692e-03 	 3 3 4 3
      1.37027326805653909547e-01 	 3 3 4 4
     -1.69685145028387884825e-03 	 3 3 5 1
      2.65712408448713329270e-03 	 3 3 5 2
     -2.73993199171761181443e-03 	 3 3 5 3
      1.01065086805282046932e-03 	 3 3 5 4
      2.05693882951584527952e-01 	 3 3 5 5
     -2.54302753172052720468e-03 	 3 3 6 1
     -5.25545830600917672666e-04 	 3 3 6 2
      7.84666532592717506922e-03 	 3 3 6 3
      7.39028824949934312616e-03 	 3 3 6 4
     -2.87986035582057150334e-03 	 3 3 6 5
      1.61804750444945022458e-01 	 3 3 6 6
      1.65699926056754355541e-02 	 3 3 7 1
     -1.47054872058839506722e-03 	 3 3 7 2
      1.53004732550658956863e-02 	 3 3 7 3
      1.50417697283405037666e-03 	 3 3 7 4
     -4.42266469708474385669e-03 	 3 3 7 5
     -1.18273793943022610415e-04 	 3 3 7 6
      2.02186306430991086236e-01 	 3 3 7 7
      1.26273304074392780406e-03 	 3 3 8 1
      2.31250973220929485069e-03 	 3 3 8 2
     -3.74076677002178241763e-03 	 3 3 8 3
     -2.40836814688350940236e-03 	 3 3 8 4
      2.83322866341235903714e-03 	 3 3 8 5
     -4.29596490077130410690e-03 	 3 3 8 6
     -2.08066005501234864428e-03 	 3 3 8 7
      1.48248474079746811460e-01 	 3 3 8 8
      6.36701307803519411799e-03 	 4 1 1 1
     -4.18427112239865050050e-04 	 4 1 2 1
     -1.50163694004562422828e-03 	 4 1 2 2
     -1.23497958867521727758e-03 	 4 1 3 1
     -6.01250763170217130890e-04 	 4 1 3 2
      1.36037213406218354672e-03 	 4 1 3 3
      2.08271519093887903101e-03 	 4 1 4 1
      3.24203523822461656470e-04 	 4 1 4 2
      9.91763524926037422572e-04 	 4 1 4 3
      4.96793759930628554822e-03 	 4 1 4 4
     -7.56313946420867125840e-04 	 4 1 5 1
     -7.84358616641401217538e-04 	 4 1 5 2
     -3.92479835266526890826e-04 	 4 1 5 3
      1.29183771922821750847e-04 	 4 1 5 4
     -1.34062592264634150921e-03 	 4 1 5 5
      3.60058475148726693515e-04 	 4 1 6 1
      1.95205860443519059726e-04 	 4 1 6 2
      2.69484338647597821640e-04 	 4 1 6 3
     -5.00617750968795579593e-04 	 4 1 6 4
      3.20464119925006299828e-04 	 4 1 6 5
     -2.99031600485602814740e-03 	 4 1 6 6
      1.41628411178319280408e-03 	 4 1 7 1
      4.95656748552113224360e-04 	 4 1 7 2
     -1.80443478200636796922e-04 	 4 1 7 3
     -8.27015084490427521656e-04 	 4 1 7 4
      4.88812175691628815651e-04 	 4 1 7 5
     -4.39728817991074738894e-04 	 4 1 7 6
      2.97622287901209633953e-03 	 4 1 7 7
     -1.11461900259880318693e-03 	 4 1 8 1
     -9.70772954132834679656e-05 	 4 1 8 2
     -4.31014427879205228901e-04 	 4 1 8 3
     -4.74913992017590778742e-04 	 4 1 8 4
     -8.70897196528999380065e-04 	 4 1 8 5
      5.54400876617287580346e-04 	 4 1 8 6
      1.76027843326549883083e-04 	 4 1 8 7
     -9.53054681047103857162e-05 	 4 1 8 8
      2.12325801440642596835e-03 	 4 2 1 1
     -9.40838224066089406396e-04 	 4 2 2 1
      8.85858529375574237086e-03 	 4 2 2 2
      1.42255087292838850073e-03 	 4 2 3 1
     -2.80507059432376880392e-03 	 4 2 3 2
     -2.67481670106677798041e-03 	 4 2 3 3
      3.24203523822463770664e-04 	 4 2 4 1
      3.26354502214727584114e-03 	 4 2 4 2
      8.46843844536136996885e-04 	 4 2 4 3
      1.17437270100816289198e-02 	 4 2 4 4
     -1.05853832573378102075e-03 	 4 2 5 1
     -3.43161291924988336166e-03 	 4 2 5 2
     -7.13459514455462443308e-04 	 4 2 5 3
      3.27009442767556301503e-04 	 4 2 5 4
      2.34517503832443446193e-03 	 4 2 5 5
      5.43346116426841364844e-04 	 4 2 6 1
      1.31994942555054115170e-03 	 4 2 6 2
      6.23927611811794942918e-04 	 4 2 6 3
     -2.15985488257056231984e-03 	 4 2 6 4
      1.42722640045747948623e-04 	 4 2 6 5
      9.74956408974415552650e-04 	 4 2 6 6
     -1.00401161913145960808e-03 	 4 2 7 1
      1.72789778949199905947e-03 	 4 2 7 2
     -1.36551162285485820982e-03 	 4 2 7 3
     -4.01515381623042215669e-04 	 4 2 7 4
      1.31273107812987814211e-03 	 4 2 7 5
     -6.30898851556673120021e-04 	 4 2 7 6
      6.58857938681086849862e-05 	 4 2 7 7
     -9.79042435158097986911e-04 	 4 2 8 1
      1.18195589752457933842e-03 	 4 2 8 2
     -3.79438981730427645715e-04 	 4 2 8 3
     -1.54018155388018699974e-03 	 4 2 8 4
     -2.25255121609121327156e-03 	 4 2 8 5
      8.51942717817953470115e-04 	 4 2 8 6
      3.80342246643987878796e-05 	 4 2 8 7
      1.28556432669705948679e-02 	 4 2 8 8
     -1.73527003485795372874e-05 	 4 3 1 1
     -3.49700432601842249938e-04 	 4 3 2 1
     -3.02929871283306876087e-03 	 4 3 2 2
     -1.48963191645352612718e-04 	 4 3 3 1
     -1.28189076845316106933e-03 	 4 3 3 2
      4.21522618337468336219e-03 	 4 3 3 3
      9.91763524926038723614e-04 	 4 3 4 1
      8.46843844536133635859e-04 	 4 3 4 2
      1.37094469964055666947e-03 	 4 3 4 3
      5.12304593068461325972e-03 	 4 3 4 4
     -5.22480398794241307665e-04 	 4 3 5 1
     -9.49941787034371313246e-04 	 4 3 5 2
     -6.04021165658661100990e-04 	 4 3 5 3
     -8.73463265426366943260e-05 	 4 3 5 4
     -2.28578960998048006520e-03 	 4 3 5 5
      2.03511234828301603361e-04 	 4 3 6 1
      4.57624855901449603419e-04 	 4 3 6 2
      7.10318723585561732740e-04 	 4 3 6 3
     -1.18944224422868412468e-03 	 4 3 6 4
      2.00385210737682268808e-05 	 4 3 6 5
     -9.96066461734263332642e-04 	 4 3 6 6
     -1.68089493410646632779e-04 	 4 3 7 1
      5.33638732506551633286e-04 	 4 3 7 2
     -4.21364111716819307422e-04 	 4 3 7 3
     -4.30751699672670546049e-04 	 4 3 7 4
      6.94446967748408466349e-04 	 4 3 7 5
      9.02526689976395420263e-05 	 4 3 7 6
     -9.46200214902957314339e-04 	 4 3 7 7
     -5.23059434244627324655e-04 	 4 3 8 1
     -1.01542122530836660964e-05 	 4 3 8 2
     -3.23558944763723519995e-04 	 4 3 8 3
     -5.14496210670324313242e-04 	 4 3 8 4
     -6.37714715100360816577e-04 	 4 3 8 5
      2.60881871178658968254e-04 	 4 3 8 6
     -3.93821207064407635321e-05 	 4 3 8 7
      9.81058293582938271971e-04 	 4 3 8 8
      1.67965113426604556457e-01 	 4 4 1 1
     -2.97347614820968157712e-03 	 4 4 2 1
      1.76237334939362250141e-01 	 4 4 2 2
      2.21119249099032688655e-02 	 4 4 3 1
     -1.16215450344887773378e-03 	 4 4 3 2
      1.37027326805653854036e-01 	 4 4 3 3
      4.96793759930630116073e-03 	 4 4 4 1
      1.17437270100817295337e-02 	 4 4 4 2
      5.12304593068459764721e-03 	 4 4 4 3
      3.91044093408276116630e-01 	 4 4 4 4
     -2.65103933664321590735e-03 	 4 4 5 1
      2.79601366984386914480e-03 	 4 4 5 2
     -2.63975744577717380893e-03 	 4 4 5 3
      1.84829877129788250519e-03 	 4 4 5 4
      1.78752121789181511735e-01 	 4 4 5 5
      2.80631457346628690117e-03 	 4 4 6 1
     -1.25840716229958351005e-03 	 4 4 6 2
      1.45913882249512323955e-03 	 4 4 6 3
     -7.98963901171911503041e-03 	 4 4 6 4
     -2.25018155839313204955e-03 	 4 4 6 5
      2.52137085338774991072e-01 	 4 4 6 6
     -2.16284295230802225962e-02 	 4 4 7 1
      5.93145054410861450461e-04 	 4 4 7 2
     -9.63818661718823972706e-03 	 4 4 7 3
     -1.64866115478197287902e-03 	 4 4 7 4
      2.33085919327171613505e-03 	 4 4 7 5
     -9.23464079436018669272e-04 	 4 4 7 6
      1.30875626045602988512e-01 	 4 4 7 7
     -2.21489472255626288974e-03 	 4 4 8 1
      2.99877878805016083799e-03 	 4 4 8 2
     -2.43755708929047342501e-04 	 4 4 8 3
     -1.87189132084286460889e-02 	 4 4 8 4
     -2.04676463715049725481e-03 	 4 4 8 5
      7.60689523765739356725e-03 	 4 4 8 6
      8.57034881192267057430e-04 	 4 4 8 7
      2.47655267776332621565e-01 	 4 4 8 8
     -1.18451487575510494565e-02 	 5 1 1 1
      3.32098972170322831454e-04 	 5 1 2 1
     -1.10665019252134005402e-03 	 5 1 2 2
      2.06410750870028060489e-03 	 5 1 3 1
      2.02831360698332982193e-03 	 5 1 3 2
     -1.69685145028383548016e-03 	 5 1 3 3
     -7.56313946420875799458e-04 	 5 1 4 1
     -1.05853832573376952821e-03 	 5 1 4 2
     -5.22480398794236645596e-04 	 5 1 4 3
     -2.65103933664321634103e-03 	 5 1 4 4
      5.73602026542403223980e-03 	 5 1 5 1
      4.47843855799342441953e-03 	 5 1 5 2
      1.37231726202736493449e-03 	 5 1 5 3
     -5.58174766084763157581e-04 	 5 1 5 4
     -5.06987560246115100820e-03 	 5 1 5 5
     -9.95145704118302956709e-04 	 5 1 6 1
     -3.43503514892860384398e-04 	 5 1 6 2
     -6.29991622421315544331e-04 	 5 1 6 3
      1.68442994479177268578e-03 	 5 1 6 4
     -4.62444797488056297632e-05 	 5 1 6 5
      5.92022559712228248902e-03 	 5 1 6 6
     -2.51936156461986639557e-03 	 5 1 7 1
     -1.68396926243534472700e-03 	 5 1 7 2
      9.38175030934141826466e-04 	 5 1 7 3
      2.51275052624823304250e-04 	 5 1 7 4
     -1.83666514068578042886e-03 	 5 1 7 5
      4.93238924486706707510e-04 	 5 1 7 6
     -4.27604029690808930958e-03 	 5 1 7 7
      2.08960660981150504051e-03 	 5 1 8 1
      4.33324968055408634750e-04 	 5 1 8 2
      6.78872301482275736749e-04 	 5 1 8 3
      2.46175410661593604879e-04 	 5 1 8 4
      3.24600801531937715669e-03 	 5 1 8 5
     -7.03784729017987195458e-04 	 5 1 8 6
     -2.57146266977463554618e-04 	 5 1 8 7
     -4.21144060683833511283e-03 	 5 1 8 8
     -9.96341992133057026415e-03 	 5 2 1 1
      2.33106160825552813365e-03 	 5 2 2 1
     -1.02061944831150237106e-02 	 5 2 2 2
      2.62638971783410782573e-04 	 5 2 3 1
      8.66715668118684008647e-03 	 5 2 3 2
      2.65712408448704699021e-03 	 5 2 3 3
     -7.84358616641401651219e-04 	 5 2 4 1
     -3.43161291924984823351e-03 	 5 2 4 2
     -9.49941787034368928001e-04 	 5 2 4 3
      2.79601366984388042050e-03 	 5 2 4 4
      4.47843855799340013341e-03 	 5 2 5 1
      1.87385380677168207619e-02 	 5 2 5 2
      2.53239443247816123361e-03 	 5 2 5 3
      5.94731980978348067843e-04 	 5 2 5 4
     -5.19633396397004270612e-03 	 5 2 5 5
     -8.34668324568296933486e-04 	 5 2 6 1
     -6.34569841582947728222e-04 	 5 2 6 2
     -3.49142070398684859541e-04 	 5 2 6 3
      6.95016695813917284585e-03 	 5 2 6 4
      1.48279194513955756007e-03 	 5 2 6 5
      1.64927986162322140484e-02 	 5 2 6 6
     -2.54801036191566092695e-03 	 5 2 7 1
     -5.75681635563808982714e-03 	 5 2 7 2
      3.60634036625262716438e-03 	 5 2 7 3
      6.35405956623955308488e-04 	 5 2 7 4
     -4.20788661732041796570e-03 	 5 2 7 5
      8.23160995147499750628e-04 	 5 2 7 6
      4.24657665643679766744e-04 	 5 2 7 7
      2.78126941627103614618e-03 	 5 2 8 1
     -1.39756796997620781099e-03 	 5 2 8 2
      1.44144614586421120767e-03 	 5 2 8 3
      2.66895945936341800857e-04 	 5 2 8 4
      7.12219008985332142914e-03 	 5 2 8 5
     -9.69138591232134732640e-05 	 5 2 8 6
     -6.55088695319338388352e-05 	 5 2 8 7
     -1.14197821989290189404e-02 	 5 2 8 8
      2.53295214549366766790e-03 	 5 3 1 1
      7.32112968782364591756e-04 	 5 3 2 1
      5.03181218632224938614e-03 	 5 3 2 2
     -5.47346663356041470815e-05 	 5 3 3 1
      2.26419794865425098515e-03 	 5 3 3 2
     -2.73993199171759837032e-03 	 5 3 3 3
     -3.92479835266522391387e-04 	 5 3 4 1
     -7.13459514455477838979e-04 	 5 3 4 2
     -6.04021165658661534671e-04 	 5 3 4 3
     -2.63975744577715212488e-03 	 5 3 4 4
      1.37231726202735973032e-03 	 5 3 5 1
      2.53239443247815516208e-03 	 5 3 5 2
      2.82770334862025027670e-03 	 5 3 5 3
     -1.93825845770671578499e-04 	 5 3 5 4
      4.19847926912127623195e-03 	 5 3 5 5
     -6.44976147339144370227e-04 	 5 3 6 1
     -1.00816563610510426707e-04 	 5 3 6 2
     -4.82972484230689857489e-04 	 5 3 6 3
      2.05971804832908583771e-03 	 5 3 6 4
     -1.44683550771238753378e-04 	 5 3 6 5
      2.92748972523341772362e-03 	 5 3 6 6
      6.09182941226591887982e-04 	 5 3 7 1
     -6.49456000005507500146e-04 	 5 3 7 2
      8.61968301348074272643e-04 	 5 3 7 3
      3.24430165710199423530e-04 	 5 3 7 4
     -1.74556122883553848334e-03 	 5 3 7 5
      4.39096638439483719432e-04 	 5 3 7 6
      2.90180156668103745796e-03 	 5 3 7 7
      7.73232096288608053945e-04 	 5 3 8 1
      4.24268081852716171572e-04 	 5 3 8 2
      7.15699220176993586989e-04 	 5 3 8 3
      1.22952275821597452592e-04 	 5 3 8 4
      1.64372155770538849566e-03 	 5 3 8 5
     -5.16457275694419447667e-04 	 5 3 8 6
      3.89079525852809992182e-05 	 5 3 8 7
     -2.00191307813174859676e-03 	 5 3 8 8
      1.12000289425456852200e-04 	 5 4 1 1
      8.60480289142313337948e-05 	 5 4 2 1
     -1.41086108795077970479e-03 	 5 4 2 2
     -8.89876200708206513412e-04 	 5 4 3 1
      2.90940792877716501632e-04 	 5 4 3 2
      1.01065086805283781655e-03 	 5 4 3 3
      1.29183771922822835049e-04 	 5 4 4 1
      3.27009442767531093802e-04 	 5 4 4 2
     -8.73463265426396894345e-05 	 5 4 4 3
      1.84829877129790397239e-03 	 5 4 4 4
     -5.58174766084732908340e-04 	 5 4 5 1
      5.94731980978343297353e-04 	 5 4 5 2
     -1.93825845770686133913e-04 	 5 4 5 3
      1.52841573308715693302e-03 	 5 4 5 4
      6.34126879072501687881e-04 	 5 4 5 5
      5.58364299523627250627e-04 	 5 4 6 1
      8.32028403450224790343e-04 	 5 4 6 2
      4.75012075914235372496e-04 	 5 4 6 3
      5.28407736286202090077e-04 	 5 4 6 4
      1.29313666256322917607e-03 	 5 4 6 5
     -1.68382445800468582425e-03 	 5 4 6 6
      5.62339655913951541079e-04 	 5 4 7 1
     -1.91612112923569550930e-04 	 5 4 7 2
      5.45289961413032969045e-04 	 5 4 7 3
      5.36919046507410214391e-05 	 5 4 7 4
     -1.71175417808493396214e-04 	 5 4 7 5
     -4.90178655279297696527e-04 	 5 4 7 6
      3.15313132006626978244e-05 	 5 4 7 7
     -5.91224430897773736877e-04 	 5 4 8 1
     -4.40637379543022569654e-04 	 5 4 8 2
     -2.65645182527439514906e-04 	 5 4 8 3
      4.19435363814693281444e-04 	 5 4 8 4
     -6.19983243657639261463e-04 	 5 4 8 5
      6.44637151838623476477e-04 	 5 4 8 6
      2.07696063152286837863e-04 	 5 4 8 7
     -2.95747842779948109937e-03 	 5 4 8 8
      2.52398219242635835080e-01 	 5 5 1 1
      4.69813910821268408691e-03 	 5 5 2 1
      2.54673210802844607326e-01 	 5 5 2 2
      2.40518480004405882334e-04 	 5 5 3 1
     -3.58119231646872142327e-03 	 5 5 3 2
      2.05693882951584111618e-01 	 5 5 3 3
     -1.34062592264634866494e-03 	 5 5 4 1
      2.34517503832445397757e-03 	 5 5 4 2
     -2.28578960998048700409e-03 	 5 5 4 3
      1.78752121789181289691e-01 	 5 5 4 4
     -5.06987560246125769370e-03 	 5 5 5 1
     -5.19633396396995423522e-03 	 5 5 5 2
      4.19847926912130832433e-03 	 5 5 5 3
      6.34126879072425251628e-04 	 5 5 5 4
      3.79276541051120186232e-01 	 5 5 5 5
     -2.69495347825572184944e-03 	 5 5 6 1
     -1.85719153834658498234e-03 	 5 5 6 2
     -1.36181903703451348368e-03 	 5 5 6 3
      1.00972502664298195013e-02 	 5 5 6 4
     -5.87093809987315057297e-03 	 5 5 6 5
      2.10058219331580614542e-01 	 5 5 6 6
      1.55167723192056825759e-03 	 5 5 7 1
     -5.27808837364771325437e-04 	 5 5 7 2
     -5.08904326253596423109e-04 	 5 5 7 3
      1.85369585238354963284e-03 	 5 5 7 4
     -6.65717952697518662586e-03 	 5 5 7 5
      1.65715563732727385465e-03 	 5 5 7 6
      1.99584500743066106665e-01 	 5 5 7 7
      4.81155455097940880360e-03 	 5 5 8 1
      8.27200662514908889589e-03 	 5 5 8 2
      4.43499214069354059931e-03 	 5 5 8 3
     -8.00525776817725617795e-03 	 5 5 8 4
     -9.42129600477065523578e-03 	 5 5 8 5
     -4.15204847256720084581e-03 	 5 5 8 6
     -2.47858827328815067501e-03 	 5 5 8 7
      2.09122926804337527784e-01 	 5 5 8 8
      6.79176393185275547280e-04 	 6 1 1 1
     -4.60680988042638252765e-04 	 6 1 2 1
     -1.02529437243650605946e-03 	 6 1 2 2
     -4.08832431920869762004e-04 	 6 1 3 1
     -6.28939411672117527734e-04 	 6 1 3 2
     -2.54302753172052677100e-03 	 6 1 3 3
      3.60058475148722410917e-04 	 6 1 4 1
      5.43346116426847436376e-04 	 6 1 4 2
      2.03511234828304124131e-04 	 6 1 4 3
      2.80631457346632636612e-03 	 6 1 4 4
     -9.95145704118297535698e-04 	 6 1 5 1
     -8.34668324568307341826e-04 	 6 1 5 2
     -6.44976147339147189153e-04 	 6 1 5 3
      5.58364299523630936914e-04 	 6 1 5 4
     -2.69495347825573529355e-03 	 6 1 5 5
      2.84250026290881188315e-03 	 6 1 6 1
      3.29345432363075448640e-04 	 6 1 6 2
      1.33864809069238199779e-03 	 6 1 6 3
     -1.31754415076140002881e-03 	 6 1 6 4
      7.62147348289611580897e-04 	 6 1 6 5
      1.75581793885655739612e-03 	 6 1 6 6
      1.40943675365070436589e-04 	 6 1 7 1
      5.37273181515882840634e-04 	 6 1 7 2
     -2.73186251322452781226e-04 	 6 1 7 3
     -2.08875980311709949890e-04 	 6 1 7 4
      4.98825714643533419182e-04 	 6 1 7 5
     -1.48924135132446960536e-03 	 6 1 7 6
     -9.10489968672216010495e-04 	 6 1 7 7
     -1.14979315546673548781e-03 	 6 1 8 1
      5.33805308289332799097e-06 	 6 1 8 2
     -5.28053024078242770958e-04 	 6 1 8 3
      2.45388725166379557084e-04 	 6 1 8 4
     -1.03258333959000856914e-03 	 6 1 8 5
      1.24374879424875035144e-03 	 6 1 8 6
      1.98793150126781156600e-04 	 6 1 8 7
     -1.49480663493614744078e-04 	 6 1 8 8
     -5.82265780098875250156e-04 	 6 2 1 1
     -2.35215212867808412490e-04 	 6 2 2 1
      1.19445819084036219775e-03 	 6 2 2 2
     -2.70350663665955618081e-04 	 6 2 3 1
     -7.05880716087996283939e-04 	 6 2 3 2
     -5.25545830600919190549e-04 	 6 2 3 3
      1.95205860443530118589e-04 	 6 2 4 1
      1.31994942555051079404e-03 	 6 2 4 2
      4.57624855901452097084e-04 	 6 2 4 3
     -1.25840716229958676266e-03 	 6 2 4 4
     -3.43503514892836260899e-04 	 6 2 5 1
     -6.34569841582966701760e-04 	 6 2 5 2
     -1.00816563610511199202e-04 	 6 2 5 3
      8.32028403450225657705e-04 	 6 2 5 4
     -1.85719153834653749428e-03 	 6 2 5 5
      3.29345432363061462432e-04 	 6 2 6 1
      2.40837629170097917639e-03 	 6 2 6 2
      8.23245952647289839371e-04 	 6 2 6 3
     -9.91717468781947103854e-04 	 6 2 6 4
      1.54395199589826663533e-03 	 6 2 6 5
     -4.81274889171025451167e-04 	 6 2 6 6
      2.03196574088389156050e-04 	 6 2 7 1
      6.12404081729457606606e-04 	 6 2 7 2
     -1.17781274617361609138e-04 	 6 2 7 3
     -3.60320607697761489431e-04 	 6 2 7 4
      2.58681974520671379564e-04 	 6 2 7 5
     -6.36030559283143120605e-04 	 6 2 7 6
     -9.41025134421990096592e-04 	 6 2 7 7
     -4.50063335674226970822e-04 	 6 2 8 1
      1.40538850690010569400e-04 	 6 2 8 2
     -1.76164493742512047415e-04 	 6 2 8 3
      6.90879653815147350485e-04 	 6 2 8 4
     -5.05450361988289882144e-04 	 6 2 8 5
      3.48979967340083978202e-04 	 6 2 8 6
      4.65333081976064565945e-05 	 6 2 8 7
     -1.64603785277973001244e-03 	 6 2 8 8
      1.64324386096029650614e-03 	 6 3 1 1
     -2.16595206640066503681e-04 	 6 3 2 1
     -9.23535565756286830168e-04 	 6 3 2 2
     -1.29929274915884895684e-03 	 6 3 3 1
     -9.02895146295054650855e-04 	 6 3 3 2
      7.84666532592717333450e-03 	 6 3 3 3
      2.69484338647597333749e-04 	 6 3 4 1
      6.23927611811800797610e-04 	 6 3 4 2
      7.10318723585563575884e-04 	 6 3 4 3
      1.45913882249509917026e-03 	 6 3 4 4
     -6.29991622421296679213e-04 	 6 3 5 1
     -3.49142070398702423616e-04 	 6 3 5 2
     -4.82972484230689749068e-04 	 6 3 5 3
      4.75012075914237215640e-04 	 6 3 5 4
     -1.36181903703449288384e-03 	 6 3 5 5
      1.33864809069237787782e-03 	 6 3 6 1
      8.23245952647292983557e-04 	 6 3 6 2
      1.89970090903681027884e-03 	 6 3 6 3
     -7.05471874889364671847e-04 	 6 3 6 4
      5.25126381394811457548e-04 	 6 3 6 5
      1.53830872592992311081e-03 	 6 3 6 6
      4.95665557983726774195e-04 	 6 3 7 1
      2.99404626201656631160e-04 	 6 3 7 2
      2.46441265926864046514e-04 	 6 3 7 3
      2.46113645270119895444e-04 	 6 3 7 4
      4.60399415517273428739e-04 	 6 3 7 5
     -2.58781536611711799646e-04 	 6 3 7 6
      5.91544665328033931508e-04 	 6 3 7 7
     -6.45686017604634680117e-04 	 6 3 8 1
      5.81912387672958576041e-05 	 6 3 8 2
     -4.11647257519477487425e-04 	 6 3 8 3
      1.02186517137762476705e-04 	 6 3 8 4
     -6.46221294588469928957e-04 	 6 3 8 5
      7.62391980687913430569e-04 	 6 3 8 6
      1.81961445727687575868e-04 	 6 3 8 7
     -5.42713782893346078154e-04 	 6 3 8 8
      9.92341166448119926802e-04 	 6 4 1 1
      1.62116778443829184786e-03 	 6 4 2 1
      1.04759496974782990997e-02 	 6 4 2 2
     -2.12203792696728397657e-03 	 6 4 3 1
      4.02803401998817495883e-03 	 6 4 3 2
      7.39028824949933098309e-03 	 6 4 3 3
     -5.00617750968825937254e-04 	 6 4 4 1
     -2.15985488257049293090e-03 	 6 4 4 2
     -1.18944224422867696894e-03 	 6 4 4 3
     -7.98963901171921217492e-03 	 6 4 4 4
      1.68442994479178612989e-03 	 6 4 5 1
      6.95016695813914595764e-03 	 6 4 5 2
      2.05971804832907976618e-03 	 6 4 5 3
      5.28407736286205342684e-04 	 6 4 5 4
      1.00972502664298663388e-02 	 6 4 5 5
     -1.31754415076139287308e-03 	 6 4 6 1
     -9.91717468781913059905e-04 	 6 4 6 2
     -7.05471874889361527661e-04 	 6 4 6 3
      1.29173150021233851953e-02 	 6 4 6 4
      8.82419208261456971577e-04 	 6 4 6 5
      1.54927150100828093723e-03 	 6 4 6 6
      6.87733994902782388298e-04 	 6 4 7 1
     -3.12542727811784609368e-03 	 6 4 7 2
      3.71279288332778453080e-03 	 6 4 7 3
      7.85417541854956254531e-04 	 6 4 7 4
     -3.17817612395520244367e-03 	 6 4 7 5
      1.03027195632222467320e-03 	 6 4 7 6
      7.40192479680927290647e-03 	 6 4 7 7
      1.55837761143901151403e-03 	 6 4 8 1
      5.11163974631351669849e-04 	 6 4 8 2
      7.32167754764477952782e-04 	 6 4 8 3
      1.27488729145899338038e-03 	 6 4 8 4
      2.61955449180636956719e-03 	 6 4 8 5
     -3.83204206237387301568e-04 	 6 4 8 6
      2.16897450145389571359e-04 	 6 4 8 7
     -5.45546801733659374178e-03 	 6 4 8 8
     -5.38385966070370047126e-03 	 6 5 1 1
     -3.17164950112771323702e-05 	 6 5 2 1
     -2.14501387244294631357e-03 	 6 5 2 2
     -4.63668907708450809234e-04 	 6 5 3 1
      1.01319381084342702987e-03 	 6 5 3 2
     -2.87986035582058234536e-03 	 6 5 3 3
      3.20464119924998276732e-04 	 6 5 4 1
      1.42722640045769985032e-04 	 6 5 4 2
      2.00385210737691349002e-05 	 6 5 4 3
     -2.25018155839305919116e-03 	 6 5 4 4
     -4.62444797487998631629e-05 	 6 5 5 1
      1.48279194513953587603e-03 	 6 5 5 2
     -1.44683550771238401012e-04 	 6 5 5 3
      1.29313666256323177815e-03 	 6 5 5 4
     -5.87093809987315924659e-03 	 6 5 5 5
      7.62147348289613532461e-04 	 6 5 6 1
      1.54395199589828658465e-03 	 6 5 6 2
      5.25126381394818613282e-04 	 6 5 6 3
      8.82419208261464560993e-04 	 6 5 6 4
      3.41735103777883334267e-03 	 6 5 6 5
      5.26483163199607250861e-05 	 6 5 6 6
     -1.21651734255366297420e-04 	 6 5 7 1
     -6.82383881569765377538e-04 	 6 5 7 2
      7.57508000924045289855e-04 	 6 5 7 3
     -2.09597423757966168714e-04 	 6 5 7 4
     -4.96003931092832135545e-04 	 6 5 7 5
     -4.39533097107448365512e-04 	 6 5 7 6
     -2.61753314800027914525e-03 	 6 5 7 7
     -5.59253693444389157058e-04 	 6 5 8 1
     -3.59097811684136903210e-04 	 6 5 8 2
     -2.55157613578485108902e-04 	 6 5 8 3
      1.02604368629953730287e-03 	 6 5 8 4
     -4.94151479063927923964e-04 	 6 5 8 5
      1.57898340695893980336e-03 	 6 5 8 6
      2.93714839666431098367e-04 	 6 5 8 7
     -4.95038167198329562280e-03 	 6 5 8 8
      1.80332589969704748523e-01 	 6 6 1 1
      2.71944628977576494458e-04 	 6 6 2 1
      1.83992011242532282900e-01 	 6 6 2 2
      1.91814699687526818428e-02 	 6 6 3 1
      7.60129072388045484016e-03 	 6 6 3 2
      1.61804750444944911436e-01 	 6 6 3 3
     -2.99031600485598087619e-03 	 6 6 4 1
      9.74956408974311794502e-04 	 6 6 4 2
     -9.96066461734257261110e-04 	 6 6 4 3
      2.52137085338775324139e-01 	 6 6 4 4
      5.92022559712227555012e-03 	 6 6 5 1
      1.64927986162322938457e-02 	 6 6 5 2
      2.92748972523343116772e-03 	 6 6 5 3
     -1.68382445800466739282e-03 	 6 6 5 4
      2.10058219331580475764e-01 	 6 6 5 5
      1.75581793885653484472e-03 	 6 6 6 1
     -4.81274889171060254057e-04 	 6 6 6 2
      1.53830872592989166894e-03 	 6 6 6 3
      1.54927150100803092021e-03 	 6 6 6 4
      5.26483163199518888384e-05 	 6 6 6 5
      3.71449258234423040914e-01 	 6 6 6 6
     -2.07901846542722992806e-02 	 6 6 7 1
     -5.88318058541950454632e-03 	 6 6 7 2
     -3.33098534946181393593e-03 	 6 6 7 3
      9.27311838617345595912e-04 	 6 6 7 4
     -5.24368044335408317602e-03 	 6 6 7 5
      1.46574380854334488994e-04 	 6 6 7 6
      1.46354314692526660258e-01 	 6 6 7 7
      8.88204732077920756927e-03 	 6 6 8 1
      4.16757389142985521652e-03 	 6 6 8 2
      4.95190546985795499585e-03 	 6 6 8 3
     -8.18699507408821719467e-03 	 6 6 8 4
      1.22310986607766132572e-02 	 6 6 8 5
      3.27280280825562779404e-03 	 6 6 8 6
     -1.42200609955275771197e-03 	 6 6 8 7
      1.97512868224026139075e-01 	 6 6 8 8
      3.79073090449693339554e-02 	 7 1 1 1
      9.32607569858022190370e-05 	 7 1 2 1
     -6.03362226502733925426e-03 	 7 1 2 2
     -1.10103820219760329541e-02 	 7 1 3 1
     -1.31024097767716151026e-03 	 7 1 3 2
      1.65699926056754424930e-02 	 7 1 3 3
      1.41628411178319692405e-03 	 7 1 4 1
     -1.00401161913145050078e-03 	 7 1 4 2
     -1.68089493410647906717e-04 	 7 1 4 3
     -2.16284295230801983101e-02 	 7 1 4 4
     -2.51936156461985945668e-03 	 7 1 5 1
     -2.54801036191565875855e-03 	 7 1 5 2
      6.09182941226587876433e-04 	 7 1 5 3
      5.62339655913939289594e-04 	 7 1 5 4
      1.55167723192059688053e-03 	 7 1 5 5
      1.40943675365068945811e-04 	 7 1 6 1
      2.03196574088385984759e-04 	 7 1 6 2
      4.95665557983728834179e-04 	 7 1 6 3
      6.87733994902780219893e-04 	 7 1 6 4
     -1.21651734255355889079e-04 	 7 1 6 5
     -2.07901846542722749944e-02 	 7 1 6 6
      1.72529729944948320708e-02 	 7 1 7 1
      2.20830621820083082552e-03 	 7 1 7 2
      2.75478396525875770390e-03 	 7 1 7 3
      7.79227728489703441771e-05 	 7 1 7 4
      1.46804336335331253767e-03 	 7 1 7 5
     -1.56507521018279800555e-03 	 7 1 7 6
      4.63065995323054049870e-02 	 7 1 7 7
     -2.02925877979782563407e-03 	 7 1 8 1
     -7.25572615740112066875e-04 	 7 1 8 2
     -2.67473044717918934880e-04 	 7 1 8 3
      1.37050610290767940769e-03 	 7 1 8 4
     -6.35379775668472313033e-04 	 7 1 8 5
     -1.01672988833669659080e-03 	 7 1 8 6
     -5.90662583879560034329e-05 	 7 1 8 7
     -2.03469252575972300856e-02 	 7 1 8 8
      6.28347733709877682984e-03 	 7 2 1 1
     -1.64334321878559100685e-03 	 7 2 2 1
      3.16485248825568383016e-03 	 7 2 2 2
     -2.34139201749913015722e-04 	 7 2 3 1
     -3.33822328661610929004e-03 	 7 2 3 2
     -1.47054872058840916185e-03 	 7 2 3 3
      4.95656748552113549620e-04 	 7 2 4 1
      1.72789778949199147005e-03 	 7 2 4 2
      5.33638732506552500648e-04 	 7 2 4 3
      5.93145054410873701946e-04 	 7 2 4 4
     -1.68396926243535426798e-03 	 7 2 5 1
     -5.75681635563809329659e-03 	 7 2 5 2
     -6.49456000005504681220e-04 	 7 2 5 3
     -1.91612112923567978837e-04 	 7 2 5 4
     -5.27808837364810790396e-04 	 7 2 5 5
      5.37273181515881322751e-04 	 7 2 6 1
      6.12404081729458365548e-04 	 7 2 6 2
      2.99404626201655872219e-04 	 7 2 6 3
     -3.12542727811784826208e-03 	 7 2 6 4
     -6.82383881569766895421e-04 	 7 2 6 5
     -5.88318058541950020951e-03 	 7 2 6 6
      2.20830621820083776441e-03 	 7 2 7 1
      4.58248987433665204427e-03 	 7 2 7 2
     -1.12566478366648886796e-03 	 7 2 7 3
     -5.60855454403197655616e-04 	 7 2 7 4
      3.12412081005967318115e-03 	 7 2 7 5
     -1.14468328656735889026e-03 	 7 2 7 6
      1.29605354978110549891e-02 	 7 2 7 7
     -1.35174962851160665456e-03 	 7 2 8 1
      4.84362066807516504583e-04 	 7 2 8 2
     -5.31463913735432617186e-04 	 7 2 8 3
     -5.16695411928122429884e-04 	 7 2 8 4
     -2.57608083996500609320e-03 	 7 2 8 5
      2.88320009843269378733e-04 	 7 2 8 6
      5.38073475684808813458e-05 	 7 2 8 7
      4.91190682403913440879e-03 	 7 2 8 8
      1.11776897154496957822e-03 	 7 3 1 1
      1.00287197253157590177e-03 	 7 3 2 1
     -1.20836034102605799009e-03 	 7 3 2 2
     -3.99074742583671333157e-03 	 7 3 3 1
      1.65439065524073769357e-03 	 7 3 3 2
      1.53004732550659286461e-02 	 7 3 3 3
     -1.80443478200637718494e-04 	 7 3 4 1
     -1.36551162285485994455e-03 	 7 3 4 2
     -4.21364111716819253212e-04 	 7 3 4 3
     -9.63818661718824319651e-03 	 7 3 4 4
      9.38175030934140417004e-04 	 7 3 5 1
      3.60634036625262673070e-03 	 7 3 5 2
      8.61968301348077416829e-04 	 7 3 5 3
      5.45289961413038390056e-04 	 7 3 5 4
     -5.08904326253594146284e-04 	 7 3 5 5
     -2.73186251322453811218e-04 	 7 3 6 1
     -1.17781274617354033275e-04 	 7 3 6 2
      2.46441265926866485969e-04 	 7 3 6 3
      3.71279288332778236240e-03 	 7 3 6 4
      7.57508000924038676221e-04 	 7 3 6 5
     -3.33098534946182477795e-03 	 7 3 6 6
      2.75478396525876117334e-03 	 7 3 7 1
     -1.12566478366648886796e-03 	 7 3 7 2
      4.39285610473157638045e-03 	 7 3 7 3
      2.73632034364473288035e-04 	 7 3 7 4
     -1.34343559451723885273e-03 	 7 3 7 5
     -3.22238726490007488970e-05 	 7 3 7 6
      1.33712582129953475030e-02 	 7 3 7 7
      5.32021172342274492259e-04 	 7 3 8 1
     -3.30916787247572416562e-04 	 7 3 8 2
      8.45205259741431836479e-05 	 7 3 8 3
      9.46556929487683417108e-04 	 7 3 8 4
      1.77536225650780474412e-03 	 7 3 8 5
     -2.96527089491332193454e-04 	 7 3 8 6
      1.99314290349417383777e-04 	 7 3 8 7
     -1.14970131542696616528e-02 	 7 3 8 8
      1.17641806804560998360e-03 	 7 4 1 1
      2.24956271442408893340e-04 	 7 4 2 1
      1.99305580362950937948e-03 	 7 4 2 2
     -3.52339691711713314144e-04 	 7 4 3 1
      3.70235596283411598582e-04 	 7 4 3 2
      1.50417697283404647353e-03 	 7 4 3 3
     -8.27015084490430557422e-04 	 7 4 4 1
     -4.01515381623033487841e-04 	 7 4 4 2
     -4.30751699672667998173e-04 	 7 4 4 3
     -1.64866115478199824936e-03 	 7 4 4 4
      2.51275052624831706817e-04 	 7 4 5 1
      6.35405956623952923243e-04 	 7 4 5 2
      3.24430165710196984075e-04 	 7 4 5 3
      5.36919046507393815833e-05 	 7 4 5 4
      1.85369585238357001584e-03 	 7 4 5 5
     -2.08875980311706426233e-04 	 7 4 6 1
     -3.60320607697764308357e-04 	 7 4 6 2
      2.46113645270120329125e-04 	 7 4 6 3
      7.85417541854960266079e-04 	 7 4 6 4
     -2.09597423757960801913e-04 	 7 4 6 5
      9.27311838617343319087e-04 	 7 4 6 6
      7.79227728489718349551e-05 	 7 4 7 1
     -5.60855454403198956659e-04 	 7 4 7 2
      2.73632034364474372237e-04 	 7 4 7 3
      1.02727352396372222446e-03 	 7 4 7 4
     -5.33406750150702563956e-04 	 7 4 7 5
      7.52159912384190191756e-04 	 7 4 7 6
     -7.54900647732496951278e-04 	 7 4 7 7
      3.06253344778192686769e-04 	 7 4 8 1
     -6.87180776250169062374e-07 	 7 4 8 2
      9.07148348133328136927e-05 	 7 4 8 3
      2.00661468794926687795e-04 	 7 4 8 4
      2.85755305267376756399e-04 	 7 4 8 5
     -3.05778609277374346736e-05 	 7 4 8 6
     -8.67033550924354087927e-05 	 7 4 8 7
     -1.05866582677690594595e-05 	 7 4 8 8
     -3.93100037094581706426e-04 	 7 5 1 1
     -1.34972675088452197245e-03 	 7 5 2 1
     -3.72406075153978088563e-03 	 7 5 2 2
      6.71444442948383366475e-04 	 7 5 3 1
     -2.14588319427198382164e-03 	 7 5 3 2
     -4.42266469708473691780e-03 	 7 5 3 3
      4.88812175691630333534e-04 	 7 5 4 1
      1.31273107812989201990e-03 	 7 5 4 2
      6.94446967748409442131e-04 	 7 5 4 3
      2.33085919327173781909e-03 	 7 5 4 4
     -1.83666514068577847729e-03 	 7 5 5 1
     -4.20788661732040061847e-03 	 7 5 5 2
     -1.74556122883554086858e-03 	 7 5 5 3
     -1.71175417808500551949e-04 	 7 5 5 4
     -6.65717952697519703420e-03 	 7 5 5 5
      4.98825714643536129687e-04 	 7 5 6 1
      2.58681974520664820141e-04 	 7 5 6 2
      4.60399415517269634032e-04 	 7 5 6 3
     -3.17817612395521024993e-03 	 7 5 6 4
     -4.96003931092820968263e-04 	 7 5 6 5
     -5.24368044335406669615e-03 	 7 5 6 6
      1.46804336335329844304e-03 	 7 5 7 1
      3.12412081005967318115e-03 	 7 5 7 2
     -1.34343559451723733485e-03 	 7 5 7 3
     -5.33406750150704949201e-04 	 7 5 7 4
      4.47619554380266140847e-03 	 7 5 7 5
     -8.17844993282319755387e-04 	 7 5 7 6
      1.06242873144958265702e-02 	 7 5 7 7
     -1.17370823016304756149e-03 	 7 5 8 1
     -2.17161197079220703388e-04 	 7 5 8 2
     -3.84989729194359269274e-04 	 7 5 8 3
     -4.83024886802092454606e-04 	 7 5 8 4
     -2.07218838852776289505e-03 	 7 5 8 5
      3.71954019741456648560e-04 	 7 5 8 6
      4.19047080356385907504e-04 	 7 5 8 7
      3.57431309723088693961e-03 	 7 5 8 8
     -2.68399339979472984288e-03 	 7 6 1 1
      4.25290831843440418451e-04 	 7 6 2 1
      1.08812021670493257360e-03 	 7 6 2 2
      6.88431962286370469593e-04 	 7 6 3 1
      7.34497668890265954962e-04 	 7 6 3 2
     -1.18273793943009898144e-04 	 7 6 3 3
     -4.39728817991071161027e-04 	 7 6 4 1
     -6.30898851556682769420e-04 	 7 6 4 2
      9.02526689976366417855e-05 	 7 6 4 3
     -9.23464079436001213617e-04 	 7 6 4 4
      4.93238924486702912803e-04 	 7 6 5 1
      8.23160995147495739080e-04 	 7 6 5 2
      4.39096638439484261533e-04 	 7 6 5 3
     -4.90178655279293359719e-04 	 7 6 5 4
      1.65715563732728859980e-03 	 7 6 5 5
     -1.48924135132447546005e-03 	 7 6 6 1
     -6.36030559283135856451e-04 	 7 6 6 2
     -2.58781536611708763880e-04 	 7 6 6 3
      1.03027195632222011955e-03 	 7 6 6 4
     -4.39533097107456822289e-04 	 7 6 6 5
      1.46574380854328417461e-04 	 7 6 6 6
     -1.56507521018279496978e-03 	 7 6 7 1
     -1.14468328656736062499e-03 	 7 6 7 2
     -3.22238726490022125699e-05 	 7 6 7 3
      7.52159912384191167538e-04 	 7 6 7 4
     -8.17844993282318454345e-04 	 7 6 7 5
      2.32032218411394727461e-03 	 7 6 7 6
     -1.03164493062316200284e-02 	 7 6 7 7
      7.08510537230121043885e-04 	 7 6 8 1
      2.67869379790152482276e-06 	 7 6 8 2
      4.45889351232720248640e-04 	 7 6 8 3
     -1.57836314116821466310e-05 	 7 6 8 4
      4.84779314762408752252e-04 	 7 6 8 5
     -4.66742796830102522464e-04 	 7 6 8 6
     -2.93510689731170100556e-05 	 7 6 8 7
      4.36925721396843149465e-04 	 7 6 8 8
      2.68662261691888670789e-01 	 7 7 1 1
     -3.21034502748763941708e-04 	 7 7 2 1
      1.79896027457988494369e-01 	 7 7 2 2
     -1.93875250355972743310e-02 	 7 7 3 1
     -3.84362933501710161630e-03 	 7 7 3 2
      2.02186306430991113992e-01 	 7 7 3 3
      2.97622287901210718156e-03 	 7 7 4 1
      6.58857938680998216335e-05 	 7 7 4 2
     -9.46200214902959482743e-04 	 7 7 4 3
      1.30875626045602933001e-01 	 7 7 4 4
     -4.27604029690809017694e-03 	 7 7 5 1
      4.24657665643677706760e-04 	 7 7 5 2
      2.90180156668102965170e-03 	 7 7 5 3
      3.15313132006517744875e-05 	 7 7 5 4
      1.99584500743066356465e-01 	 7 7 5 5
     -9.10489968672226418836e-04 	 7 7 6 1
     -9.41025134421973508299e-04 	 7 7 6 2
      5.91544665328039569359e-04 	 7 7 6 3
      7.40192479680923821200e-03 	 7 7 6 4
     -2.61753314800027003795e-03 	 7 7 6 5
      1.46354314692526604746e-01 	 7 7 6 6
      4.63065995323053980481e-02 	 7 7 7 1
      1.29605354978110307029e-02 	 7 7 7 2
      1.33712582129953301557e-02 	 7 7 7 3
     -7.54900647732498902842e-04 	 7 7 7 4
      1.06242873144958751425e-02 	 7 7 7 5
     -1.03164493062316148242e-02 	 7 7 7 6
      4.81988245202074228057e-01 	 7 7 7 7
     -3.09860928433850759886e-03 	 7 7 8 1
      2.59290265328378883788e-03 	 7 7 8 2
      7.88072906923081351917e-04 	 7 7 8 3
     -3.22679186499315881834e-03 	 7 7 8 4
     -6.66579540287785582593e-04 	 7 7 8 5
     -1.39379380215602990956e-03 	 7 7 8 6
      6.18192881842672173863e-04 	 7 7 8 7
      1.46384321636835762481e-01 	 7 7 8 8
     -7.45169998830249279143e-03 	 8 1 1 1
      7.72668074815457224178e-04 	 8 1 2 1
     -1.25268720246389866912e-04 	 8 1 2 2
      1.70693853719578575966e-03 	 8 1 3 1
      1.66875200618271722457e-03 	 8 1 3 2
      1.26273304074396271537e-03 	 8 1 3 3
     -1.11461900259880210273e-03 	 8 1 4 1
     -9.79042435158119887795e-04 	 8 1 4 2
     -5.23059434244631227783e-04 	 8 1 4 3
     -2.21489472255629281372e-03 	 8 1 4 4
      2.08960660981151674989e-03 	 8 1 5 1
      2.78126941627100188539e-03 	 8 1 5 2
      7.73232096288606210802e-04 	 8 1 5 3
     -5.91224430897737199264e-04 	 8 1 5 4
      4.81155455097947298837e-03 	 8 1 5 5
     -1.14979315546674134250e-03 	 8 1 6 1
     -4.50063335674208864646e-04 	 8 1 6 2
     -6.45686017604634571697e-04 	 8 1 6 3
      1.55837761143901671820e-03 	 8 1 6 4
     -5.59253693444408239016e-04 	 8 1 6 5
      8.88204732077917634425e-03 	 8 1 6 6
     -2.02925877979782693511e-03 	 8 1 7 1
     -1.35174962851159711358e-03 	 8 1 7 2
      5.32021172342271456493e-04 	 8 1 7 3
      3.06253344778191006256e-04 	 8 1 7 4
     -1.17370823016305471723e-03 	 8 1 7 5
      7.08510537230116381816e-04 	 8 1 7 6
     -3.09860928433848331273e-03 	 8 1 7 7
      5.12766005491377668130e-03 	 8 1 8 1
     -3.56070672013068508042e-04 	 8 1 8 2
      2.36187820643408248264e-03 	 8 1 8 3
     -1.80659728500355071723e-04 	 8 1 8 4
      3.40011460676520240604e-03 	 8 1 8 5
     -1.46594166427561119898e-03 	 8 1 8 6
     -1.58921667965692108709e-03 	 8 1 8 7
     -6.41989493666288331408e-03 	 8 1 8 8
      3.98229212537744032413e-03 	 8 2 1 1
      1.05214376362200044343e-05 	 8 2 2 1
      1.12554883340345926457e-02 	 8 2 2 2
      9.62948512135556331307e-04 	 8 2 3 1
     -8.63136865856621994346e-04 	 8 2 3 2
      2.31250973220924237531e-03 	 8 2 3 3
     -9.70772954133018587449e-05 	 8 2 4 1
      1.18195589752463376537e-03 	 8 2 4 2
     -1.01542122530553989129e-05 	 8 2 4 3
      2.99877878805027663078e-03 	 8 2 4 4
      4.33324968055347973638e-04 	 8 2 5 1
     -1.39756796997606968364e-03 	 8 2 5 2
      4.24268081852749348159e-04 	 8 2 5 3
     -4.40637379543104155868e-04 	 8 2 5 4
      8.27200662514889287213e-03 	 8 2 5 5
      5.33805308289674407485e-06 	 8 2 6 1
      1.40538850689987042213e-04 	 8 2 6 2
      5.81912387672797436493e-05 	 8 2 6 3
      5.11163974631363379232e-04 	 8 2 6 4
     -3.59097811684111153409e-04 	 8 2 6 5
      4.16757389142986822694e-03 	 8 2 6 6
     -7.25572615740131582514e-04 	 8 2 7 1
      4.84362066807520624551e-04 	 8 2 7 2
     -3.30916787247560327707e-04 	 8 2 7 3
     -6.87180776262533414064e-07 	 8 2 7 4
     -2.17161197079230298577e-04 	 8 2 7 5
      2.67869379792144703768e-06 	 8 2 7 6
      2.59290265328378710316e-03 	 8 2 7 7
     -3.56070672013060322315e-04 	 8 2 8 1
      4.50925671069872784774e-03 	 8 2 8 2
     -2.10506799739267573676e-04 	 8 2 8 3
      2.71592143416752836507e-04 	 8 2 8 4
     -1.23107509367658502983e-03 	 8 2 8 5
      8.41896022990251783084e-05 	 8 2 8 6
      7.88792171117808934124e-05 	 8 2 8 7
      1.19258325767016178098e-02 	 8 2 8 8
      7.44905707517197306078e-04 	 8 3 1 1
      3.53286698890543059137e-04 	 8 3 2 1
      8.38927575427648184250e-04 	 8 3 2 2
      9.90821840944987276487e-04 	 8 3 3 1
      1.20724536453073504408e-03 	 8 3 3 2
     -3.74076677002178848916e-03 	 8 3 3 3
     -4.31014427879201759454e-04 	 8 3 4 1
     -3.79438981730428350446e-04 	 8 3 4 2
     -3.23558944763724116306e-04 	 8 3 4 3
     -2.43755708929016524054e-04 	 8 3 4 4
      6.78872301482265436828e-04 	 8 3 5 1
      1.44144614586422465177e-03 	 8 3 5 2
      7.15699220176996405915e-04 	 8 3 5 3
     -2.65645182527444285395e-04 	 8 3 5 4
      4.43499214069352411943e-03 	 8 3 5 5
     -5.28053024078242662538e-04 	 8 3 6 1
     -1.76164493742518281577e-04 	 8 3 6 2
     -4.11647257519478951097e-04 	 8 3 6 3
      7.32167754764473832814e-04 	 8 3 6 4
     -2.55157613578483265758e-04 	 8 3 6 5
      4.95190546985794718959e-03 	 8 3 6 6
     -2.67473044717916658055e-04 	 8 3 7 1
     -5.31463913735431207723e-04 	 8 3 7 2
      8.45205259741416522123e-05 	 8 3 7 3
      9.07148348133319192260e-05 	 8 3 7 4
     -3.84989729194360787157e-04 	 8 3 7 5
      4.45889351232722417045e-04 	 8 3 7 6
      7.88072906923089917114e-04 	 8 3 7 7
      2.36187820643408638577e-03 	 8 3 8 1
     -2.10506799739283375923e-04 	 8 3 8 2
      1.77709965559489377687e-03 	 8 3 8 3
     -1.81170429968825384085e-04 	 8 3 8 4
      1.42151826126582958749e-03 	 8 3 8 5
     -6.37135308477519940289e-04 	 8 3 8 6
     -7.19057225552942260068e-04 	 8 3 8 7
     -2.45976379127188721566e-03 	 8 3 8 8
     -6.84789088491870746173e-03 	 8 4 1 1
      4.22568344429802181077e-04 	 8 4 2 1
     -4.64326095303412879345e-03 	 8 4 2 2
     -1.91523324560517261075e-03 	 8 4 3 1
      8.04038914226863892648e-04 	 8 4 3 2
     -2.40836814688347947838e-03 	 8 4 3 3
     -4.74913992017558252677e-04 	 8 4 4 1
     -1.54018155388024988346e-03 	 8 4 4 2
     -5.14496210670349791994e-04 	 8 4 4 3
     -1.87189132084285871083e-02 	 8 4 4 4
      2.46175410661649278661e-04 	 8 4 5 1
      2.66895945936306564286e-04 	 8 4 5 2
      1.22952275821560047617e-04 	 8 4 5 3
      4.19435363814723747525e-04 	 8 4 5 4
     -8.00525776817718852374e-03 	 8 4 5 5
      2.45388725166358360932e-04 	 8 4 6 1
      6.90879653815153096756e-04 	 8 4 6 2
      1.02186517137778495792e-04 	 8 4 6 3
      1.27488729145903197798e-03 	 8 4 6 4
      1.02604368629950455996e-03 	 8 4 6 5
     -8.18699507408835250311e-03 	 8 4 6 6
      1.37050610290769371916e-03 	 8 4 7 1
     -5.16695411928129585619e-04 	 8 4 7 2
      9.46556929487679297140e-04 	 8 4 7 3
      2.00661468794937231661e-04 	 8 4 7 4
     -4.83024886802083889409e-04 	 8 4 7 5
     -1.57836314116913860664e-05 	 8 4 7 6
     -3.22679186499314494055e-03 	 8 4 7 7
     -1.80659728500334390566e-04 	 8 4 8 1
      2.71592143416702854787e-04 	 8 4 8 2
     -1.81170429968847745755e-04 	 8 4 8 3
      6.47023159961821001801e-03 	 8 4 8 4
      2.35331151301909478240e-04 	 8 4 8 5
     -6.67886983751457704271e-04 	 8 4 8 6
      8.78621274079719426220e-05 	 8 4 8 7
     -1.85589632928143989654e-02 	 8 4 8 8
     -4.29646319987680644359e-03 	 8 5 1 1
      1.37153932289734640897e-03 	 8 5 2 1
     -1.01651637989736351453e-02 	 8 5 2 2
     -5.09410550654917500496e-05 	 8 5 3 1
      4.15825365383358947630e-03 	 8 5 3 2
      2.83322866341240457363e-03 	 8 5 3 3
     -8.70897196528989513825e-04 	 8 5 4 1
     -2.25255121609125447124e-03 	 8 5 4 2
     -6.37714715100373718583e-04 	 8 5 4 3
     -2.04676463715053325032e-03 	 8 5 4 4
      3.24600801531941098380e-03 	 8 5 5 1
      7.12219008985321734573e-03 	 8 5 5 2
      1.64372155770537830416e-03 	 8 5 5 3
     -6.19983243657567162019e-04 	 8 5 5 4
     -9.42129600477044880369e-03 	 8 5 5 5
     -1.03258333959001919432e-03 	 8 5 6 1
     -5.05450361988266354957e-04 	 8 5 6 2
     -6.46221294588468302654e-04 	 8 5 6 3
      2.61955449180636436302e-03 	 8 5 6 4
     -4.94151479063973135195e-04 	 8 5 6 5
      1.22310986607765924405e-02 	 8 5 6 6
     -6.35379775668471337251e-04 	 8 5 7 1
     -2.57608083996499525117e-03 	 8 5 7 2
      1.77536225650779303474e-03 	 8 5 7 3
      2.85755305267380009006e-04 	 8 5 7 4
     -2.07218838852777113499e-03 	 8 5 7 5
      4.84779314762394494993e-04 	 8 5 7 6
     -6.66579540287756851236e-04 	 8 5 7 7
      3.40011460676519199769e-03 	 8 5 8 1
     -1.23107509367657136888e-03 	 8 5 8 2
      1.42151826126582503385e-03 	 8 5 8 3
      2.35331151301870636697e-04 	 8 5 8 4
      8.95180058467646110054e-03 	 8 5 8 5
     -1.82027661554563140525e-03 	 8 5 8 6
     -4.79210453753310466288e-04 	 8 5 8 7
     -1.75269620057885086584e-02 	 8 5 8 8
     -2.72027768529129474265e-03 	 8 6 1 1
     -4.80924461475134451018e-04 	 8 6 2 1
      1.39577173347079936533e-03 	 8 6 2 2
      7.49890541824925547891e-04 	 8 6 3 1
     -2.57588141665401090634e-04 	 8 6 3 2
     -4.29596490077131364788e-03 	 8 6 3 3
      5.54400876617263511058e-04 	 8 6 4 1
      8.51942717818009957048e-04 	 8 6 4 2
      2.60881871178669159754e-04 	 8 6 4 3
      7.60689523765736147487e-03 	 8 6 4 4
     -7.03784729018004976374e-04 	 8 6 5 1
     -9.69138591232377051825e-05 	 8 6 5 2
     -5.16457275694400257289e-04 	 8 6 5 3
      6.44637151838613610237e-04 	 8 6 5 4
     -4.15204847256720778470e-03 	 8 6 5 5
      1.24374879424876032610e-03 	 8 6 6 1
      3.48979967340110595365e-04 	 8 6 6 2
      7.62391980687914731611e-04 	 8 6 6 3
     -3.83204206237453437901e-04 	 8 6 6 4
      1.57898340695894435701e-03 	 8 6 6 5
      3.27280280825573491321e-03 	 8 6 6 6
     -1.01672988833670569810e-03 	 8 6 7 1
      2.88320009843267644010e-04 	 8 6 7 2
     -2.96527089491328236116e-04 	 8 6 7 3
     -3.05778609277397047219e-05 	 8 6 7 4
      3.71954019741456160669e-04 	 8 6 7 5
     -4.66742796830097751975e-04 	 8 6 7 6
     -1.39379380215602969272e-03 	 8 6 7 7
     -1.46594166427563375038e-03 	 8 6 8 1
      8.41896022990796459150e-05 	 8 6 8 2
     -6.37135308477506279341e-04 	 8 6 8 3
     -6.67886983751484375645e-04 	 8 6 8 4
     -1.82027661554567195441e-03 	 8 6 8 5
      3.03137391753008182682e-03 	 8 6 8 6
      4.05683335049704016893e-04 	 8 6 8 7
      7.97455465155991888304e-03 	 8 6 8 8
     -2.46068628814212313205e-03 	 8 7 1 1
     -7.72133915307681280510e-05 	 8 7 2 1
      2.69294959921705817120e-04 	 8 7 2 2
      1.58214431235985126395e-04 	 8 7 3 1
      1.89971285863279514211e-04 	 8 7 3 2
     -2.08066005501234170538e-03 	 8 7 3 3
      1.76027843326547877309e-04 	 8 7 4 1
      3.80342246643976223622e-05 	 8 7 4 2
     -3.93821207064415089211e-05 	 8 7 4 3
      8.57034881192254480685e-04 	 8 7 4 4
     -2.57146266977464150929e-04 	 8 7 5 1
     -6.55088695319395173441e-05 	 8 7 5 2
      3.89079525852820359865e-05 	 8 7 5 3
      2.07696063152290090470e-04 	 8 7 5 4
     -2.47858827328814503715e-03 	 8 7 5 5
      1.98793150126780560289e-04 	 8 7 6 1
      4.65333081976120266831e-05 	 8 7 6 2
      1.81961445727688497440e-04 	 8 7 6 3
      2.16897450145382063259e-04 	 8 7 6 4
      2.93714839666426327878e-04 	 8 7 6 5
     -1.42200609955274361734e-03 	 8 7 6 6
     -5.90662583879630846283e-05 	 8 7 7 1
      5.38073475684811456201e-05 	 8 7 7 2
      1.99314290349420419543e-04 	 8 7 7 3
     -8.67033550924354765553e-05 	 8 7 7 4
      4.19047080356383251209e-04 	 8 7 7 5
     -2.93510689731180637646e-05 	 8 7 7 6
      6.18192881842661982363e-04 	 8 7 7 7
     -1.58921667965691935237e-03 	 8 7 8 1
      7.88792171117876696760e-05 	 8 7 8 2
     -7.19057225552942476908e-04 	 8 7 8 3
      8.78621274079571161573e-05 	 8 7 8 4
     -4.79210453753311008390e-04 	 8 7 8 5
      4.05683335049711714729e-04 	 8 7 8 6
      1.21862766831352660295e-03 	 8 7 8 7
      8.68665174682399857109e-04 	 8 7 8 8
      1.88211052895023239762e-01 	 8 8 1 1
     -3.98858259587444013289e-03 	 8 8 2 1
      2.29368235783318719090e-01 	 8 8 2 2
      2.29041833098761853094e-02 	 8 8 3 1
     -9.46042243535657328968e-03 	 8 8 3 2
      1.48248474079746977994e-01 	 8 8 3 3
     -9.53054681046614746457e-05 	 8 8 4 1
      1.28556432669705567040e-02 	 8 8 4 2
      9.81058293582889916554e-04 	 8 8 4 3
      2.47655267776332232987e-01 	 8 8 4 4
     -4.21144060683816684465e-03 	 8 8 5 1
     -1.14197821989292618017e-02 	 8 8 5 2
     -2.00191307813182232250e-03 	 8 8 5 3
     -2.95747842779939089375e-03 	 8 8 5 4
      2.09122926804337611051e-01 	 8 8 5 5
     -1.49480663493660687145e-04 	 8 8 6 1
     -1.64603785277967840442e-03 	 8 8 6 2
     -5.42713782893301192184e-04 	 8 8 6 3
     -5.45546801733661022166e-03 	 8 8 6 4
     -4.95038167198336587910e-03 	 8 8 6 5
      1.97512868224026333364e-01 	 8 8 6 6
     -2.03469252575972057995e-02 	 8 8 7 1
      4.91190682403911272474e-03 	 8 8 7 2
     -1.14970131542696633875e-02 	 8 8 7 3
     -1.05866582677518291153e-05 	 8 8 7 4
      3.57431309723090558789e-03 	 8 8 7 5
      4.36925721396823850667e-04 	 8 8 7 6
      1.46384321636835762481e-01 	 8 8 7 7
     -6.41989493666287290574e-03 	 8 8 8 1
      1.19258325767015900543e-02 	 8 8 8 2
     -2.45976379127192104276e-03 	 8 8 8 3
     -1.85589632928145446822e-02 	 8 8 8 4
     -1.75269620057884635556e-02 	 8 8 8 5
      7.97455465156005245675e-03 	 8 8 8 6
      8.68665174682430323190e-04 	 8 8 8 7
      3.79581460987706620358e-01 	 8 8 8 8
 # Printing T + V integrals in spatial MO basis
     -2.27636252805782568487e+00 	 1 1 0 0
     -2.31355508516804982133e-02 	 1 2 0 0
     -1.71212944650971199412e-01 	 1 3 0 0
     -6.48079409626250730475e-03 	 1 4 0 0
      1.76814305169513852345e-01 	 1 5 0 0
     -1.24225185438372239671e-02 	 1 6 0 0
      1.87458383927374461209e-01 	 1 7 0 0
      5.56877480298868625386e-03 	 1 8 0 0
     -2.31355508516766852911e-02 	 2 1 0 0
     -1.88118954180411890320e+00 	 2 2 0 0
      2.17977829154423659308e-02 	 2 3 0 0
     -3.78547646762905365403e-02 	 2 4 0 0
     -1.65390959940103110526e-01 	 2 5 0 0
      2.17894356436852433545e-02 	 2 6 0 0
     -2.66527880307446951580e-02 	 2 7 0 0
     -1.80502244878055911892e-01 	 2 8 0 0
     -1.71212944650967507920e-01 	 3 1 0 0
      2.17977829154819210955e-02 	 3 2 0 0
     -2.15038925068938890917e+00 	 3 3 0 0
      5.24577287136687199498e-03 	 3 4 0 0
     -9.70662230894919677432e-04 	 3 5 0 0
     -2.14770503342431688665e-02 	 3 6 0 0
     -5.39063320370630483236e-02 	 3 7 0 0
      1.93913287078204595731e-03 	 3 8 0 0
     -6.48079409626236158798e-03 	 4 1 0 0
     -3.78547646762894263173e-02 	 4 2 0 0
      5.24577287136154205710e-03 	 4 3 0 0
     -1.62919451637650092302e+00 	 4 4 0 0
      2.04263880187936048768e-03 	 4 5 0 0
     -1.93292059121548565059e-01 	 4 6 0 0
     -3.79911454444518351808e-03 	 4 7 0 0
      2.02369879610995812014e-01 	 4 8 0 0
      1.76814305169561314379e-01 	 5 1 0 0
     -1.65390959940074244727e-01 	 5 2 0 0
     -9.70662230881169825480e-04 	 5 3 0 0
      2.04263880187174722003e-03 	 5 4 0 0
     -2.00507087440569398140e+00 	 5 5 0 0
      9.33749313436016588341e-03 	 5 6 0 0
     -3.00001006412478924898e-03 	 5 7 0 0
      5.29578403287260246479e-02 	 5 8 0 0
     -1.24225185438524895337e-02 	 6 1 0 0
      2.17894356436831859725e-02 	 6 2 0 0
     -2.14770503342421835435e-02 	 6 3 0 0
     -1.93292059121552201040e-01 	 6 4 0 0
      9.33749313438056796621e-03 	 6 5 0 0
     -1.67747615548327555501e+00 	 6 6 0 0
      2.02966045263921687769e-02 	 6 7 0 0
     -2.01819481602743787396e-02 	 6 8 0 0
      1.87458383927379068634e-01 	 7 1 0 0
     -2.66527880307457325226e-02 	 7 2 0 0
     -5.39063320370510856705e-02 	 7 3 0 0
     -3.79911454444561719895e-03 	 7 4 0 0
     -3.00001006409628340546e-03 	 7 5 0 0
      2.02966045263882136074e-02 	 7 6 0 0
     -2.13172972375524460986e+00 	 7 7 0 0
      4.21533010180908870868e-03 	 7 8 0 0
      5.56877480301395163392e-03 	 8 1 0 0
     -1.80502244878070733369e-01 	 8 2 0 0
      1.93913287078898485122e-03 	 8 3 0 0
      2.02369879611018543830e-01 	 8 4 0 0
      5.29578403286972698716e-02 	 8 5 0 0
     -2.01819481602615972970e-02 	 8 6 0 0
      4.21533010180412046064e-03 	 8 7 0 0
     -1.77410897004271306265e+00 	 8 8 0 0
 # Printing -1/2 \lambda \lambda q integrals in spatial MO basis
      6.33470390772270242064e-02 	 1 1 0 0
     -1.76624519502906955452e-03 	 1 2 0 0
     -8.77326743432955968860e-03 	 1 3 0 0
      1.33435724712605333596e-03 	 1 4 0 0
      1.85325487917985536231e-03 	 1 5 0 0
      2.69071885261725667407e-03 	 1 6 0 0
      1.64743056467828233314e-02 	 1 7 0 0
     -1.55882191850281325192e-03 	 1 8 0 0
     -1.76624519502902900536e-03 	 2 1 0 0
      2.97291933006186177846e-02 	 2 2 0 0
     -1.69443289967375709890e-04 	 2 3 0 0
     -1.46798257942480810112e-03 	 2 4 0 0
      1.11253759257641006430e-03 	 2 5 0 0
      6.56570155094145951370e-04 	 2 6 0 0
      2.78337951236100463945e-03 	 2 7 0 0
     -2.24257772779792950019e-03 	 2 8 0 0
     -8.77326743432949550383e-03 	 3 1 0 0
     -1.69443289967441873328e-04 	 3 2 0 0
      5.85069668973672851742e-02 	 3 3 0 0
      2.44104573779253819499e-03 	 3 4 0 0
     -2.83943023343627290803e-03 	 3 5 0 0
      6.00441982712083752172e-04 	 3 6 0 0
      1.26543357994911092289e-03 	 3 7 0 0
     -6.06061264293132704456e-04 	 3 8 0 0
      1.33435724712602796563e-03 	 4 1 0 0
     -1.46798257942480961900e-03 	 4 2 0 0
      2.44104573779253342450e-03 	 4 3 0 0
      4.12943181141250947874e-02 	 4 4 0 0
     -7.96193739821858341953e-04 	 4 5 0 0
     -4.69803855152738092382e-03 	 4 6 0 0
     -1.94432757542905079728e-03 	 4 7 0 0
      5.36533610188056481194e-03 	 4 8 0 0
      1.85325487917976559037e-03 	 5 1 0 0
      1.11253759257644150617e-03 	 5 2 0 0
     -2.83943023343624948926e-03 	 5 3 0 0
     -7.96193739821818009632e-04 	 5 4 0 0
      2.81792474207196406988e-02 	 5 5 0 0
      1.08873033057496799991e-03 	 5 6 0 0
      5.04006275753806232826e-03 	 5 7 0 0
      3.31788235744269075986e-03 	 5 8 0 0
      2.69071885261726361296e-03 	 6 1 0 0
      6.56570155094140747200e-04 	 6 2 0 0
      6.00441982712088088980e-04 	 6 3 0 0
     -4.69803855152754485519e-03 	 6 4 0 0
      1.08873033057495672421e-03 	 6 5 0 0
      3.91772807166720429817e-02 	 6 6 0 0
     -3.95585492637133377680e-03 	 6 7 0 0
     -3.78922740286486586271e-04 	 6 8 0 0
      1.64743056467829551703e-02 	 7 1 0 0
      2.78337951236097601651e-03 	 7 2 0 0
      1.26543357994913282377e-03 	 7 3 0 0
     -1.94432757542904125631e-03 	 7 4 0 0
      5.04006275753804758311e-03 	 7 5 0 0
     -3.95585492637129127608e-03 	 7 6 0 0
      1.37740157441042537778e-01 	 7 7 0 0
     -4.43578301008584784722e-04 	 7 8 0 0
     -1.55882191850281043299e-03 	 8 1 0 0
     -2.24257772779794901583e-03 	 8 2 0 0
     -6.06061264293146799084e-04 	 8 3 0 0
      5.36533610188053358692e-03 	 8 4 0 0
      3.31788235744273152586e-03 	 8 5 0 0
     -3.78922740286490706239e-04 	 8 6 0 0
     -4.43578301008588254169e-04 	 8 7 0 0
      9.89584622139014734310e-03 	 8 8 0 0
 # Printing \lambda mu integrals in spatial MO basis
     -2.24235692744761766493e-01 	 1 1 0 0
      4.59040914293070301949e-03 	 1 2 0 0
      7.09634275273136744255e-02 	 1 3 0 0
     -5.64949771250299308950e-03 	 1 4 0 0
      2.55873125053693722952e-02 	 1 5 0 0
      4.68504725335041217332e-03 	 1 6 0 0
     -9.75640401845420113247e-02 	 1 7 0 0
      1.63834413397697109538e-02 	 1 8 0 0
      4.59040914293065444723e-03 	 2 1 0 0
     -7.04293787888674999165e-02 	 2 2 0 0
      5.21192867628378839195e-02 	 2 3 0 0
     -1.07432282682276905583e-02 	 2 4 0 0
      6.56131096047463391319e-02 	 2 5 0 0
     -3.59093114217024856130e-03 	 2 6 0 0
     -4.40741732192329246920e-02 	 2 7 0 0
     -6.21354624000645429371e-03 	 2 8 0 0
      7.09634275273136744255e-02 	 3 1 0 0
      5.21192867628378631029e-02 	 3 2 0 0
     -2.33991402384895214039e-01 	 3 3 0 0
      2.43634059405291791486e-03 	 3 4 0 0
     -5.25351610307318514503e-03 	 3 5 0 0
     -9.19622386273426760395e-03 	 3 6 0 0
     -2.05257190565201752541e-02 	 3 7 0 0
      7.65280886270043418651e-03 	 3 8 0 0
     -5.64949771250298615061e-03 	 4 1 0 0
     -1.07432282682276853542e-02 	 4 2 0 0
      2.43634059405291531278e-03 	 4 3 0 0
      2.52007755376480901965e-01 	 4 4 0 0
     -2.09018671273234315014e-03 	 4 5 0 0
     -1.20222175353485345728e-02 	 4 6 0 0
     -1.32932154966793774666e-03 	 4 7 0 0
      7.34454400794562912297e-03 	 4 8 0 0
      2.55873125053693722952e-02 	 5 1 0 0
      6.56131096047463946430e-02 	 5 2 0 0
     -5.25351610307316519571e-03 	 5 3 0 0
     -2.09018671273235269112e-03 	 5 4 0 0
     -5.10025714599491863943e-02 	 5 5 0 0
      1.35885260399964645506e-02 	 5 6 0 0
     -1.89493229980916937094e-02 	 5 7 0 0
      3.28400342273774126234e-02 	 5 8 0 0
      4.68504725335039482609e-03 	 6 1 0 0
     -3.59093114217023945400e-03 	 6 2 0 0
     -9.19622386273427107339e-03 	 6 3 0 0
     -1.20222175353484790616e-02 	 6 4 0 0
      1.35885260399964315908e-02 	 6 5 0 0
      2.47390927713319386250e-01 	 6 6 0 0
      1.66896865045676676131e-02 	 6 7 0 0
      8.38365811264069060726e-03 	 6 8 0 0
     -9.75640401845419141802e-02 	 7 1 0 0
     -4.40741732192328969364e-02 	 7 2 0 0
     -2.05257190565202134180e-02 	 7 3 0 0
     -1.32932154966793818034e-03 	 7 4 0 0
     -1.89493229980916833011e-02 	 7 5 0 0
      1.66896865045676537354e-02 	 7 6 0 0
     -3.85659398830327737606e-01 	 7 7 0 0
      2.48537809951389788293e-03 	 7 8 0 0
      1.63834413397697040149e-02 	 8 1 0 0
     -6.21354624000639878256e-03 	 8 2 0 0
      7.65280886270044546221e-03 	 8 3 0 0
      7.34454400794562218407e-03 	 8 4 0 0
      3.28400342273773918067e-02 	 8 5 0 0
      8.38365811264072877118e-03 	 8 6 0 0
      2.48537809951389354612e-03 	 8 7 0 0
      4.64647435820076254442e-02 	 8 8 0 0
 # Printing nuclear repulsion energy
     -2.99473289939409642102e+03 	 0 0 0 0
 # Printing photon energy
      6.61500000000000004663e-02 	 0 0 0 0
 # Printing lambda vector
  7.8781200000e-02, 5.5163200000e-02, 2.7395900000e-02 	 0 0 0 0
 # Printing RHF Electronic Dipole Moment
  2.5884148717e+00, -1.2892015490e+01, -1.2655558816e+01 	 0 0 0 0
 # Printing Nuclear Dipole Moment
  -6.7413027732e+00, 1.3686292253e+01, 1.3705990732e+01 	 0 0 0 0
