 # Printing electron repulsion integrals in spatial MO basis
      5.47090219491104701177e-01 	 1 1 1 1
     -4.82177903612485830864e-02 	 1 1 2 1
      2.70565017871683299866e-01 	 1 1 2 2
     -2.34910534244967654505e-02 	 1 1 3 1
     -6.92944723381684266061e-03 	 1 1 3 2
      3.07295264102349585666e-01 	 1 1 3 3
     -5.28012671446194317010e-03 	 1 1 4 1
      5.06400099487441224234e-05 	 1 1 4 2
      5.59784265716695757925e-03 	 1 1 4 3
      1.88651272925016100235e-01 	 1 1 4 4
      5.44093055601886730482e-03 	 1 1 5 1
     -3.93557410629544537906e-03 	 1 1 5 2
      1.15372644612076382525e-02 	 1 1 5 3
      1.31532490154967441828e-03 	 1 1 5 4
      1.50899238564053128631e-01 	 1 1 5 5
      2.34907426181871943627e-02 	 1 1 6 1
      6.93221994540306821198e-03 	 1 1 6 2
      1.53117782027556454533e-02 	 1 1 6 3
     -1.22242180334867119040e-02 	 1 1 6 4
     -4.40687046553876748956e-03 	 1 1 6 5
      3.07292272160429036365e-01 	 1 1 6 6
      5.42747233857797124063e-03 	 1 1 7 1
     -3.92766453481208782650e-03 	 1 1 7 2
      4.39819092470008620593e-03 	 1 1 7 3
     -6.64998439733664476609e-03 	 1 1 7 4
     -9.72030384345570481856e-05 	 1 1 7 5
     -1.15304778091537447893e-02 	 1 1 7 6
      1.50907467316252874578e-01 	 1 1 7 7
      5.32054217514408168271e-03 	 1 1 8 1
     -3.02484055573052364565e-05 	 1 1 8 2
     -1.22229594439236585041e-02 	 1 1 8 3
      5.58755202703704358103e-03 	 1 1 8 4
      6.65618825118612610081e-03 	 1 1 8 5
      5.58933194445081823337e-03 	 1 1 8 6
     -1.33014836128807190617e-03 	 1 1 8 7
      1.88637226439013538926e-01 	 1 1 8 8
     -4.82177903612485761475e-02 	 2 1 1 1
      1.91961361198682983753e-02 	 2 1 2 1
     -2.47012731840822175045e-02 	 2 1 2 2
      5.01220829702215923962e-03 	 2 1 3 1
      3.39167067123327019632e-03 	 2 1 3 2
     -2.49968506848394014797e-02 	 2 1 3 3
      2.14367169096463900876e-03 	 2 1 4 1
      3.88389593824076985451e-03 	 2 1 4 2
     -1.14398918159564779405e-03 	 2 1 4 3
     -2.79332802311286088753e-03 	 2 1 4 4
     -4.68324410450115299204e-04 	 2 1 5 1
      3.08492033917151867173e-03 	 2 1 5 2
     -3.61233738933128701448e-03 	 2 1 5 3
      5.55788085295622546686e-04 	 2 1 5 4
      2.03556172178295351205e-02 	 2 1 5 5
     -5.01180304851394763793e-03 	 2 1 6 1
     -3.39178848106686664510e-03 	 2 1 6 2
     -3.78733123349005986955e-03 	 2 1 6 3
      3.46800499485851480494e-03 	 2 1 6 4
      1.46560225312947559062e-03 	 2 1 6 5
     -2.49964743323664792540e-02 	 2 1 6 6
     -4.61135523106159512900e-04 	 2 1 7 1
      3.08761729049566091207e-03 	 2 1 7 2
     -1.46183688225365055607e-03 	 2 1 7 3
      3.82502071026435833470e-03 	 2 1 7 4
      1.80387378787621901859e-03 	 2 1 7 5
      3.60950197864479561255e-03 	 2 1 7 6
      2.03551463093162403328e-02 	 2 1 7 7
     -2.15663781350355129168e-03 	 2 1 8 1
     -3.89829194902043983315e-03 	 2 1 8 2
      3.46646970720338896618e-03 	 2 1 8 3
     -2.37862751705970225727e-03 	 2 1 8 4
     -3.82588985329989413747e-03 	 2 1 8 5
     -1.14029191625975023783e-03 	 2 1 8 6
     -5.52874225193062838676e-04 	 2 1 8 7
     -2.78784224373514492520e-03 	 2 1 8 8
      2.70565017871683299866e-01 	 2 2 1 1
     -2.47012731840823909768e-02 	 2 2 2 1
      4.36948904340143218228e-01 	 2 2 2 2
     -2.02703715868012218984e-03 	 2 2 3 1
     -8.51880883534445777772e-03 	 2 2 3 2
      1.92331991240036470625e-01 	 2 2 3 3
      6.58250808044825302945e-03 	 2 2 4 1
      3.73365160083348988918e-03 	 2 2 4 2
      3.35471358276538981699e-03 	 2 2 4 3
      2.61638094334318449530e-01 	 2 2 4 4
      3.68251561068905523474e-03 	 2 2 5 1
     -7.08600475599076469468e-03 	 2 2 5 2
      5.94418178797280830072e-03 	 2 2 5 3
      1.09185439214467975080e-03 	 2 2 5 4
      1.98959077701851227982e-01 	 2 2 5 5
      2.02773990367494322609e-03 	 2 2 6 1
      8.51997595272570122649e-03 	 2 2 6 2
      3.35375597862379174266e-03 	 2 2 6 3
     -7.67400237085580534668e-03 	 2 2 6 4
     -1.82874356471814385368e-03 	 2 2 6 5
      1.92326361277075169598e-01 	 2 2 6 6
      3.68272498657699160970e-03 	 2 2 7 1
     -7.07600911542507256952e-03 	 2 2 7 2
      1.82150287600628445553e-03 	 2 2 7 3
     -1.00106237278450010270e-02 	 2 2 7 4
     -1.60906945763345942020e-03 	 2 2 7 5
     -5.93604488929027913208e-03 	 2 2 7 6
      1.98970012537728530022e-01 	 2 2 7 7
     -6.56817959728062117364e-03 	 2 2 8 1
     -3.67950360956746744950e-03 	 2 2 8 2
     -7.67420534592552511938e-03 	 2 2 8 3
      1.14034908907005138462e-02 	 2 2 8 4
      1.00203944221071740428e-02 	 2 2 8 5
      3.35035140623834992724e-03 	 2 2 8 6
     -1.11890972376161353802e-03 	 2 2 8 7
      2.61615469529809185900e-01 	 2 2 8 8
     -2.34910534244966925921e-02 	 3 1 1 1
      5.01220829702214362711e-03 	 3 1 2 1
     -2.02703715868009313322e-03 	 3 1 2 2
      7.72329862494919913013e-03 	 3 1 3 1
      9.87735674979339350193e-04 	 3 1 3 2
     -3.72799569293938010128e-02 	 3 1 3 3
      1.17355620381306134138e-03 	 3 1 4 1
      5.78844429978558417185e-04 	 3 1 4 2
     -1.20796963928585963585e-03 	 3 1 4 3
     -1.09567561548910320790e-03 	 3 1 4 4
     -2.78102949871749684490e-04 	 3 1 5 1
      4.87407826557496306683e-04 	 3 1 5 2
     -3.47065427389197864172e-03 	 3 1 5 3
      3.12159346911553090692e-04 	 3 1 5 4
      9.92360891497834178565e-03 	 3 1 5 5
     -1.08638292462766446710e-03 	 3 1 6 1
     -1.09698052326280179845e-03 	 3 1 6 2
     -2.76537932374009169309e-03 	 3 1 6 3
      1.74985199297184338893e-03 	 3 1 6 4
      7.91273105800432432176e-04 	 3 1 6 5
     -7.56009245838247783550e-03 	 3 1 6 6
     -5.84696115647892521519e-04 	 3 1 7 1
      9.62697911865960549715e-04 	 3 1 7 2
     -1.66376706116807930591e-03 	 3 1 7 3
      2.50628163829381359756e-03 	 3 1 7 4
      7.42368759265652281010e-04 	 3 1 7 5
      1.99759250538977329095e-03 	 3 1 7 6
      8.13701406066578113163e-03 	 3 1 7 7
     -7.64315848225186273215e-04 	 3 1 8 1
     -1.12458632498026720771e-03 	 3 1 8 2
      3.30285689212119013686e-03 	 3 1 8 3
     -7.14290015620013115857e-04 	 3 1 8 4
     -1.76833276548756901207e-03 	 3 1 8 5
     -6.22743946452225115469e-04 	 3 1 8 6
     -2.62707430160004015707e-04 	 3 1 8 7
      3.43480225267790923241e-03 	 3 1 8 8
     -6.92944723381683485436e-03 	 3 2 1 1
      3.39167067123325935429e-03 	 3 2 2 1
     -8.51880883534443696103e-03 	 3 2 2 2
      9.87735674979337181789e-04 	 3 2 3 1
      9.91567567976285851178e-04 	 3 2 3 2
     -8.18333786826747414112e-03 	 3 2 3 3
      3.05915393976597088221e-04 	 3 2 4 1
      8.04000092826664242672e-04 	 3 2 4 2
     -2.22906287606458624250e-04 	 3 2 4 3
     -1.52856179698266552228e-03 	 3 2 4 4
     -2.18191977730276880044e-04 	 3 2 5 1
      5.74048719513112573089e-04 	 3 2 5 2
     -9.41157609753807099240e-04 	 3 2 5 3
      6.04515018260731083971e-05 	 3 2 5 4
      2.50460829806119873384e-03 	 3 2 5 5
     -1.09676650532305889132e-03 	 3 2 6 1
     -7.64391365832745180685e-04 	 3 2 6 2
     -7.98607690056721730883e-04 	 3 2 6 3
      7.35227842990819157980e-04 	 3 2 6 4
      3.22447511371798107953e-04 	 3 2 6 5
     -5.15156184232965289049e-03 	 3 2 6 6
     -5.25852181936112760777e-05 	 3 2 7 1
      6.25280397787600470023e-04 	 3 2 7 2
     -4.25908527422005662045e-04 	 3 2 7 3
      7.54293245211814134162e-04 	 3 2 7 4
      3.11740057421468154310e-04 	 3 2 7 5
      7.46503112576136487397e-04 	 3 2 7 6
      3.16091677003119565087e-03 	 3 2 7 7
     -2.27180335913207653549e-04 	 3 2 8 1
     -5.18140368995456202308e-04 	 3 2 8 2
      9.90396034220208856119e-04 	 3 2 8 3
     -5.82549556751034620407e-04 	 3 2 8 4
     -7.96021941196406023628e-04 	 3 2 8 5
     -2.79232251526688338237e-04 	 3 2 8 6
     -1.40798520089461653287e-04 	 3 2 8 7
     -2.74249101537991837180e-03 	 3 2 8 8
      3.07295264102349530155e-01 	 3 3 1 1
     -2.49968506848394014797e-02 	 3 3 2 1
      1.92331991240036581647e-01 	 3 3 2 2
     -3.72799569293937246850e-02 	 3 3 3 1
     -8.18333786826746546750e-03 	 3 3 3 2
      6.55669907704366727863e-01 	 3 3 3 3
     -4.55405324236661177006e-03 	 3 3 4 1
      6.63481835772294957845e-04 	 3 3 4 2
      8.04053600313668452582e-03 	 3 3 4 3
      1.73245743658278689159e-01 	 3 3 4 4
      5.91634012414545581819e-04 	 3 3 5 1
     -2.37423918330669815602e-03 	 3 3 5 2
      2.95615168158281614585e-02 	 3 3 5 3
      3.88926315864974851168e-04 	 3 3 5 4
      1.19238191714705996094e-01 	 3 3 5 5
      7.56189551913375584968e-03 	 3 3 6 1
      5.15205656460629175114e-03 	 3 3 6 2
      2.04625341760700171778e-02 	 3 3 6 3
     -7.26714461744732819620e-03 	 3 3 6 4
     -1.34758555172951699323e-03 	 3 3 6 5
      2.04507809141576957224e-01 	 3 3 6 6
      2.80883691794191984320e-03 	 3 3 7 1
     -3.94326450735296620692e-03 	 3 3 7 2
      1.65072620950337013712e-02 	 3 3 7 3
     -7.66374654898474907960e-03 	 3 3 7 4
      2.17545070750350407569e-04 	 3 3 7 5
     -6.20903532676851145633e-03 	 3 3 7 6
      1.27535484096945150867e-01 	 3 3 7 7
      3.50964145922538252320e-03 	 3 3 8 1
      2.59096413384735579574e-03 	 3 3 8 2
     -2.90853381115497473808e-02 	 3 3 8 3
      4.13037850290238865714e-03 	 3 3 8 4
      8.48991472861859372556e-04 	 3 3 8 5
      2.02371470341745820359e-03 	 3 3 8 6
     -1.65750367481029840973e-03 	 3 3 8 7
      1.41212170283348648070e-01 	 3 3 8 8
     -5.28012671446198220138e-03 	 4 1 1 1
      2.14367169096464638134e-03 	 4 1 2 1
      6.58250808044825476417e-03 	 4 1 2 2
      1.17355620381307153288e-03 	 4 1 3 1
      3.05915393976599852936e-04 	 4 1 3 2
     -4.55405324236659008602e-03 	 4 1 3 3
      1.72001739939036139490e-03 	 4 1 4 1
      1.06327061722658890684e-03 	 4 1 4 2
      3.37462958585198538868e-04 	 4 1 4 3
      5.70331766170126350929e-03 	 4 1 4 4
      3.54858462734677340602e-04 	 4 1 5 1
      2.41006394151063610496e-04 	 4 1 5 2
      4.47529383158781833389e-04 	 4 1 5 3
     -1.30235935587886923759e-04 	 4 1 5 4
      5.58666443253879457798e-03 	 4 1 5 5
     -7.58815179317441786642e-04 	 4 1 6 1
     -2.24563602840381290344e-04 	 4 1 6 2
     -2.48613056763485960454e-04 	 4 1 6 3
     -5.76098103969945539958e-04 	 4 1 6 4
     -1.86395207821795613800e-04 	 4 1 6 5
     -3.48861733937405518041e-03 	 4 1 6 6
      5.30676506440200322461e-04 	 4 1 7 1
      4.83723562620156223406e-04 	 4 1 7 2
      2.46429652059800246688e-04 	 4 1 7 3
     -9.19360882401928035910e-04 	 4 1 7 4
     -1.06032010703727282933e-04 	 4 1 7 5
     -6.88634679379840504952e-04 	 4 1 7 6
      6.18673917331571867478e-03 	 4 1 7 7
     -1.11209959916201868435e-03 	 4 1 8 1
     -8.51897675090085835549e-04 	 4 1 8 2
     -2.00300349526505655842e-04 	 4 1 8 3
      4.65197028158304489473e-05 	 4 1 8 4
      1.05273197518859708451e-03 	 4 1 8 5
      2.43826688456618177270e-04 	 4 1 8 6
     -1.73222240549076679560e-05 	 4 1 8 7
      4.24837936827893256769e-03 	 4 1 8 8
      5.06400099488148801676e-05 	 4 2 1 1
      3.88389593824075424200e-03 	 4 2 2 1
      3.73365160083354886977e-03 	 4 2 2 2
      5.78844429978575764420e-04 	 4 2 3 1
      8.04000092826660990065e-04 	 4 2 3 2
      6.63481835772337892251e-04 	 4 2 3 3
      1.06327061722660538672e-03 	 4 2 4 1
      5.50010715558188305330e-03 	 4 2 4 2
      3.47733156858883813434e-06 	 4 2 4 3
      4.96066393347084199500e-03 	 4 2 4 4
     -6.00054289568752800393e-06 	 4 2 5 1
      1.06462154302993695920e-03 	 4 2 5 2
     -4.29456717312447873100e-04 	 4 2 5 3
      3.06555776328541729724e-04 	 4 2 5 4
      8.32312093209931422311e-03 	 4 2 5 5
     -1.12053011781653062695e-03 	 4 2 6 1
     -5.14522396561874597112e-04 	 4 2 6 2
     -5.41406577551724354537e-04 	 4 2 6 3
      5.33781752489657706703e-04 	 4 2 6 4
      3.04605136891352530279e-04 	 4 2 6 5
     -2.57893075809823664121e-03 	 4 2 6 6
      2.10907519709351758217e-04 	 4 2 7 1
      2.96989264005834282482e-04 	 4 2 7 2
     -3.42635821449747675436e-04 	 4 2 7 3
      1.33781348097431249502e-04 	 4 2 7 4
      7.38957757594946133828e-04 	 4 2 7 5
      8.39982540770661725155e-04 	 4 2 7 6
      7.34589718469253957767e-03 	 4 2 7 7
     -8.54350346305000223936e-04 	 4 2 8 1
      3.02221689933313908752e-04 	 4 2 8 2
      5.38169052705509244963e-04 	 4 2 8 3
      7.41747894632144581968e-05 	 4 2 8 4
     -1.01950942864921533827e-03 	 4 2 8 5
     -1.18404872138319313454e-04 	 4 2 8 6
     -5.90040844108099724573e-04 	 4 2 8 7
      2.63002400694584744650e-04 	 4 2 8 8
      5.59784265716693936465e-03 	 4 3 1 1
     -1.14398918159564258988e-03 	 4 3 2 1
      3.35471358276538114337e-03 	 4 3 2 2
     -1.20796963928585182960e-03 	 4 3 3 1
     -2.22906287606453067714e-04 	 4 3 3 2
      8.04053600313668972999e-03 	 4 3 3 3
      3.37462958585196370464e-04 	 4 3 4 1
      3.47733156856784992846e-06 	 4 3 4 2
      7.87040195671795308335e-04 	 4 3 4 3
      1.49560153300858891985e-03 	 4 3 4 4
      3.80279059685585760914e-04 	 4 3 5 1
     -1.87492372250546400492e-04 	 4 3 5 2
      1.48434735306563684969e-03 	 4 3 5 3
     -4.64003184193629853848e-04 	 4 3 5 4
     -1.70878963031217880747e-03 	 4 3 5 5
      6.24322728440518479737e-04 	 4 3 6 1
      2.80249671661528091966e-04 	 4 3 6 2
      9.51453918004631078557e-04 	 4 3 6 3
     -1.13026087182378949525e-03 	 4 3 6 4
     -6.43994205719577604216e-04 	 4 3 6 5
      2.02808595989093691861e-03 	 4 3 6 6
      5.67381804265013143379e-04 	 4 3 7 1
     -1.38509974650425266062e-04 	 4 3 7 2
      8.39876376031243937134e-04 	 4 3 7 3
     -1.50372219474493662786e-03 	 4 3 7 4
     -6.78892370678606249523e-04 	 4 3 7 5
     -1.30896659728557294630e-03 	 4 3 7 6
     -1.86362820375954177723e-03 	 4 3 7 7
     -2.42554848151442845440e-04 	 4 3 8 1
      1.20518281226911902677e-04 	 4 3 8 2
     -1.21467635814498289143e-03 	 4 3 8 3
      4.98711834504054389930e-04 	 4 3 8 4
      1.33167260890672354418e-03 	 4 3 8 5
      5.45523189255964538989e-04 	 4 3 8 6
      3.41990758103713780782e-04 	 4 3 8 7
      5.76851156541980736661e-04 	 4 3 8 8
      1.88651272925016516568e-01 	 4 4 1 1
     -2.79332802311280103957e-03 	 4 4 2 1
      2.61638094334318505041e-01 	 4 4 2 2
     -1.09567561548910277422e-03 	 4 4 3 1
     -1.52856179698267289485e-03 	 4 4 3 2
      1.73245743658278911203e-01 	 4 4 3 3
      5.70331766170120366133e-03 	 4 4 4 1
      4.96066393347074831993e-03 	 4 4 4 2
      1.49560153300857092210e-03 	 4 4 4 3
      4.13879647617377721680e-01 	 4 4 4 4
      6.12190942331024712947e-04 	 4 4 5 1
      8.18210484933298907821e-04 	 4 4 5 2
      3.28939090989791699509e-04 	 4 4 5 3
     -4.11336204913497621716e-03 	 4 4 5 4
      1.72511527748512832892e-01 	 4 4 5 5
     -3.43274724007919208521e-03 	 4 4 6 1
      2.74373092568162531626e-03 	 4 4 6 2
     -4.19372322912619490895e-04 	 4 4 6 3
     -1.07264767406842955605e-02 	 4 4 6 4
      1.68286540248623441365e-03 	 4 4 6 5
      1.41216053790066770057e-01 	 4 4 6 6
      2.96412362134747383799e-03 	 4 4 7 1
     -6.95771594641157904715e-03 	 4 4 7 2
      3.33156561719824724499e-03 	 4 4 7 3
     -1.72527830805520657198e-02 	 4 4 7 4
     -3.50972639524023324181e-03 	 4 4 7 5
     -5.55156263415096037916e-03 	 4 4 7 6
      2.59081827121489194354e-01 	 4 4 7 7
     -4.25046759456976317587e-03 	 4 4 8 1
     -2.46783998842440058762e-04 	 4 4 8 2
     -1.83609647940381173932e-03 	 4 4 8 3
      8.25397048740714699144e-03 	 4 4 8 4
     -1.91951701002292490598e-03 	 4 4 8 5
      5.80323766044284097658e-04 	 4 4 8 6
      3.03131815156023947874e-04 	 4 4 8 7
      1.80003472168482364646e-01 	 4 4 8 8
      5.44093055601886557010e-03 	 5 1 1 1
     -4.68324410450129610672e-04 	 5 1 2 1
      3.68251561068904482640e-03 	 5 1 2 2
     -2.78102949871754942870e-04 	 5 1 3 1
     -2.18191977730277313725e-04 	 5 1 3 2
      5.91634012414571494251e-04 	 5 1 3 3
      3.54858462734685580538e-04 	 5 1 4 1
     -6.00054289566890852568e-06 	 5 1 4 2
      3.80279059685588634050e-04 	 5 1 4 3
      6.12190942331006932031e-04 	 5 1 4 4
      1.38649928075446613775e-03 	 5 1 5 1
      6.32180424317312279238e-04 	 5 1 5 2
      1.54668475245157998645e-03 	 5 1 5 3
      2.87827311600254686903e-05 	 5 1 5 4
      1.20366258943848617596e-03 	 5 1 5 5
      5.87397045196878168742e-04 	 5 1 6 1
      5.40324545769139936253e-05 	 5 1 6 2
      5.75591450709573800894e-04 	 5 1 6 3
     -7.90322242202307892120e-04 	 5 1 6 4
     -8.35931452988531603111e-04 	 5 1 6 5
      2.81653513669867993849e-03 	 5 1 6 6
      4.61196211680557340094e-04 	 5 1 7 1
      7.37671519273223939926e-05 	 5 1 7 2
      4.91690489056823172576e-04 	 5 1 7 3
     -1.28988365207640450633e-03 	 5 1 7 4
     -4.26636351029782430033e-04 	 5 1 7 5
     -1.13754135247207425682e-03 	 5 1 7 6
     -1.99081295216134538132e-04 	 5 1 7 7
     -5.28061320496033058218e-04 	 5 1 8 1
     -2.07521840710371362594e-04 	 5 1 8 2
     -1.05270763153456395865e-03 	 5 1 8 3
      2.77134593601412063200e-04 	 5 1 8 4
      1.48422939026254092042e-03 	 5 1 8 5
      5.67177652705912085755e-04 	 5 1 8 6
      2.99819084083978221102e-04 	 5 1 8 7
      2.96762614952853680597e-03 	 5 1 8 8
     -3.93557410629546532838e-03 	 5 2 1 1
      3.08492033917149742137e-03 	 5 2 2 1
     -7.08600475599078984817e-03 	 5 2 2 2
      4.87407826557489693049e-04 	 5 2 3 1
      5.74048719513106935237e-04 	 5 2 3 2
     -2.37423918330669078344e-03 	 5 2 3 3
      2.41006394151083017715e-04 	 5 2 4 1
      1.06462154302997794204e-03 	 5 2 4 2
     -1.87492372250542849730e-04 	 5 2 4 3
      8.18210484933270935405e-04 	 5 2 4 4
      6.32180424317308159270e-04 	 5 2 5 1
      2.37162362433361324082e-03 	 5 2 5 2
     -1.36104951528010593639e-03 	 5 2 5 3
      6.26967459346543633594e-04 	 5 2 5 4
     -2.78449249184462791634e-03 	 5 2 5 5
     -9.62649498831084178205e-04 	 5 2 6 1
     -6.24669092224001661420e-04 	 5 2 6 2
     -5.44753903329494573379e-04 	 5 2 6 3
      7.70225424965660133980e-04 	 5 2 6 4
      5.69628962765445683372e-04 	 5 2 6 5
     -3.94604537124594676595e-03 	 5 2 6 6
      7.35695164680239872433e-05 	 5 2 7 1
      7.01953092343659146995e-04 	 5 2 7 2
     -2.03822002985730519730e-04 	 5 2 7 3
      6.19607657913808168929e-04 	 5 2 7 4
      1.44179474719088288222e-03 	 5 2 7 5
      7.05034626676840519600e-04 	 5 2 7 6
      5.97920557862469115307e-03 	 5 2 7 7
     -4.84401351254928761239e-04 	 5 2 8 1
     -3.00559253934561468324e-04 	 5 2 8 2
      8.74936904215676170167e-04 	 5 2 8 3
     -6.73130011745841035954e-04 	 5 2 8 4
     -2.04531468979236462011e-03 	 5 2 8 5
     -1.38982826432603183593e-04 	 5 2 8 6
     -1.81716622837770731217e-04 	 5 2 8 7
     -6.95674868514512857731e-03 	 5 2 8 8
      1.15372644612076295789e-02 	 5 3 1 1
     -3.61233738933130566276e-03 	 5 3 2 1
      5.94418178797279182085e-03 	 5 3 2 2
     -3.47065427389198427957e-03 	 5 3 3 1
     -9.41157609753804822415e-04 	 5 3 3 2
      2.95615168158281926836e-02 	 5 3 3 3
      4.47529383158784977575e-04 	 5 3 4 1
     -4.29456717312444132603e-04 	 5 3 4 2
      1.48434735306563901809e-03 	 5 3 4 3
      3.28939090989777062780e-04 	 5 3 4 4
      1.54668475245157543280e-03 	 5 3 5 1
     -1.36104951528011461001e-03 	 5 3 5 2
      7.20616724330460072662e-03 	 5 3 5 3
     -9.72859361339545487823e-04 	 5 3 5 4
      3.04643251147406748588e-03 	 5 3 5 5
      2.00007863437770463250e-03 	 5 3 6 1
      7.47378301075124398117e-04 	 5 3 6 2
      2.79804363869015160562e-03 	 5 3 6 3
     -3.12608418990954631603e-03 	 5 3 6 4
     -2.46747387078879434549e-03 	 5 3 6 5
      6.21424492894694785461e-03 	 5 3 6 6
      1.13757162397326951932e-03 	 5 3 7 1
     -7.01445687924556705514e-04 	 5 3 7 2
      2.34101807905698604956e-03 	 5 3 7 3
     -4.80466645403011382437e-03 	 5 3 7 4
     -2.63563008610407430860e-03 	 5 3 7 5
     -3.91862443095796018216e-03 	 5 3 7 6
     -9.51743672270783692968e-03 	 5 3 7 7
     -6.83721378812280787193e-04 	 5 3 8 1
      8.48088462624638130677e-04 	 5 3 8 2
     -4.88840903715338868235e-03 	 5 3 8 3
      7.73305011692000513791e-04 	 5 3 8 4
      6.93080309906332625580e-03 	 5 3 8 5
      1.30815507579823062101e-03 	 5 3 8 6
      5.65590395501027799231e-04 	 5 3 8 7
      5.56173441373833572776e-03 	 5 3 8 8
      1.31532490154971171484e-03 	 5 4 1 1
      5.55788085295636099213e-04 	 5 4 2 1
      1.09185439214468907494e-03 	 5 4 2 2
      3.12159346911553307533e-04 	 5 4 3 1
      6.04515018260763203461e-05 	 5 4 3 2
      3.88926315864976260631e-04 	 5 4 3 3
     -1.30235935587902102589e-04 	 5 4 4 1
      3.06555776328514407829e-04 	 5 4 4 2
     -4.64003184193635545909e-04 	 5 4 4 3
     -4.11336204913495366575e-03 	 5 4 4 4
      2.87827311600345556598e-05 	 5 4 5 1
      6.26967459346555342978e-04 	 5 4 5 2
     -9.72859361339542343637e-04 	 5 4 5 3
      1.45858909677915884150e-03 	 5 4 5 4
     -3.19900788709901514467e-03 	 5 4 5 5
     -2.65777378251805067571e-04 	 5 4 6 1
     -1.41564934305037201569e-04 	 5 4 6 2
     -4.04028347060675677941e-04 	 5 4 6 3
      7.14252579836979826881e-04 	 5 4 6 4
      8.40252625988247340248e-04 	 5 4 6 5
      1.65064750239257945590e-03 	 5 4 6 6
     -3.02767849908073399812e-04 	 5 4 7 1
      1.83481687190099299230e-04 	 5 4 7 2
     -6.29470832752634782727e-04 	 5 4 7 3
      4.85715826860749744741e-04 	 5 4 7 4
      1.68850769418424904479e-03 	 5 4 7 5
      5.76153372932417407598e-04 	 5 4 7 6
      2.33958611527578051043e-03 	 5 4 7 7
     -1.43504685010230698469e-05 	 5 4 8 1
     -5.90870597362727601430e-04 	 5 4 8 2
      3.06178712589749463680e-04 	 5 4 8 3
     -5.80846076097569748511e-04 	 5 4 8 4
     -1.22088605561626031490e-03 	 5 4 8 5
     -3.44793151916060111855e-04 	 5 4 8 6
     -5.86589350133544435752e-04 	 5 4 8 7
     -3.26306677763415597503e-04 	 5 4 8 8
      1.50899238564053017608e-01 	 5 5 1 1
      2.03556172178294275676e-02 	 5 5 2 1
      1.98959077701850950426e-01 	 5 5 2 2
      9.92360891497830188701e-03 	 5 5 3 1
      2.50460829806117141194e-03 	 5 5 3 2
      1.19238191714705968338e-01 	 5 5 3 3
      5.58666443253883013981e-03 	 5 5 4 1
      8.32312093209933677451e-03 	 5 5 4 2
     -1.70878963031215300346e-03 	 5 5 4 3
      1.72511527748512832892e-01 	 5 5 4 4
      1.20366258943837905679e-03 	 5 5 5 1
     -2.78449249184480008765e-03 	 5 5 5 2
      3.04643251147401024001e-03 	 5 5 5 3
     -3.19900788709895616407e-03 	 5 5 5 4
      3.79520482740439979441e-01 	 5 5 5 5
     -8.14000602366465528248e-03 	 5 5 6 1
     -3.16221896656319499327e-03 	 5 5 6 2
     -7.13205105186684885227e-03 	 5 5 6 3
      6.62876736698394739000e-03 	 5 5 6 4
     -2.18350804177919795984e-03 	 5 5 6 5
      1.27527064130166484235e-01 	 5 5 6 6
     -1.87990561580889180109e-04 	 5 5 7 1
      5.98563153252390164893e-03 	 5 5 7 2
     -5.37010067307231060696e-03 	 5 5 7 3
      1.21226222212153841168e-02 	 5 5 7 4
     -4.11308245200923527224e-03 	 5 5 7 5
      9.51387920249549198792e-03 	 5 5 7 6
      2.09014493334195278207e-01 	 5 5 7 7
     -6.19172127429818992123e-03 	 5 5 8 1
     -7.35814409296223301965e-03 	 5 5 8 2
      6.31419052933608615508e-03 	 5 5 8 3
     -9.47714106533644102572e-04 	 5 5 8 4
      6.06412508762848787014e-03 	 5 5 8 5
     -1.86452023993188462613e-03 	 5 5 8 6
     -2.34228569885736384593e-03 	 5 5 8 7
      2.59055314679137560496e-01 	 5 5 8 8
      2.34907426181871457904e-02 	 6 1 1 1
     -5.01180304851393983168e-03 	 6 1 2 1
      2.02773990367494886394e-03 	 6 1 2 2
     -1.08638292462766034713e-03 	 6 1 3 1
     -1.09676650532305238611e-03 	 6 1 3 2
      7.56189551913382263654e-03 	 6 1 3 3
     -7.58815179317448725536e-04 	 6 1 4 1
     -1.12053011781656163513e-03 	 6 1 4 2
      6.24322728440517937636e-04 	 6 1 4 3
     -3.43274724007913960983e-03 	 6 1 4 4
      5.87397045196876542439e-04 	 6 1 5 1
     -9.62649498831092960242e-04 	 6 1 5 2
      2.00007863437770159673e-03 	 6 1 5 3
     -2.65777378251798237097e-04 	 6 1 5 4
     -8.14000602366467956861e-03 	 6 1 5 5
      7.72254905837532409918e-03 	 6 1 6 1
      9.88454839341282396475e-04 	 6 1 6 2
      2.76574424876383038324e-03 	 6 1 6 3
     -3.30390241253595206769e-03 	 6 1 6 4
     -1.66686636376186798729e-03 	 6 1 6 5
      3.72784887565245429131e-02 	 6 1 6 6
      2.75930573047399702816e-04 	 6 1 7 1
     -4.87289932368629530399e-04 	 6 1 7 2
      7.89707944046801838672e-04 	 6 1 7 3
     -1.76850051677222364424e-03 	 6 1 7 4
     -7.42516602048926151712e-04 	 6 1 7 5
     -3.46927727817884648878e-03 	 6 1 7 6
     -9.91959421120091472401e-03 	 6 1 7 7
      1.17861920200084411073e-03 	 6 1 8 1
      5.83615602510978610795e-04 	 6 1 8 2
     -1.74961589149126204266e-03 	 6 1 8 3
      7.13740211514012827358e-04 	 6 1 8 4
      2.50837896550878437785e-03 	 6 1 8 5
      1.20512295709510118373e-03 	 6 1 8 6
      3.08942792097918706926e-04 	 6 1 8 7
      1.09243317799430773689e-03 	 6 1 8 8
      6.93221994540303438487e-03 	 6 2 1 1
     -3.39178848106684973154e-03 	 6 2 2 1
      8.51997595272569428759e-03 	 6 2 2 2
     -1.09698052326279854585e-03 	 6 2 3 1
     -7.64391365832743445961e-04 	 6 2 3 2
      5.15205656460630736365e-03 	 6 2 3 3
     -2.24563602840382211916e-04 	 6 2 4 1
     -5.14522396561886198076e-04 	 6 2 4 2
      2.80249671661529230378e-04 	 6 2 4 3
      2.74373092568167085276e-03 	 6 2 4 4
      5.40324545769114118689e-05 	 6 2 5 1
     -6.24669092224007841373e-04 	 6 2 5 2
      7.47378301075121362351e-04 	 6 2 5 3
     -1.41564934305029395314e-04 	 6 2 5 4
     -3.16221896656323272351e-03 	 6 2 5 5
      9.88454839341288684848e-04 	 6 2 6 1
      9.91309093216796157963e-04 	 6 2 6 2
      7.98819111515709735435e-04 	 6 2 6 3
     -9.91964881386586021586e-04 	 6 2 6 4
     -4.27113000526893377053e-04 	 6 2 6 5
      8.19101639143648106722e-03 	 6 2 6 6
      2.17020002352857498042e-04 	 6 2 7 1
     -5.74591226345950935490e-04 	 6 2 7 2
      3.21764088674626877115e-04 	 6 2 7 3
     -7.97005714755962034815e-04 	 6 2 7 4
     -3.11232558369585856142e-04 	 6 2 7 5
     -9.41476666491157304292e-04 	 6 2 7 6
     -2.50680187370410810163e-03 	 6 2 7 7
      3.08142517561124835729e-04 	 6 2 8 1
      8.07151580004195046657e-04 	 6 2 8 2
     -7.35019974029693331542e-04 	 6 2 8 3
      5.82278062653821676387e-04 	 6 2 8 4
      7.54793381797135487163e-04 	 6 2 8 5
      2.22283119517629150627e-04 	 6 2 8 6
      5.91423982499998492145e-05 	 6 2 8 7
      1.52504842976376579246e-03 	 6 2 8 8
      1.53117782027556229019e-02 	 6 3 1 1
     -3.78733123349005119593e-03 	 6 3 2 1
      3.35375597862378827321e-03 	 6 3 2 2
     -2.76537932374009429518e-03 	 6 3 3 1
     -7.98607690056721622462e-04 	 6 3 3 2
      2.04625341760700379945e-02 	 6 3 3 3
     -2.48613056763487586757e-04 	 6 3 4 1
     -5.41406577551732269213e-04 	 6 3 4 2
      9.51453918004631078557e-04 	 6 3 4 3
     -4.19372322912601493139e-04 	 6 3 4 4
      5.75591450709572825112e-04 	 6 3 5 1
     -5.44753903329497067044e-04 	 6 3 5 2
      2.79804363869015073826e-03 	 6 3 5 3
     -4.04028347060673075856e-04 	 6 3 5 4
     -7.13205105186686880159e-03 	 6 3 5 5
      2.76574424876383298533e-03 	 6 3 6 1
      7.98819111515709735435e-04 	 6 3 6 2
      2.43931951118667470976e-03 	 6 3 6 3
     -2.46794698573493936217e-03 	 6 3 6 4
     -1.37118781676991716503e-03 	 6 3 6 5
      2.04626271307738263894e-02 	 6 3 6 6
      5.74048846104627621435e-04 	 6 3 7 1
     -5.43882268566597544372e-04 	 6 3 7 2
      1.36861488607193564418e-03 	 6 3 7 3
     -2.29265722265660021675e-03 	 6 3 7 4
     -8.69206167404671910595e-04 	 6 3 7 5
     -2.79582486671312155022e-03 	 6 3 7 6
     -7.12640576026659505748e-03 	 6 3 7 7
      2.52420826773049652558e-04 	 6 3 8 1
      5.45191195701632083138e-04 	 6 3 8 2
     -2.46700417872696906030e-03 	 6 3 8 3
      7.50485955446639186293e-04 	 6 3 8 4
      2.29418375281351463735e-03 	 6 3 8 5
      9.49486899840268198415e-04 	 6 3 8 6
      3.99849055932979141094e-04 	 6 3 8 7
     -4.24176556350618473665e-04 	 6 3 8 8
     -1.22242180334866858832e-02 	 6 4 1 1
      3.46800499485851176917e-03 	 6 4 2 1
     -7.67400237085579493834e-03 	 6 4 2 2
      1.74985199297184534049e-03 	 6 4 3 1
      7.35227842990819808501e-04 	 6 4 3 2
     -7.26714461744734033927e-03 	 6 4 3 3
     -5.76098103969951719910e-04 	 6 4 4 1
      5.33781752489674403417e-04 	 6 4 4 2
     -1.13026087182379361522e-03 	 6 4 4 3
     -1.07264767406843285202e-02 	 6 4 4 4
     -7.90322242202309843684e-04 	 6 4 5 1
      7.70225424965656230852e-04 	 6 4 5 2
     -3.12608418990954674971e-03 	 6 4 5 3
      7.14252579836973104828e-04 	 6 4 5 4
      6.62876736698396126779e-03 	 6 4 5 5
     -3.30390241253595857290e-03 	 6 4 6 1
     -9.91964881386589707873e-04 	 6 4 6 2
     -2.46794698573494283161e-03 	 6 4 6 3
      4.67986745919284682221e-03 	 6 4 6 4
      1.98138950381993852665e-03 	 6 4 6 5
     -2.90973706138744660221e-02 	 6 4 6 6
     -1.05191314213590528248e-03 	 6 4 7 1
      8.71649074750201636325e-04 	 6 4 7 2
     -1.45801007380197671787e-03 	 6 4 7 3
      4.20164980212770280965e-03 	 6 4 7 4
      1.25677403777001844842e-03 	 6 4 7 5
      4.88475756421577044647e-03 	 6 4 7 6
      6.30917806031391827787e-03 	 6 4 7 7
      1.95533089677741184773e-04 	 6 4 8 1
     -5.44823804834580109960e-04 	 6 4 8 2
      2.55459208701216923185e-03 	 6 4 8 3
     -9.79417086495942574437e-04 	 6 4 8 4
     -3.81127908616718654930e-03 	 6 4 8 5
     -1.21180693332879375890e-03 	 6 4 8 6
     -2.98394354923653241669e-04 	 6 4 8 7
     -1.83228948795684763728e-03 	 6 4 8 8
     -4.40687046553878657151e-03 	 6 5 1 1
      1.46560225312947819271e-03 	 6 5 2 1
     -1.82874356471816705560e-03 	 6 5 2 2
      7.91273105800432649017e-04 	 6 5 3 1
      3.22447511371797620062e-04 	 6 5 3 2
     -1.34758555172951547535e-03 	 6 5 3 3
     -1.86395207821799787978e-04 	 6 5 4 1
      3.04605136891344995074e-04 	 6 5 4 2
     -6.43994205719578254737e-04 	 6 5 4 3
      1.68286540248622530636e-03 	 6 5 4 4
     -8.35931452988546890362e-04 	 6 5 5 1
      5.69628962765423782488e-04 	 6 5 5 2
     -2.46747387078880388647e-03 	 6 5 5 3
      8.40252625988256013866e-04 	 6 5 5 4
     -2.18350804177927342031e-03 	 6 5 5 5
     -1.66686636376186863781e-03 	 6 5 6 1
     -4.27113000526893973365e-04 	 6 5 6 2
     -1.37118781676991846608e-03 	 6 5 6 3
      1.98138950381993592456e-03 	 6 5 6 4
      1.85458008799190584952e-03 	 6 5 6 5
     -1.65302502557605479616e-02 	 6 5 6 6
     -4.92132295221611314358e-04 	 6 5 7 1
      2.03666224390769824790e-04 	 6 5 7 2
     -8.42149571729989459071e-04 	 6 5 7 3
      1.66868991812384854199e-03 	 6 5 7 4
      1.70889443697762647388e-03 	 6 5 7 5
      2.34442546123041781550e-03 	 6 5 7 6
      5.37649008794563714603e-03 	 6 5 7 7
      2.44698805112100259765e-04 	 6 5 8 1
     -3.46514827941051570086e-04 	 6 5 8 2
      1.46119803353587972630e-03 	 6 5 8 3
     -5.91030433205387995682e-04 	 6 5 8 4
     -2.91443155963205455250e-03 	 6 5 8 5
     -8.39593834110053402822e-04 	 6 5 8 6
     -6.25941060982189651299e-04 	 6 5 8 7
     -3.34339301899499010198e-03 	 6 5 8 8
      3.07292272160429424943e-01 	 6 6 1 1
     -2.49964743323664168040e-02 	 6 6 2 1
      1.92326361277075141842e-01 	 6 6 2 2
     -7.56009245838249084593e-03 	 6 6 3 1
     -5.15156184232966850300e-03 	 6 6 3 2
      2.04507809141576984979e-01 	 6 6 3 3
     -3.48861733937408163495e-03 	 6 6 4 1
     -2.57893075809823924330e-03 	 6 6 4 2
      2.02808595989092347450e-03 	 6 6 4 3
      1.41216053790066686791e-01 	 6 6 4 4
      2.81653513669866649438e-03 	 6 6 5 1
     -3.94604537124598492986e-03 	 6 6 5 2
      6.21424492894693397682e-03 	 6 6 5 3
      1.65064750239258921372e-03 	 6 6 5 4
      1.27527064130166511990e-01 	 6 6 5 5
      3.72784887565243416852e-02 	 6 6 6 1
      8.19101639143648627139e-03 	 6 6 6 2
      2.04626271307737951644e-02 	 6 6 6 3
     -2.90973706138744313277e-02 	 6 6 6 4
     -1.65302502557605687783e-02 	 6 6 6 5
      6.55687854911303880101e-01 	 6 6 6 6
      5.84888002118521817090e-04 	 6 6 7 1
     -2.37245964210473260503e-03 	 6 6 7 2
      1.34341938506425001044e-03 	 6 6 7 3
     -8.48362437983310718054e-04 	 6 6 7 4
      2.17915304065173596332e-04 	 6 6 7 5
     -2.95486801850711605644e-02 	 6 6 7 6
      1.19231893912487840748e-01 	 6 6 7 7
      4.57586093389785331792e-03 	 6 6 8 1
     -6.41292633620356932432e-04 	 6 6 8 2
     -7.26592531862603474568e-03 	 6 6 8 3
      4.13039321526253739442e-03 	 6 6 8 4
      7.66968896899023616642e-03 	 6 6 8 5
      8.01299340193027155588e-03 	 6 6 8 6
     -3.95752079784250307155e-04 	 6 6 8 7
      1.73224142211909515332e-01 	 6 6 8 8
      5.42747233857799118995e-03 	 7 1 1 1
     -4.61135523106163578658e-04 	 7 1 2 1
      3.68272498657700375277e-03 	 7 1 2 2
     -5.84696115647881028976e-04 	 7 1 3 1
     -5.25852181936012201026e-05 	 7 1 3 2
      2.80883691794193632307e-03 	 7 1 3 3
      5.30676506440220705461e-04 	 7 1 4 1
      2.10907519709377020128e-04 	 7 1 4 2
      5.67381804265022467518e-04 	 7 1 4 3
      2.96412362134748814946e-03 	 7 1 4 4
      4.61196211680561947953e-04 	 7 1 5 1
      7.35695164680374449027e-05 	 7 1 5 2
      1.13757162397327754241e-03 	 7 1 5 3
     -3.02767849908104841675e-04 	 7 1 5 4
     -1.87990561580887879066e-04 	 7 1 5 5
      2.75930573047387126071e-04 	 7 1 6 1
      2.17020002352844623142e-04 	 7 1 6 2
      5.74048846104622092004e-04 	 7 1 6 3
     -1.05191314213589530782e-03 	 7 1 6 4
     -4.92132295221615434326e-04 	 7 1 6 5
      5.84888002118525503377e-04 	 7 1 6 6
      1.38622318635020329303e-03 	 7 1 7 1
      6.35625985309411331743e-04 	 7 1 7 2
      8.33074013581372734179e-04 	 7 1 7 3
     -1.48001178397290161434e-03 	 7 1 7 4
     -4.25336472793244450320e-04 	 7 1 7 5
     -1.54272833659989437941e-03 	 7 1 7 6
      1.20518500139584253637e-03 	 7 1 7 7
     -3.55430408513320505656e-04 	 7 1 8 1
      5.08402413067152181021e-06 	 7 1 8 2
     -7.88839561914331092486e-04 	 7 1 8 3
      2.75643324795709103101e-04 	 7 1 8 4
      1.28974620176286296214e-03 	 7 1 8 5
      3.79108132770566692935e-04 	 7 1 8 6
     -3.47559049205290081165e-05 	 7 1 8 7
      6.16552554617326594409e-04 	 7 1 8 8
     -3.92766453481207568343e-03 	 7 2 1 1
      3.08761729049567218777e-03 	 7 2 2 1
     -7.07600911542506736535e-03 	 7 2 2 2
      9.62697911865971066477e-04 	 7 2 3 1
      6.25280397787610011003e-04 	 7 2 3 2
     -3.94326450735294625760e-03 	 7 2 3 3
      4.83723562620173245380e-04 	 7 2 4 1
      2.96989264005816176305e-04 	 7 2 4 2
     -1.38509974650417026125e-04 	 7 2 4 3
     -6.95771594641154955685e-03 	 7 2 4 4
      7.37671519273212826853e-05 	 7 2 5 1
      7.01953092343679638417e-04 	 7 2 5 2
     -7.01445687924550850822e-04 	 7 2 5 3
      1.83481687190047420156e-04 	 7 2 5 4
      5.98563153252388777115e-03 	 7 2 5 5
     -4.87289932368642649246e-04 	 7 2 6 1
     -5.74591226345966981683e-04 	 7 2 6 2
     -5.43882268566603615904e-04 	 7 2 6 3
      8.71649074750216706735e-04 	 7 2 6 4
      2.03666224390766517974e-04 	 7 2 6 5
     -2.37245964210472956926e-03 	 7 2 6 6
      6.35625985309413933828e-04 	 7 2 7 1
      2.37114405909317257221e-03 	 7 2 7 2
     -5.66031692775006240945e-04 	 7 2 7 3
      2.03657728340358003608e-03 	 7 2 7 4
      1.44035612850773359246e-03 	 7 2 7 5
      1.35398280036823815027e-03 	 7 2 7 6
     -2.77867167502241938989e-03 	 7 2 7 7
     -2.45123932570881389141e-04 	 7 2 8 1
     -1.07025697766760519158e-03 	 7 2 8 2
      7.67187038079253738089e-04 	 7 2 8 3
     -6.74695645588073130219e-04 	 7 2 8 4
     -6.14457694124282468445e-04 	 7 2 8 5
     -1.86434070384784830645e-04 	 7 2 8 6
     -6.25940572094363595693e-04 	 7 2 8 7
      8.26442565455783473977e-04 	 7 2 8 8
      4.39819092470011222679e-03 	 7 3 1 1
     -1.46183688225365749497e-03 	 7 3 2 1
      1.82150287600628467237e-03 	 7 3 2 2
     -1.66376706116807453542e-03 	 7 3 3 1
     -4.25908527422001650497e-04 	 7 3 3 2
      1.65072620950337187185e-02 	 7 3 3 3
      2.46429652059809679247e-04 	 7 3 4 1
     -3.42635821449734936060e-04 	 7 3 4 2
      8.39876376031248599204e-04 	 7 3 4 3
      3.33156561719826199014e-03 	 7 3 4 4
      4.91690489056827400964e-04 	 7 3 5 1
     -2.03822002985723607941e-04 	 7 3 5 2
      2.34101807905699168741e-03 	 7 3 5 3
     -6.29470832752648443674e-04 	 7 3 5 4
     -5.37010067307230713751e-03 	 7 3 5 5
      7.89707944046793923996e-04 	 7 3 6 1
      3.21764088674620914003e-04 	 7 3 6 2
      1.36861488607193195789e-03 	 7 3 6 3
     -1.45801007380197021265e-03 	 7 3 6 4
     -8.42149571729990109592e-04 	 7 3 6 5
      1.34341938506424957676e-03 	 7 3 6 6
      8.33074013581376312046e-04 	 7 3 7 1
     -5.66031692775006132524e-04 	 7 3 7 2
      1.84787983431439141631e-03 	 7 3 7 3
     -2.90342878241665576858e-03 	 7 3 7 4
     -1.70579570043289524550e-03 	 7 3 7 5
     -2.45802221880857523634e-03 	 7 3 7 6
      2.17553765533072497249e-03 	 7 3 7 7
     -1.83896219548702395024e-04 	 7 3 8 1
      3.05785568255917785448e-04 	 7 3 8 2
     -1.97624715227985407739e-03 	 7 3 8 3
      5.90152950109441246790e-04 	 7 3 8 4
      1.66436443055381481405e-03 	 7 3 8 5
      6.41732870244068106386e-04 	 7 3 8 6
      8.33235972887977631614e-04 	 7 3 8 7
     -1.68129700525090734764e-03 	 7 3 8 8
     -6.64998439733664997026e-03 	 7 4 1 1
      3.82502071026435486525e-03 	 7 4 2 1
     -1.00106237278449871492e-02 	 7 4 2 2
      2.50628163829381359756e-03 	 7 4 3 1
      7.54293245211820530954e-04 	 7 4 3 2
     -7.66374654898479418241e-03 	 7 4 3 3
     -9.19360882401939311613e-04 	 7 4 4 1
      1.33781348097479794654e-04 	 7 4 4 2
     -1.50372219474494573516e-03 	 7 4 4 3
     -1.72527830805521038837e-02 	 7 4 4 4
     -1.28988365207638130440e-03 	 7 4 5 1
      6.19607657913824323541e-04 	 7 4 5 2
     -4.80466645403010254867e-03 	 7 4 5 3
      4.85715826860780427662e-04 	 7 4 5 4
      1.21226222212155142210e-02 	 7 4 5 5
     -1.76850051677220022547e-03 	 7 4 6 1
     -7.97005714755943061277e-04 	 7 4 6 2
     -2.29265722265659544626e-03 	 7 4 6 3
      4.20164980212767939088e-03 	 7 4 6 4
      1.66868991812384637359e-03 	 7 4 6 5
     -8.48362437983325571624e-04 	 7 4 6 6
     -1.48001178397291419109e-03 	 7 4 7 1
      2.03657728340356225516e-03 	 7 4 7 2
     -2.90342878241664579392e-03 	 7 4 7 3
      1.41351544877442864001e-02 	 7 4 7 4
      3.15663707507120912948e-03 	 7 4 7 5
      6.91438758533360637443e-03 	 7 4 7 6
     -6.06117389553229458238e-03 	 7 4 7 7
      1.04589433868495888802e-03 	 7 4 8 1
     -1.02781663878589936585e-03 	 7 4 8 2
      3.80716245684120831172e-03 	 7 4 8 3
     -1.07312391942265979682e-03 	 7 4 8 4
     -5.56921214211069607464e-03 	 7 4 8 5
     -1.32818032309236382961e-03 	 7 4 8 6
     -1.20242471787212687473e-03 	 7 4 8 7
      1.92279891339517555217e-03 	 7 4 8 8
     -9.72030384345768890854e-05 	 7 5 1 1
      1.80387378787620037031e-03 	 7 5 2 1
     -1.60906945763349801780e-03 	 7 5 2 2
      7.42368759265653148371e-04 	 7 5 3 1
      3.11740057421466365377e-04 	 7 5 3 2
      2.17545070750357427778e-04 	 7 5 3 3
     -1.06032010703693306748e-04 	 7 5 4 1
      7.38957757594998609213e-04 	 7 5 4 2
     -6.78892370678594540140e-04 	 7 5 4 3
     -3.50972639524026880364e-03 	 7 5 4 4
     -4.26636351029793814155e-04 	 7 5 5 1
      1.44179474719086466762e-03 	 7 5 5 2
     -2.63563008610407691068e-03 	 7 5 5 3
      1.68850769418425012899e-03 	 7 5 5 4
     -4.11308245200924568058e-03 	 7 5 5 5
     -7.42516602048922682265e-04 	 7 5 6 1
     -3.11232558369582766166e-04 	 7 5 6 2
     -8.69206167404671693755e-04 	 7 5 6 3
      1.25677403777001562950e-03 	 7 5 6 4
      1.70889443697763297909e-03 	 7 5 6 5
      2.17915304065172241079e-04 	 7 5 6 6
     -4.25336472793279036370e-04 	 7 5 7 1
      1.44035612850768870649e-03 	 7 5 7 2
     -1.70579570043290760541e-03 	 7 5 7 3
      3.15663707507125900278e-03 	 7 5 7 4
      4.77787203690942935408e-03 	 7 5 7 5
      2.63270091588328281410e-03 	 7 5 7 6
     -4.11518830357900187306e-03 	 7 5 7 7
      1.03512089445087900074e-04 	 7 5 8 1
     -7.41716467429916290893e-04 	 7 5 8 2
      1.25529762958021917467e-03 	 7 5 8 3
     -8.39313100842700352509e-04 	 7 5 8 4
     -3.15868921347904748828e-03 	 7 5 8 5
     -6.77931102939766951597e-04 	 7 5 8 6
     -1.68239566406211816900e-03 	 7 5 8 7
     -3.51104106098574196559e-03 	 7 5 8 8
     -1.15304778091537378504e-02 	 7 6 1 1
      3.60950197864481295978e-03 	 7 6 2 1
     -5.93604488929023749871e-03 	 7 6 2 2
      1.99759250538976765310e-03 	 7 6 3 1
      7.46503112576133668471e-04 	 7 6 3 2
     -6.20903532676850538480e-03 	 7 6 3 3
     -6.88634679379852864857e-04 	 7 6 4 1
      8.39982540770647630526e-04 	 7 6 4 2
     -1.30896659728558140308e-03 	 7 6 4 3
     -5.55156263415098379793e-03 	 7 6 4 4
     -1.13754135247207620839e-03 	 7 6 5 1
      7.05034626676835965951e-04 	 7 6 5 2
     -3.91862443095796538634e-03 	 7 6 5 3
      5.76153372932428683301e-04 	 7 6 5 4
      9.51387920249551106988e-03 	 7 6 5 5
     -3.46927727817884345302e-03 	 7 6 6 1
     -9.41476666491154051686e-04 	 7 6 6 2
     -2.79582486671311938181e-03 	 7 6 6 3
      4.88475756421576610966e-03 	 7 6 6 4
      2.34442546123041781550e-03 	 7 6 6 5
     -2.95486801850711189310e-02 	 7 6 6 6
     -1.54272833659989329520e-03 	 7 6 7 1
      1.35398280036824595653e-03 	 7 6 7 2
     -2.45802221880856873112e-03 	 7 6 7 3
      6.91438758533359943553e-03 	 7 6 7 4
      2.63270091588326459950e-03 	 7 6 7 5
      7.19058187379197424893e-03 	 7 6 7 6
     -3.03919096780441667580e-03 	 7 6 7 7
      4.41608278234848861208e-04 	 7 6 8 1
     -4.35761594834679238421e-04 	 7 6 8 2
      3.12191448732629947896e-03 	 7 6 8 3
     -7.72657707575015125813e-04 	 7 6 8 4
     -4.80367309570068571484e-03 	 7 6 8 5
     -1.47935211378034774110e-03 	 7 6 8 6
     -9.57524639724448289879e-04 	 7 6 8 7
     -3.26521248542203771942e-04 	 7 6 8 8
      1.50907467316252874578e-01 	 7 7 1 1
      2.03551463093161709439e-02 	 7 7 2 1
      1.98970012537728307978e-01 	 7 7 2 2
      8.13701406066578113163e-03 	 7 7 3 1
      3.16091677003118480885e-03 	 7 7 3 2
      1.27535484096945067600e-01 	 7 7 3 3
      6.18673917331573255257e-03 	 7 7 4 1
      7.34589718469254131239e-03 	 7 7 4 2
     -1.86362820375953440466e-03 	 7 7 4 3
      2.59081827121489471910e-01 	 7 7 4 4
     -1.99081295216161101086e-04 	 7 7 5 1
      5.97920557862466773430e-03 	 7 7 5 2
     -9.51743672270787335887e-03 	 7 7 5 3
      2.33958611527576836736e-03 	 7 7 5 4
      2.09014493334195222696e-01 	 7 7 5 5
     -9.91959421120093901014e-03 	 7 7 6 1
     -2.50680187370410593323e-03 	 7 7 6 2
     -7.12640576026658985331e-03 	 7 7 6 3
      6.30917806031393735983e-03 	 7 7 6 4
      5.37649008794565796271e-03 	 7 7 6 5
      1.19231893912487812992e-01 	 7 7 6 6
      1.20518500139581564816e-03 	 7 7 7 1
     -2.77867167502248530939e-03 	 7 7 7 2
      2.17553765533069634955e-03 	 7 7 7 3
     -6.06117389553219483578e-03 	 7 7 7 4
     -4.11518830357895503552e-03 	 7 7 7 5
     -3.03919096780443966088e-03 	 7 7 7 6
      3.79622649809465362303e-01 	 7 7 7 7
     -5.61183677891620782963e-03 	 7 7 8 1
     -8.34298680948649534761e-03 	 7 7 8 2
      6.61934747735876127805e-03 	 7 7 8 3
     -9.33106024910093688821e-04 	 7 7 8 4
     -1.21208786271102247206e-02 	 7 7 8 5
     -1.69287910290693080495e-03 	 7 7 8 6
      3.18173303470109048244e-03 	 7 7 8 7
      1.72528244606999336952e-01 	 7 7 8 8
      5.32054217514409469314e-03 	 8 1 1 1
     -2.15663781350354955696e-03 	 8 1 2 1
     -6.56817959728056306040e-03 	 8 1 2 2
     -7.64315848225195814195e-04 	 8 1 3 1
     -2.27180335913213941922e-04 	 8 1 3 2
      3.50964145922536864541e-03 	 8 1 3 3
     -1.11209959916201456438e-03 	 8 1 4 1
     -8.54350346305005211266e-04 	 8 1 4 2
     -2.42554848151441625713e-04 	 8 1 4 3
     -4.25046759456976144115e-03 	 8 1 4 4
     -5.28061320496004326860e-04 	 8 1 5 1
     -4.84401351254890868373e-04 	 8 1 5 2
     -6.83721378812265825203e-04 	 8 1 5 3
     -1.43504685010425109471e-05 	 8 1 5 4
     -6.19172127429805461279e-03 	 8 1 5 5
      1.17861920200084736333e-03 	 8 1 6 1
      3.08142517561131395153e-04 	 8 1 6 2
      2.52420826773054097786e-04 	 8 1 6 3
      1.95533089677735248766e-04 	 8 1 6 4
      2.44698805112098470831e-04 	 8 1 6 5
      4.57586093389785505264e-03 	 8 1 6 6
     -3.55430408513321644069e-04 	 8 1 7 1
     -2.45123932570876293391e-04 	 8 1 7 2
     -1.83896219548703994222e-04 	 8 1 7 3
      1.04589433868494219131e-03 	 8 1 7 4
      1.03512089445104176659e-04 	 8 1 7 5
      4.41608278234846855434e-04 	 8 1 7 6
     -5.61183677891617140043e-03 	 8 1 7 7
      1.72247771923796219248e-03 	 8 1 8 1
      1.06537675759492281649e-03 	 8 1 8 2
      5.70489980921944019217e-04 	 8 1 8 3
     -4.48692397588293538971e-05 	 8 1 8 4
     -9.13360089233067004057e-04 	 8 1 8 5
     -3.36161146834516085663e-04 	 8 1 8 6
     -1.25253145245181172649e-04 	 8 1 8 7
     -5.67701236770231775636e-03 	 8 1 8 8
     -3.02484055572978367767e-05 	 8 2 1 1
     -3.89829194902046932344e-03 	 8 2 2 1
     -3.67950360956738071333e-03 	 8 2 2 2
     -1.12458632498027804973e-03 	 8 2 3 1
     -5.18140368995473766384e-04 	 8 2 3 2
      2.59096413384732587176e-03 	 8 2 3 3
     -8.51897675090084209246e-04 	 8 2 4 1
      3.02221689933244248762e-04 	 8 2 4 2
      1.20518281226906820479e-04 	 8 2 4 3
     -2.46783998842352129965e-04 	 8 2 4 4
     -2.07521840710332927627e-04 	 8 2 5 1
     -3.00559253934498909859e-04 	 8 2 5 2
      8.48088462624656020013e-04 	 8 2 5 3
     -5.90870597362770861097e-04 	 8 2 5 4
     -7.35814409296202398547e-03 	 8 2 5 5
      5.83615602510968094034e-04 	 8 2 6 1
      8.07151580004193528774e-04 	 8 2 6 2
      5.45191195701638696772e-04 	 8 2 6 3
     -5.44823804834575989992e-04 	 8 2 6 4
     -3.46514827941057370567e-04 	 8 2 6 5
     -6.41292633620209914617e-04 	 8 2 6 6
      5.08402413068418156464e-06 	 8 2 7 1
     -1.07025697766755900457e-03 	 8 2 7 2
      3.05785568255926133805e-04 	 8 2 7 3
     -1.02781663878597070635e-03 	 8 2 7 4
     -7.41716467429877259615e-04 	 8 2 7 5
     -4.35761594834692682528e-04 	 8 2 7 6
     -8.34298680948636350863e-03 	 8 2 7 7
      1.06537675759491479340e-03 	 8 2 8 1
      5.50471887844296986492e-03 	 8 2 8 2
     -5.41156888034399481506e-04 	 8 2 8 3
     -6.92393717842081617012e-05 	 8 2 8 4
      1.45561853196420629489e-04 	 8 2 8 5
     -2.43751519719098679124e-06 	 8 2 8 6
      3.08568301751798519834e-04 	 8 2 8 7
     -4.90995207725566581991e-03 	 8 2 8 8
     -1.22229594439236446263e-02 	 8 3 1 1
      3.46646970720338983354e-03 	 8 3 2 1
     -7.67420534592553552772e-03 	 8 3 2 2
      3.30285689212118666741e-03 	 8 3 3 1
      9.90396034220207771917e-04 	 8 3 3 2
     -2.90853381115497508502e-02 	 8 3 3 3
     -2.00300349526502864022e-04 	 8 3 4 1
      5.38169052705510871266e-04 	 8 3 4 2
     -1.21467635814498354195e-03 	 8 3 4 3
     -1.83609647940380328254e-03 	 8 3 4 4
     -1.05270763153455550187e-03 	 8 3 5 1
      8.74936904215685819566e-04 	 8 3 5 2
     -4.88840903715338434554e-03 	 8 3 5 3
      3.06178712589745018451e-04 	 8 3 5 4
      6.31419052933613299261e-03 	 8 3 5 5
     -1.74961589149126182582e-03 	 8 3 6 1
     -7.35019974029689536835e-04 	 8 3 6 2
     -2.46700417872696559085e-03 	 8 3 6 3
      2.55459208701216446136e-03 	 8 3 6 4
      1.46119803353588081050e-03 	 8 3 6 5
     -7.26592531862603994985e-03 	 8 3 6 6
     -7.88839561914334236672e-04 	 8 3 7 1
      7.67187038079251461264e-04 	 8 3 7 2
     -1.97624715227985711316e-03 	 8 3 7 3
      3.80716245684120354123e-03 	 8 3 7 4
      1.25529762958022459568e-03 	 8 3 7 5
      3.12191448732630121368e-03 	 8 3 7 6
      6.61934747735877081903e-03 	 8 3 7 7
      5.70489980921944886579e-04 	 8 3 8 1
     -5.41156888034399373086e-04 	 8 3 8 2
      4.67865763559383810583e-03 	 8 3 8 3
     -9.78977565493654956416e-04 	 8 3 8 4
     -4.20555701180329311040e-03 	 8 3 8 5
     -1.12831653338205952462e-03 	 8 3 8 6
     -7.04772529206870159899e-04 	 8 3 8 7
     -1.07204130658002019100e-02 	 8 3 8 8
      5.58755202703706526507e-03 	 8 4 1 1
     -2.37862751705970138991e-03 	 8 4 2 1
      1.14034908907004392531e-02 	 8 4 2 2
     -7.14290015620019295810e-04 	 8 4 3 1
     -5.82549556751029849917e-04 	 8 4 3 2
      4.13037850290238345297e-03 	 8 4 3 3
      4.65197028158329087310e-05 	 8 4 4 1
      7.41747894632681262043e-05 	 8 4 4 2
      4.98711834504056124653e-04 	 8 4 4 3
      8.25397048740708801084e-03 	 8 4 4 4
      2.77134593601401438018e-04 	 8 4 5 1
     -6.73130011745855455843e-04 	 8 4 5 2
      7.73305011691993683318e-04 	 8 4 5 3
     -5.80846076097554894942e-04 	 8 4 5 4
     -9.47714106533697770579e-04 	 8 4 5 5
      7.13740211514020850454e-04 	 8 4 6 1
      5.82278062653823953211e-04 	 8 4 6 2
      7.50485955446640162075e-04 	 8 4 6 3
     -9.79417086495940189192e-04 	 8 4 6 4
     -5.91030433205384634655e-04 	 8 4 6 5
      4.13039321526251484301e-03 	 8 4 6 6
      2.75643324795726504545e-04 	 8 4 7 1
     -6.74695645588049386192e-04 	 8 4 7 2
      5.90152950109448294104e-04 	 8 4 7 3
     -1.07312391942267605985e-03 	 8 4 7 4
     -8.39313100842717374483e-04 	 8 4 7 5
     -7.72657707575019679462e-04 	 8 4 7 6
     -9.33106024910108000289e-04 	 8 4 7 7
     -4.48692397588245698551e-05 	 8 4 8 1
     -6.92393717841933894466e-05 	 8 4 8 2
     -9.78977565493656474299e-04 	 8 4 8 3
      1.67216526273938231352e-03 	 8 4 8 4
      1.07146276977546322899e-03 	 8 4 8 5
      4.98190903795427846891e-04 	 8 4 8 6
      5.79325545247424142717e-04 	 8 4 8 7
      8.23790262288660347922e-03 	 8 4 8 8
      6.65618825118614258068e-03 	 8 5 1 1
     -3.82588985329988112705e-03 	 8 5 2 1
      1.00203944221072972082e-02 	 8 5 2 2
     -1.76833276548758440774e-03 	 8 5 3 1
     -7.96021941196415673027e-04 	 8 5 3 2
      8.48991472861833026443e-04 	 8 5 3 3
      1.05273197518860163815e-03 	 8 5 4 1
     -1.01950942864925783900e-03 	 8 5 4 2
      1.33167260890672332733e-03 	 8 5 4 3
     -1.91951701002288175474e-03 	 8 5 4 4
      1.48422939026255870133e-03 	 8 5 5 1
     -2.04531468979233773189e-03 	 8 5 5 2
      6.93080309906333839887e-03 	 8 5 5 3
     -1.22088605561628113158e-03 	 8 5 5 4
      6.06412508762873593560e-03 	 8 5 5 5
      2.50837896550875141810e-03 	 8 5 6 1
      7.54793381797120308332e-04 	 8 5 6 2
      2.29418375281350683109e-03 	 8 5 6 3
     -3.81127908616716443158e-03 	 8 5 6 4
     -2.91443155963205281778e-03 	 8 5 6 5
      7.66968896899032290260e-03 	 8 5 6 6
      1.28974620176285905901e-03 	 8 5 7 1
     -6.14457694124269241179e-04 	 8 5 7 2
      1.66436443055381546458e-03 	 8 5 7 3
     -5.56921214211073770800e-03 	 8 5 7 4
     -3.15868921347903447785e-03 	 8 5 7 5
     -4.80367309570068918428e-03 	 8 5 7 6
     -1.21208786271101640053e-02 	 8 5 7 7
     -9.13360089233066678796e-04 	 8 5 8 1
      1.45561853196417837668e-04 	 8 5 8 2
     -4.20555701180329484512e-03 	 8 5 8 3
      1.07146276977545520590e-03 	 8 5 8 4
      1.41540680533217572840e-02 	 8 5 8 5
      1.50126305639589909501e-03 	 8 5 8 6
      4.70615815045062873406e-04 	 8 5 8 7
      1.72670122099491223089e-02 	 8 5 8 8
      5.58933194445079654933e-03 	 8 6 1 1
     -1.14029191625974937047e-03 	 8 6 2 1
      3.35035140623832520743e-03 	 8 6 2 2
     -6.22743946452221537602e-04 	 8 6 3 1
     -2.79232251526686007202e-04 	 8 6 3 2
      2.02371470341745733623e-03 	 8 6 3 3
      2.43826688456613921777e-04 	 8 6 4 1
     -1.18404872138321305675e-04 	 8 6 4 2
      5.45523189255962695846e-04 	 8 6 4 3
      5.80323766044292554435e-04 	 8 6 4 4
      5.67177652705901135313e-04 	 8 6 5 1
     -1.38982826432619202680e-04 	 8 6 5 2
      1.30815507579822498316e-03 	 8 6 5 3
     -3.44793151916053986113e-04 	 8 6 5 4
     -1.86452023993193059630e-03 	 8 6 5 5
      1.20512295709510291845e-03 	 8 6 6 1
      2.22283119517626738277e-04 	 8 6 6 2
      9.49486899840266572112e-04 	 8 6 6 3
     -1.21180693332878963893e-03 	 8 6 6 4
     -8.39593834110052643881e-04 	 8 6 6 5
      8.01299340193026461698e-03 	 8 6 6 6
      3.79108132770571951316e-04 	 8 6 7 1
     -1.86434070384780602257e-04 	 8 6 7 2
      6.41732870244072009513e-04 	 8 6 7 3
     -1.32818032309236513065e-03 	 8 6 7 4
     -6.77931102939772806289e-04 	 8 6 7 5
     -1.47935211378035056003e-03 	 8 6 7 6
     -1.69287910290693817753e-03 	 8 6 7 7
     -3.36161146834516953025e-04 	 8 6 8 1
     -2.43751519719313698438e-06 	 8 6 8 2
     -1.12831653338205887410e-03 	 8 6 8 3
      4.98190903795426654269e-04 	 8 6 8 4
      1.50126305639590820230e-03 	 8 6 8 5
      7.85284764713756969906e-04 	 8 6 8 6
      4.60449399424773132133e-04 	 8 6 8 7
      1.48571984663543334680e-03 	 8 6 8 8
     -1.33014836128808404923e-03 	 8 7 1 1
     -5.52874225193067067065e-04 	 8 7 2 1
     -1.11890972376157515726e-03 	 8 7 2 2
     -2.62707430160000817310e-04 	 8 7 3 1
     -1.40798520089466857458e-04 	 8 7 3 2
     -1.65750367481029190452e-03 	 8 7 3 3
     -1.73222240549070716448e-05 	 8 7 4 1
     -5.90040844108132684319e-04 	 8 7 4 2
      3.41990758103716111817e-04 	 8 7 4 3
      3.03131815156067370171e-04 	 8 7 4 4
      2.99819084083990093116e-04 	 8 7 5 1
     -1.81716622837754766340e-04 	 8 7 5 2
      5.65590395501033111822e-04 	 8 7 5 3
     -5.86589350133561349306e-04 	 8 7 5 4
     -2.34228569885736558065e-03 	 8 7 5 5
      3.08942792097917405883e-04 	 8 7 6 1
      5.91423982500036845796e-05 	 8 7 6 2
      3.99849055932979791615e-04 	 8 7 6 3
     -2.98394354923653892190e-04 	 8 7 6 4
     -6.25941060982186940793e-04 	 8 7 6 5
     -3.95752079784229165212e-04 	 8 7 6 6
     -3.47559049205315898729e-05 	 8 7 7 1
     -6.25940572094371076688e-04 	 8 7 7 2
      8.33235972887980016859e-04 	 8 7 7 3
     -1.20242471787212362212e-03 	 8 7 7 4
     -1.68239566406211057958e-03 	 8 7 7 5
     -9.57524639724452843528e-04 	 8 7 7 6
      3.18173303470109742133e-03 	 8 7 7 7
     -1.25253145245186512345e-04 	 8 7 8 1
      3.08568301751786918871e-04 	 8 7 8 2
     -7.04772529206871244101e-04 	 8 7 8 3
      5.79325545247416986983e-04 	 8 7 8 4
      4.70615815045039075169e-04 	 8 7 8 5
      4.60449399424774975277e-04 	 8 7 8 6
      1.45410195615921057979e-03 	 8 7 8 7
      4.08408288652163404403e-03 	 8 7 8 8
      1.88637226439013594437e-01 	 8 8 1 1
     -2.78784224373516877765e-03 	 8 8 2 1
      2.61615469529809518967e-01 	 8 8 2 2
      3.43480225267787714002e-03 	 8 8 3 1
     -2.74249101537994742842e-03 	 8 8 3 2
      1.41212170283348620314e-01 	 8 8 3 3
      4.24837936827894124131e-03 	 8 8 4 1
      2.63002400694540509202e-04 	 8 8 4 2
      5.76851156541976833533e-04 	 8 8 4 3
      1.80003472168482503424e-01 	 8 8 4 4
      2.96762614952855762265e-03 	 8 8 5 1
     -6.95674868514510429118e-03 	 8 8 5 2
      5.56173441373835480972e-03 	 8 8 5 3
     -3.26306677763458802960e-04 	 8 8 5 4
      2.59055314679137949074e-01 	 8 8 5 5
      1.09243317799425309310e-03 	 8 8 6 1
      1.52504842976373998845e-03 	 8 8 6 2
     -4.24176556350629044637e-04 	 8 8 6 3
     -1.83228948795683657842e-03 	 8 8 6 4
     -3.34339301899500528081e-03 	 8 8 6 5
      1.73224142211909709621e-01 	 8 8 6 6
      6.16552554617323124962e-04 	 8 8 7 1
      8.26442565455820878952e-04 	 8 8 7 2
     -1.68129700525089216881e-03 	 8 8 7 3
      1.92279891339507276980e-03 	 8 8 7 4
     -3.51104106098572808781e-03 	 8 8 7 5
     -3.26521248542225239146e-04 	 8 8 7 6
      1.72528244606999503485e-01 	 8 8 7 7
     -5.67701236770231949108e-03 	 8 8 8 1
     -4.90995207725562418655e-03 	 8 8 8 2
     -1.07204130658002227267e-02 	 8 8 8 3
      8.23790262288657225420e-03 	 8 8 8 4
      1.72670122099490216949e-02 	 8 8 8 5
      1.48571984663542814263e-03 	 8 8 8 6
      4.08408288652167481003e-03 	 8 8 8 7
      4.13772086208669009899e-01 	 8 8 8 8
 # Printing T + V integrals in spatial MO basis
     -2.46174170463037755852e+00 	 1 1 0 0
      2.11979922306096080220e-01 	 1 2 0 0
      2.11796112772466488261e-01 	 1 3 0 0
     -1.63795810504357292059e-02 	 1 4 0 0
     -5.39549206790681124685e-03 	 1 5 0 0
     -2.11790691123865060241e-01 	 1 6 0 0
     -5.36493997632499393380e-03 	 1 7 0 0
      1.62836200214187473700e-02 	 1 8 0 0
      2.11979922306057749770e-01 	 2 1 0 0
     -2.07800785308182023314e+00 	 2 2 0 0
      4.06031352037541162781e-02 	 2 3 0 0
     -1.56949373279576476214e-01 	 2 4 0 0
      3.60426220309073425119e-02 	 2 5 0 0
     -4.06154815865714183265e-02 	 2 6 0 0
      3.60230900450464949780e-02 	 2 7 0 0
      1.56800977627790466551e-01 	 2 8 0 0
      2.11796112772453221096e-01 	 3 1 0 0
      4.06031352037454634774e-02 	 3 2 0 0
     -2.27129212365324928413e+00 	 3 3 0 0
     -3.38656922849326358360e-02 	 3 4 0 0
     -4.78075759314645770681e-02 	 3 5 0 0
     -7.12756063435449060961e-02 	 3 6 0 0
     -1.44902934235617512210e-02 	 3 7 0 0
      5.00785015714967293721e-02 	 3 8 0 0
     -1.63795810504310523914e-02 	 4 1 0 0
     -1.56949373279600484787e-01 	 4 2 0 0
     -3.38656922849291941446e-02 	 4 3 0 0
     -1.81680416311840331467e+00 	 4 4 0 0
     -4.26511335406169842660e-03 	 4 5 0 0
      5.00848026640644400365e-02 	 4 6 0 0
     -1.10786870167061485271e-01 	 4 7 0 0
     -5.41097837492688707450e-02 	 4 8 0 0
     -5.39549206792072112704e-03 	 5 1 0 0
      3.60426220309041506207e-02 	 5 2 0 0
     -4.78075759314977449810e-02 	 5 3 0 0
     -4.26511335405614037258e-03 	 5 4 0 0
     -1.60164221862779965200e+00 	 5 5 0 0
      1.45434858484117489341e-02 	 5 6 0 0
      1.57780373249178616779e-02 	 5 7 0 0
      1.10775367321918880026e-01 	 5 8 0 0
     -2.11790691123860702616e-01 	 6 1 0 0
     -4.06154815865622242921e-02 	 6 2 0 0
     -7.12756063435424774832e-02 	 6 3 0 0
      5.00848026640823909550e-02 	 6 4 0 0
      1.45434858484140162177e-02 	 6 5 0 0
     -2.27125015579211320116e+00 	 6 6 0 0
      4.77695225996842345872e-02 	 6 7 0 0
     -3.38234442805201984683e-02 	 6 8 0 0
     -5.36493997631016031336e-03 	 7 1 0 0
      3.60230900450608446106e-02 	 7 2 0 0
     -1.44902934235633419624e-02 	 7 3 0 0
     -1.10786870167094264605e-01 	 7 4 0 0
      1.57780373249175841222e-02 	 7 5 0 0
      4.77695225996960654014e-02 	 7 6 0 0
     -1.60166789676412890664e+00 	 7 7 0 0
      4.33132498406451661721e-03 	 7 8 0 0
      1.62836200214151322063e-02 	 8 1 0 0
      1.56800977627737453401e-01 	 8 2 0 0
      5.00785015715001224912e-02 	 8 3 0 0
     -5.41097837492653943592e-02 	 8 4 0 0
      1.10775367321924569919e-01 	 8 5 0 0
     -3.38234442805149457256e-02 	 8 6 0 0
      4.33132498406467707913e-03 	 8 7 0 0
     -1.81665140151010806591e+00 	 8 8 0 0
 # Printing -1/2 \lambda \lambda q integrals in spatial MO basis
      0.00000000000000000000e+00 	 1 1 0 0
      0.00000000000000000000e+00 	 1 2 0 0
      0.00000000000000000000e+00 	 1 3 0 0
      0.00000000000000000000e+00 	 1 4 0 0
      0.00000000000000000000e+00 	 1 5 0 0
      0.00000000000000000000e+00 	 1 6 0 0
      0.00000000000000000000e+00 	 1 7 0 0
      0.00000000000000000000e+00 	 1 8 0 0
      0.00000000000000000000e+00 	 2 1 0 0
      0.00000000000000000000e+00 	 2 2 0 0
      0.00000000000000000000e+00 	 2 3 0 0
      0.00000000000000000000e+00 	 2 4 0 0
      0.00000000000000000000e+00 	 2 5 0 0
      0.00000000000000000000e+00 	 2 6 0 0
      0.00000000000000000000e+00 	 2 7 0 0
      0.00000000000000000000e+00 	 2 8 0 0
      0.00000000000000000000e+00 	 3 1 0 0
      0.00000000000000000000e+00 	 3 2 0 0
      0.00000000000000000000e+00 	 3 3 0 0
      0.00000000000000000000e+00 	 3 4 0 0
      0.00000000000000000000e+00 	 3 5 0 0
      0.00000000000000000000e+00 	 3 6 0 0
      0.00000000000000000000e+00 	 3 7 0 0
      0.00000000000000000000e+00 	 3 8 0 0
      0.00000000000000000000e+00 	 4 1 0 0
      0.00000000000000000000e+00 	 4 2 0 0
      0.00000000000000000000e+00 	 4 3 0 0
      0.00000000000000000000e+00 	 4 4 0 0
      0.00000000000000000000e+00 	 4 5 0 0
      0.00000000000000000000e+00 	 4 6 0 0
      0.00000000000000000000e+00 	 4 7 0 0
      0.00000000000000000000e+00 	 4 8 0 0
      0.00000000000000000000e+00 	 5 1 0 0
      0.00000000000000000000e+00 	 5 2 0 0
      0.00000000000000000000e+00 	 5 3 0 0
      0.00000000000000000000e+00 	 5 4 0 0
      0.00000000000000000000e+00 	 5 5 0 0
      0.00000000000000000000e+00 	 5 6 0 0
      0.00000000000000000000e+00 	 5 7 0 0
      0.00000000000000000000e+00 	 5 8 0 0
      0.00000000000000000000e+00 	 6 1 0 0
      0.00000000000000000000e+00 	 6 2 0 0
      0.00000000000000000000e+00 	 6 3 0 0
      0.00000000000000000000e+00 	 6 4 0 0
      0.00000000000000000000e+00 	 6 5 0 0
      0.00000000000000000000e+00 	 6 6 0 0
      0.00000000000000000000e+00 	 6 7 0 0
      0.00000000000000000000e+00 	 6 8 0 0
      0.00000000000000000000e+00 	 7 1 0 0
      0.00000000000000000000e+00 	 7 2 0 0
      0.00000000000000000000e+00 	 7 3 0 0
      0.00000000000000000000e+00 	 7 4 0 0
      0.00000000000000000000e+00 	 7 5 0 0
      0.00000000000000000000e+00 	 7 6 0 0
      0.00000000000000000000e+00 	 7 7 0 0
      0.00000000000000000000e+00 	 7 8 0 0
      0.00000000000000000000e+00 	 8 1 0 0
      0.00000000000000000000e+00 	 8 2 0 0
      0.00000000000000000000e+00 	 8 3 0 0
      0.00000000000000000000e+00 	 8 4 0 0
      0.00000000000000000000e+00 	 8 5 0 0
      0.00000000000000000000e+00 	 8 6 0 0
      0.00000000000000000000e+00 	 8 7 0 0
      0.00000000000000000000e+00 	 8 8 0 0
 # Printing \lambda mu integrals in spatial MO basis
      0.00000000000000000000e+00 	 1 1 0 0
      0.00000000000000000000e+00 	 1 2 0 0
      0.00000000000000000000e+00 	 1 3 0 0
      0.00000000000000000000e+00 	 1 4 0 0
      0.00000000000000000000e+00 	 1 5 0 0
      0.00000000000000000000e+00 	 1 6 0 0
      0.00000000000000000000e+00 	 1 7 0 0
      0.00000000000000000000e+00 	 1 8 0 0
      0.00000000000000000000e+00 	 2 1 0 0
      0.00000000000000000000e+00 	 2 2 0 0
      0.00000000000000000000e+00 	 2 3 0 0
      0.00000000000000000000e+00 	 2 4 0 0
      0.00000000000000000000e+00 	 2 5 0 0
      0.00000000000000000000e+00 	 2 6 0 0
      0.00000000000000000000e+00 	 2 7 0 0
      0.00000000000000000000e+00 	 2 8 0 0
      0.00000000000000000000e+00 	 3 1 0 0
      0.00000000000000000000e+00 	 3 2 0 0
      0.00000000000000000000e+00 	 3 3 0 0
      0.00000000000000000000e+00 	 3 4 0 0
      0.00000000000000000000e+00 	 3 5 0 0
      0.00000000000000000000e+00 	 3 6 0 0
      0.00000000000000000000e+00 	 3 7 0 0
      0.00000000000000000000e+00 	 3 8 0 0
      0.00000000000000000000e+00 	 4 1 0 0
      0.00000000000000000000e+00 	 4 2 0 0
      0.00000000000000000000e+00 	 4 3 0 0
      0.00000000000000000000e+00 	 4 4 0 0
      0.00000000000000000000e+00 	 4 5 0 0
      0.00000000000000000000e+00 	 4 6 0 0
      0.00000000000000000000e+00 	 4 7 0 0
      0.00000000000000000000e+00 	 4 8 0 0
      0.00000000000000000000e+00 	 5 1 0 0
      0.00000000000000000000e+00 	 5 2 0 0
      0.00000000000000000000e+00 	 5 3 0 0
      0.00000000000000000000e+00 	 5 4 0 0
      0.00000000000000000000e+00 	 5 5 0 0
      0.00000000000000000000e+00 	 5 6 0 0
      0.00000000000000000000e+00 	 5 7 0 0
      0.00000000000000000000e+00 	 5 8 0 0
      0.00000000000000000000e+00 	 6 1 0 0
      0.00000000000000000000e+00 	 6 2 0 0
      0.00000000000000000000e+00 	 6 3 0 0
      0.00000000000000000000e+00 	 6 4 0 0
      0.00000000000000000000e+00 	 6 5 0 0
      0.00000000000000000000e+00 	 6 6 0 0
      0.00000000000000000000e+00 	 6 7 0 0
      0.00000000000000000000e+00 	 6 8 0 0
      0.00000000000000000000e+00 	 7 1 0 0
      0.00000000000000000000e+00 	 7 2 0 0
      0.00000000000000000000e+00 	 7 3 0 0
      0.00000000000000000000e+00 	 7 4 0 0
      0.00000000000000000000e+00 	 7 5 0 0
      0.00000000000000000000e+00 	 7 6 0 0
      0.00000000000000000000e+00 	 7 7 0 0
      0.00000000000000000000e+00 	 7 8 0 0
      0.00000000000000000000e+00 	 8 1 0 0
      0.00000000000000000000e+00 	 8 2 0 0
      0.00000000000000000000e+00 	 8 3 0 0
      0.00000000000000000000e+00 	 8 4 0 0
      0.00000000000000000000e+00 	 8 5 0 0
      0.00000000000000000000e+00 	 8 6 0 0
      0.00000000000000000000e+00 	 8 7 0 0
      0.00000000000000000000e+00 	 8 8 0 0
 # Printing nuclear repulsion energy
     -2.99462688001770948176e+03 	 0 0 0 0
 # Printing photon energy
      1.36000000000000009770e-01 	 0 0 0 0
 # Printing lambda vector
  0.0000000000e+00, 0.0000000000e+00, 0.0000000000e+00 	 0 0 0 0
 # Printing RHF Electronic Dipole Moment
  -1.8181924864e+01, -3.0700665208e-01, -1.2200536140e+01 	 0 0 0 0
 # Printing Nuclear Dipole Moment
  1.6663693484e+01, 2.9034299937e-01, 1.3539775006e+01 	 0 0 0 0
